0.023
0.033
0.043
0.053
0.063
0.073
0.083
0.093
0.103
0.113
0.123
0.133
0.143
0.153
0.163
0.173
0.183
0.193
0.203
0.213
0.223	523.544	399.304	312.261	227.320
0.233	523.544	399.565	320.807	227.320
0.243	523.482	399.565	325.203	227.320
0.253	523.482	399.447	325.241	321.898
0.263	523.482	399.447	327.673	321.898
0.273	524.250	399.447	328.991	321.898
0.283	524.656	399.447	328.991	321.898
0.293	525.902	399.447	331.738	134.966
0.303	525.902	398.388	331.738	134.966
0.313	526.234	398.201	331.694	134.135
0.323	527.246	398.153	331.680	134.135
0.333	527.246	398.153	331.680	134.051
0.343	526.579	398.153	331.680	133.814
0.353	526.579	398.153	331.877	133.801
0.363	526.579	397.577	331.877	133.801
0.373	526.579	397.577	331.877	133.801
0.383	525.299	397.577	331.877	133.801
0.393	524.948	397.577	331.877	133.859
0.403	517.904	397.577	332.039	133.859
0.413	517.904	398.040	332.039	133.506
0.423	519.425	398.040	332.039	133.506
0.433	520.965	398.068	332.039	133.358
0.443	522.810	398.068	333.457	132.503
0.453	524.025	398.068	333.457	132.503
0.463	526.326	398.068	333.457	132.299
0.473	526.326	398.068	334.588	132.270
0.483	530.903	397.655	334.588	132.270
0.493	530.903	397.655	334.588	132.270
0.503	530.091	397.419	334.976	132.270
0.513	528.620	397.419	334.976	132.270
0.523	528.620	397.419	334.976	132.269
0.533	528.620	397.419	334.976	132.269
0.543	528.620	397.822	334.976	132.269
0.553	528.620	397.861	334.976	132.269
0.563	520.012	397.866	333.966	132.284
0.573	520.012	397.866	333.730	132.284
0.583	520.012	397.866	333.730	132.284
0.593	520.012	397.866	333.730	132.284
0.603	520.012	397.866	333.730	132.139
0.613	520.502	397.866	333.730	132.139
0.623	530.203	397.784	333.730	132.139
0.633	530.254	397.784	333.612	131.918
0.643	530.310	397.994	333.612	131.915
0.653	530.310	397.994	333.612	131.915
0.663	530.310	398.079	333.612	131.915
0.673	530.310	398.079	332.842	131.915
0.683	530.310	398.079	332.842	131.908
0.693	528.845	398.079	332.842	131.908
0.703	527.614	398.059	334.150	132.003
0.713	526.600	398.059	334.150	132.013
0.723	521.967	398.166	334.150	132.013
0.733	521.967	398.166	334.150	132.013
0.743	521.967	398.166	334.150	132.013
0.753	525.090	398.254	334.150	132.013
0.763	525.356	398.514	340.298	132.072
0.773	526.034	398.514	342.772	132.094
0.783	526.034	398.514	340.298	132.555
0.793	526.034	398.347	293.215	132.587
0.803	526.034	398.347	293.215	132.587
0.813	526.034	399.269	294.546	132.587
0.823	526.543	405.595	295.255	132.587
0.833	527.255	405.595	296.179	132.587
0.843	527.754	403.518	297.369	132.587
0.853	527.856	399.009	297.478	124.738
0.863	528.359	398.416	297.478	124.738
0.873	529.107	398.407	298.010	122.236
0.883	533.391	398.407	298.010	122.236
0.893	533.391	398.407	298.010	124.534
0.903	498.502	398.892	298.010	199.866
0.913	498.154	398.892	298.010	200.017
0.923	498.154	398.892	296.530	200.114
0.933	498.154	398.892	296.530	200.114
0.943	493.008	398.459	296.530	199.558
0.953	493.008	398.056	296.530	199.195
0.963	493.399	398.056	296.530	199.195
0.973	494.485	398.056	296.530	199.195
0.983	494.485	398.056	297.024	199.195
0.993	494.485	398.056	297.134	199.195
1.003	494.485	397.719	297.134	197.936
1.013	494.485	397.214	296.869	197.936
1.023	494.485	397.214	296.869	197.611
1.033	495.253	397.104	296.869	197.611
1.043	498.797	397.104	296.869	197.611
1.053	498.797	397.104	296.869	197.561
1.063	498.797	397.121	296.749	197.446
1.073	498.797	397.121	296.693	197.446
1.083	498.797	397.121	296.749	197.446
1.093	498.617	397.121	297.071	197.446
1.103	497.813	397.030	297.081	197.446
1.113	497.813	397.030	297.096	197.415
1.123	492.431	396.930	297.096	197.415
1.133	491.131	396.869	297.096	197.352
1.143	491.065	396.355	297.054	197.325
1.153	491.065	396.355	297.054	197.325
1.163	491.120	396.355	296.979	197.325
1.173	491.120	396.355	296.979	198.229
1.183	491.120	396.355	296.979	198.243
1.193	491.120	396.539	296.979	198.256
1.203	491.120	396.539	296.979	198.256
1.213	491.366	396.408	297.170	198.236
1.223	492.811	396.408	297.170	198.236
1.233	494.202	396.430	296.816	198.236
1.243	496.691	396.430	296.816	198.236
1.253	496.691	396.430	296.816	198.200
1.263	496.691	396.430	297.014	198.198
1.273	491.917	396.424	297.014	198.059
1.283	490.546	396.339	297.014	197.778
1.293	489.509	396.339	297.014	197.778
1.303	488.372	396.782	297.014	197.322
1.313	488.086	396.782	297.010	197.322
1.323	488.086	396.650	297.010	196.477
1.333	489.010	396.650	297.010	196.286
1.343	489.010	396.662	297.010	196.285
1.353	489.010	396.662	297.010	196.285
1.363	489.010	396.662	297.010	196.285
1.373	489.010	396.662	296.837	196.285
1.383	491.144	396.662	296.837	196.285
1.393	491.144	396.605	296.837	196.450
1.403	492.810	396.605	296.837	196.793
1.413	493.051	397.083	296.325	197.260
1.423	493.451	398.357	296.276	197.731
1.433	493.709	404.383	296.276	198.639
1.443	493.796	404.529	296.276	198.639
1.453	494.423	404.529	296.276	198.836
1.463	494.423	401.456	296.276	198.836
1.473
1.483
1.493	438.657	376.281	302.832	148.211
1.503	438.894	376.474	302.832	149.069
1.513	438.894	376.740	302.832	149.137
1.523	438.940	376.819	293.004	149.137
1.533	439.082	376.819	293.004	149.078
1.543	439.082	376.819	293.985	149.078
1.553	439.082	376.819	295.336	148.513
1.563	439.017	376.819	295.956	148.351
1.573	439.017	377.048	295.956	148.312
1.583	439.063	377.048	296.477	148.256
1.593	439.077	377.048	296.477	148.244
1.603	439.077	377.048	295.971	148.244
1.613	438.974	377.048	295.971	148.244
1.623	438.974	377.048	295.971	148.244
1.633	438.889	376.673	295.971	148.244
1.643	438.831	376.673	295.971	148.080
1.653	438.831	376.673	295.239	148.080
1.663	439.037	376.185	295.239	148.080
1.673	439.054	375.769	295.239	147.996
1.683	439.128	375.750	295.289	147.996
1.693	439.146	375.750	295.289	147.996
1.703	439.188	375.750	295.289	147.996
1.713	439.188	375.750	295.361	147.996
1.723	439.147	375.750	297.448	147.996
1.733	439.114	375.627	297.448	148.017
1.743	439.114	375.627	297.448	148.017
1.753	439.114	375.627	297.448	148.017
1.763	439.114	375.627	297.448	147.712
1.773	439.134	375.562	297.448	147.712
1.783	439.134	375.562	300.480	147.712
1.793	439.108	375.684	302.819	147.821
1.803	439.108	375.789	302.819	147.821
1.813	439.108	375.789	262.230	147.821
1.823	439.108	375.789	262.145	147.821
1.833	439.183	375.789	262.145	147.821
1.843	439.217	375.770	262.487	147.821
1.853	439.217	375.770	262.487	147.844
1.863	439.217	375.770	262.487	147.844
1.873	439.217	375.770	262.487	147.553
1.883	439.217	375.770	264.051	147.553
1.893	439.169	375.629	264.051	147.553
1.903	439.169	375.593	263.880	147.553
1.913	439.169	375.593	263.880	147.553
1.923	439.146	376.780	263.880	147.553
1.933	439.081	376.780	263.880	147.553
1.943	439.030	376.780	263.832	147.627
1.953	439.002	376.909	263.105	147.716
1.963	438.935	377.906	263.105	148.329
1.973	438.935	378.720	263.105	148.329
1.983	439.138	378.720	263.105	148.329
1.993	439.569	378.720	263.826	148.329
2.003	439.569	378.636	263.826	148.329
2.013	440.537	371.209	263.826	148.176
2.023	439.520	371.209	263.826	147.818
2.033
2.043
2.053
2.063
2.073
2.083	390.646	296.113	264.025	98.557
2.093	390.646	296.371	264.025	98.684
2.103	390.589	296.660	246.251	98.684
2.113	390.589	296.660	246.251	98.667
2.123	387.614	296.660	246.885	98.576
2.133	386.973	296.660	247.196	98.576
2.143	386.973	296.963	248.473	98.588
2.153	387.609	296.963	248.473	98.601
2.163	387.609	296.963	248.473	98.630
2.173	387.609	296.963	249.369	98.655
2.183	387.609	296.963	249.489	98.655
2.193	388.049	295.365	249.489	98.655
2.203	390.275	295.239	249.489	98.655
2.213	392.528	295.239	249.489	98.655
2.223	392.528	295.239	249.182	98.655
2.233	394.970	295.239	249.182	98.655
2.243	394.970	295.188	249.182	98.548
2.253	394.984	295.188	249.182	98.316
2.263	394.984	295.188	249.182	98.314
2.273	394.984	295.188	248.584	98.312
2.283	394.984	295.417	248.565	98.312
2.293	394.984	295.480	248.565	98.312
2.303	392.114	295.480	248.565	98.341
2.313	392.114	295.505	248.565	98.341
2.323	386.421	295.505	248.483	98.341
2.333	386.421	295.505	247.250	98.341
2.343	386.421	295.505	247.250	98.341
2.353	391.570	295.728	247.132	98.008
2.363	391.570	295.920	247.132	98.000
2.373	391.570	295.920	247.132	98.000
2.383	391.570	295.920	247.499	98.000
2.393	394.431	295.920	247.499	98.000
2.403	394.431	295.920	247.499	98.149
2.413	394.431	296.120	247.867	98.152
2.423	393.982	296.120	247.867	98.152
2.433	393.982	296.152	247.867	98.152
2.443	393.982	296.152	247.867	98.152
2.453	393.982	296.262	247.304	98.144
2.463	393.982	296.262	247.304	98.055
2.473	393.596	296.262	247.304	98.055
2.483	387.509	296.262	247.304	98.055
2.493	386.518	296.193	247.304	98.055
2.503	386.518	296.193	247.040	98.102
2.513	387.588	296.446	247.040	98.104
2.523	387.588	296.446	247.040	98.365
2.533	387.588	296.386	247.040	98.385
2.543	387.588	296.386	247.040	98.385
2.553	387.588	296.432	247.040	98.385
2.563	392.905	296.432	246.947	98.385
2.573	395.982	296.432	246.839	98.385
2.583	395.982	296.432	246.839	98.377
2.593	395.982	296.432	246.839	98.377
2.603	396.069	296.432	246.839	98.228
2.613	396.069	296.387	246.839	98.228
2.623	396.069	296.387	247.025	98.228
2.633	396.069	296.387	247.025	98.228
2.643	394.634	296.654	247.025	98.228
2.653	394.634	296.654	247.529	98.187
2.663	394.634	296.654	247.529	97.757
2.673	386.966	296.764	247.529	97.757
2.683	386.966	296.764	247.529	97.757
2.693	386.966	296.764	247.529	97.508
2.703	386.966	296.684	247.529	97.508
2.713	386.966	296.680	247.853	97.508
2.723	386.966	296.680	248.103	97.533
2.733	387.405	296.680	248.103	97.533
2.743	394.245	296.680	248.215	97.533
2.753	394.245	296.669	248.215	97.533
2.763	394.245	296.669	248.256	97.533
2.773	396.493	296.659	248.256	97.536
2.783	396.493	296.659	248.256	97.866
2.793	396.493	296.659	248.256	97.870
2.803	396.493	296.675	248.256	97.870
2.813	396.493	296.675	247.764	97.870
2.823	394.156	296.747	247.764	97.870
2.833	394.156	296.747	247.764	97.882
2.843	394.156	296.683	247.345	97.975
2.853	391.405	296.683	247.345	97.975
2.863	386.649	296.683	246.773	97.975
2.873	386.649	296.683	246.773	97.975
2.883	387.070	296.683	246.773	98.226
2.893	387.070	296.683	246.935	98.278
2.903	387.070	296.535	246.935	98.303
2.913	387.070	296.484	246.935	98.303
2.923	391.510	296.484	246.935	98.303
2.933	391.510	296.484	246.935	98.303
2.943	391.510	296.650	246.882	98.303
2.953	391.510	296.650	246.882	98.294
2.963	394.967	296.650	247.219	98.229
2.973	394.967	296.650	247.314	98.128
2.983	394.884	296.631	247.314	98.105
2.993	394.884	296.631	247.314	97.893
3.003	394.884	296.631	247.314	97.566
3.013	394.884	296.631	247.314	97.566
3.023	393.750	296.659	247.314	97.590
3.033	393.750	296.659	247.238	97.590
3.043	390.728	296.659	246.918	97.590
3.053	386.455	296.659	246.918	97.590
3.063	386.455	296.898	246.918	97.601
3.073	387.692	296.898	246.616	97.673
3.083	387.692	296.898	246.616	97.840
3.093	387.692	297.093	246.616	98.405
3.103	387.692	297.120	246.616	98.468
3.113	387.692	297.405	246.378	98.479
3.123	389.022	297.405	246.378	98.487
3.133	397.288	297.405	246.378	98.487
3.143	397.288	297.405	247.174	98.383
3.153	397.288	297.573	247.174	98.378
3.163	397.288	297.695	247.174	98.378
3.173	397.288	297.969	247.174	98.378
3.183	396.862	298.724	248.268	98.378
3.193	396.862	299.326	248.268	98.363
3.203	396.862	300.138	248.268	98.363
3.213	396.862	316.893	248.268	98.616
3.223	396.862	316.893	248.341	98.616
3.233	396.702	316.893	248.341	98.616
3.243	396.702	326.501	248.341	98.616
3.253	395.721	326.501	248.341	98.616
3.263	395.334	332.977	248.341	98.666
3.273	395.334	332.977	248.345	98.667
3.283	397.821	332.786	248.393	98.677
3.293	397.821	332.671	250.045	99.586
3.303	396.580	332.454	251.158	100.237
3.313	396.091	332.454	251.908	134.714
3.323	396.091	332.731	260.177	134.714
3.333	396.091	332.782	260.527	134.714
3.343	396.091	332.782	260.831	133.249
3.353	396.156	332.714	261.415	133.249
3.363	396.987	332.714	261.415	133.003
3.373	396.987	332.714	261.415	132.774
3.383	396.983	332.714	261.415	132.774
3.393	396.983	332.714	261.415	132.774
3.403	396.983	332.714	263.037	132.774
3.413	396.629	332.780	263.037	132.774
3.423	396.629	332.619	262.648	132.028
3.433	396.629	332.619	262.648	132.028
3.443	396.827	332.619	262.648	132.028
3.453	396.827	332.778	262.648	132.028
3.463	396.827	332.778	262.648	132.028
3.473	396.827	332.778	261.744	132.028
3.483	396.827	332.778	261.744	132.028
3.493	397.276	332.778	261.744	132.028
3.503	397.276	332.778	261.744	131.605
3.513	396.637	332.681	261.744	131.605
3.523	396.637	332.681	264.415	131.640
3.533	397.072	333.157	264.571	131.640
3.543	397.355	333.157	264.903	131.640
3.553	397.618	333.157	264.903	131.640
3.563	397.618	333.157	264.903	131.640
3.573	397.618	333.157	264.903	131.638
3.583	397.736	295.533	265.341	131.579
3.593	397.736	295.533	270.235	131.411
3.603	397.736	295.743	270.235	131.338
3.613	397.736	295.867	238.859	131.338
3.623	397.802	295.867	235.234	131.275
3.633	397.890	295.867	235.234	131.269
3.643	397.934	295.973	235.869	131.269
3.653	397.934	295.973	236.290	131.269
3.663	397.934	295.997	236.804	131.269
3.673	397.934	295.997	236.824	131.203
3.683	397.934	295.997	236.937	131.113
3.693	397.774	295.997	236.937	131.113
3.703	397.774	295.997	236.811	131.113
3.713	397.774	295.623	236.332	131.113
3.723	397.922	295.623	236.332	131.158
3.733	397.922	295.623	236.332	131.158
3.743	397.922	295.623	236.332	131.158
3.753	397.922	295.638	236.332	131.158
3.763	397.922	295.638	235.797	131.158
3.773	397.404	295.876	235.756	131.044
3.783	397.017	295.876	235.756	130.956
3.793	396.862	295.876	235.756	130.956
3.803	396.182	296.028	235.756	130.956
3.813	395.437	296.327	235.756	130.956
3.823	395.341	296.327	235.752	131.066
3.833	394.828	296.705	235.752	131.066
3.843	394.828	296.849	235.859	131.066
3.853	413.097	300.136	236.604	131.134
3.863	414.768	300.136	236.604	131.134
3.873	439.307	300.136	236.604	131.134
3.883	442.606	300.136	236.604	175.785
3.893	442.823	300.136	236.604	176.360
3.903	442.670	297.690	237.097	176.696
3.913	442.751	265.509	238.244	177.698
3.923	442.751	265.509	238.244	177.698
3.933	442.751	265.726	232.763	177.326
3.943	442.751	265.726	220.470	177.184
3.953	442.751	265.726	220.470	177.137
3.963	443.102	265.726	220.799	177.137
3.973	443.102	265.455	220.928	177.137
3.983	443.102	265.441	221.020	177.137
3.993	443.601	265.441	221.196	176.583
4.003	443.601	265.441	221.279	176.583
4.013	443.601	265.441	221.343	176.583
4.023	443.601	265.441	221.357	176.407
4.033	443.601	265.460	221.357	176.407
4.043	443.601	265.460	221.357	176.507
4.053	444.193	265.460	221.357	176.507
4.063	444.193	265.460	221.357	176.633
4.073	443.554	265.510	220.845	176.694
4.083	443.554	265.510	220.845	176.694
4.093	443.014	265.510	220.686	176.694
4.103	443.014	265.510	220.686	176.694
4.113	443.014	265.510	220.809	176.694
4.123	443.014	265.390	220.809	176.832
4.133	443.014	265.328	220.809	176.918
4.143	442.297	265.328	220.809	176.998
4.153	442.297	265.439	220.809	176.998
4.163	442.297	265.439	220.982	167.189
4.173	442.297	265.439	221.104	167.189
4.183	441.981	265.439	221.132	167.189
4.193	441.981	265.439	221.669	167.152
4.203	441.981	265.530	222.383	167.030
4.213	441.981	265.530	222.383	166.874
4.223	441.981	265.530	194.997	166.755
4.233	441.790	265.530	194.997	166.755
4.243	441.790	265.530	195.208	166.755
4.253	441.790	265.529	196.145	166.755
4.263	441.790	265.314	196.238	166.755
4.273	441.790	265.314	196.607	166.288
4.283	436.903	265.314	196.673	166.288
4.293	433.665	265.314	196.673	166.288
4.303	433.665	265.314	196.532	166.288
4.313	433.665	265.701	196.532	165.899
4.323	433.665	265.701	196.532	165.899
4.333	431.742	265.457	195.963	165.899
4.343	431.204	265.457	195.905	166.213
4.353	428.691	265.743	195.905	166.213
4.363	424.850	265.743	195.905	166.213
4.373	420.804	265.743	195.905	166.213
4.383	417.718	265.743	196.186	166.213
4.393	417.718	265.743	196.186	166.259
4.403	480.607	265.839	196.186	166.259
4.413	480.607	265.839	196.316	166.315
4.423	480.607	265.839	196.316	166.364
4.433	480.607	265.839	196.316	166.396
4.443	480.607	266.231	196.316	166.423
4.453	490.460	293.756	196.316	166.423
4.463	491.396	293.756	196.316	148.140
4.473	492.282	293.756	196.316	148.140
4.483	493.786	295.587	196.482	148.136
4.493	494.068	295.852	196.845	148.136
4.503	494.068	295.733	196.845	147.999
4.513	495.043	295.852	196.693	147.792
4.523	495.043	295.864	177.818	147.639
4.533	495.043	295.954	177.117	147.519
4.543	495.043	296.081	177.108	147.389
4.553	495.043	296.081	177.108	147.334
4.563	496.559	296.316	177.541	147.212
4.573	496.559	296.316	177.541	147.212
4.583	495.378	296.292	177.541	147.141
4.593	495.378	296.292	177.541	147.141
4.603	493.081	296.292	177.541	147.141
4.613	492.189	296.292	177.881	147.141
4.623	492.189	296.292	177.881	147.176
4.633	491.419	296.031	177.847	147.177
4.643	491.419	296.031	177.645	147.177
4.653	491.419	295.725	177.613	147.177
4.663	491.419	295.648	177.525	147.177
4.673	491.419	295.648	177.525	147.177
4.683	491.419	295.648	177.525	147.146
4.693	493.297	295.648	177.525	146.963
4.703	493.297	295.648	177.525	146.963
4.713	495.047	295.857	177.525	146.951
4.723	498.931	295.857	177.544	146.416
4.733	498.931	295.857	177.752	146.416
4.743	498.931	295.857	177.752	146.416
4.753	498.931	295.944	177.741	146.416
4.763	498.931	295.944	177.741	146.474
4.773	493.318	295.944	177.902	146.474
4.783	492.767	295.903	177.913	146.474
4.793	492.703	295.903	177.913	146.474
4.803	492.703	295.903	177.913	146.363
4.813	492.703	295.903	177.913	146.363
4.823	492.703	295.903	177.736	146.363
4.833	492.703	295.903	177.736	146.157
4.843	492.703	295.911	177.736	146.117
4.853	493.364	295.911	177.736	146.117
4.863	494.539	295.911	177.736	146.122
4.873	494.959	295.911	177.672	146.122
4.883	496.324	295.985	177.672	146.122
4.893	496.324	295.985	177.672	146.122
4.903	496.324	295.959	177.672	146.122
4.913	495.488	295.839	177.672	146.394
4.923	495.488	295.839	177.760	146.394
4.933	495.488	295.839	177.760	146.420
4.943	495.488	295.839	177.760	146.420
4.953	495.488	295.839	177.760	146.420
4.963	495.355	296.099	177.687	146.420
4.973	495.355	296.099	177.687	146.420
4.983	496.049	296.099	177.887	146.421
4.993	499.182	296.099	177.887	146.440
5.003	513.276	296.730	177.887	146.492
5.013	513.276	296.730	177.887	146.734
5.023	513.276	296.730	177.971	146.854
5.033	519.922	296.730	178.007	147.062
5.043	525.988	296.852	178.075	147.210
5.053	527.413	296.899	178.075	147.622
5.063	527.413	297.404	178.075	147.210
5.073	527.413	298.677	178.075	135.068
5.083	527.413	314.499	178.079	135.068
5.093	527.413	314.499	178.079	132.317
5.103
5.113	519.065	332.489	179.718	131.662
5.123	519.065	332.507	196.582	131.662
5.133	518.593	332.514	196.831	131.662
5.143	518.593	332.514	197.361	131.662
5.153	521.138	332.514	197.750	131.662
5.163	523.447	332.514	197.750	131.102
5.173	523.918	332.420	197.750	130.941
5.183	525.044	332.420	197.750	130.864
5.193	525.044	332.420	197.750	130.864
5.203	525.044	332.420	198.051	130.853
5.213	525.044	332.420	198.113	130.788
5.223	525.044	332.420	198.113	130.788
5.233	522.426	331.792	198.113	130.788
5.243	522.426	331.452	197.855	130.788
5.253	526.274	331.452	197.855	130.955
5.263	526.327	331.320	197.935	130.955
5.273	526.327	331.320	197.935	130.955
5.283	526.327	331.367	197.795	130.955
5.293	526.327	331.367	197.795	130.946
5.303	526.152	331.367	197.795	130.846
5.313	525.012	331.367	197.795	130.208
5.323	520.121	331.367	197.876	130.208
5.333	520.121	331.332	198.064	130.208
5.343	520.121	331.332	198.064	130.208
5.353	522.274	331.394	197.908	130.208
5.363	522.579	331.394	197.890	130.208
5.373	522.579	331.394	197.890	130.340
5.383	522.579	331.394	198.087	130.548
5.393	522.579	331.342	198.087	131.259
5.403	522.579	331.342	198.087	131.259
5.413	527.361	331.507	198.087	131.206
5.423	527.361	331.519	198.087	131.067
5.433	526.825	331.519	198.144	131.063
5.443	526.825	331.519	198.144	130.886
5.453	526.825	331.598	198.144	130.864
5.463	526.825	331.598	198.047	130.864
5.473	526.825	331.598	197.979	130.841
5.483	519.911	331.598	197.799	130.841
5.493	519.911	331.598	197.799	130.841
5.503	519.911	331.348	197.799	130.841
5.513	519.911	331.348	197.799	130.841
5.523	519.911	331.348	197.799	130.817
5.533	519.875	331.348	197.825	130.725
5.543	519.875	331.606	197.980	130.138
5.553	519.875	331.606	197.980	130.057
5.563	527.143	331.710	197.920	130.057
5.573	527.176	331.791	197.920	130.105
5.583	527.176	331.964	197.920	130.105
5.593	527.176	331.964	197.920	130.105
5.603	529.163	331.964	197.920	130.105
5.613	529.163	331.964	197.899	130.105
5.623	529.163	331.964	197.739	130.242
5.633	529.163	331.822	197.739	130.242
5.643	529.163	331.822	197.739	130.943
5.653	525.611	331.821	197.739	130.982
5.663	521.383	331.821	197.739	131.061
5.673	521.312	331.821	197.810	131.171
5.683	521.312	331.821	197.810	131.171
5.693	521.312	331.742	197.810	131.171
5.703	521.312	331.678	197.770	131.240
5.713	521.312	331.678	197.620	131.240
5.723	521.536	331.441	197.598	131.240
5.733	523.513	331.441	197.598	131.240
5.743	523.513	331.441	197.598	131.240
5.753	528.646	331.441	197.598	131.206
5.763	530.581	331.441	197.598	130.368
5.773	530.586	331.441	197.681	130.203
5.783	530.586	331.373	197.681	130.099
5.793	530.586	331.373	197.681	130.068
5.803	530.586	331.373	197.681	130.068
5.813	530.534	331.522	197.723	130.068
5.823	528.995	331.522	197.741	130.068
5.833	527.819	331.522	197.741	130.068
5.843	525.401	331.522	197.741	130.087
5.853	524.234	331.522	197.545	130.271
5.863	522.078	331.681	197.545	130.475
5.873	522.078	331.681	197.545	131.411
5.883	522.078	331.681	197.545	131.411
5.893	522.078	331.956	197.545	131.364
5.903	522.078	331.956	197.495	131.364
5.913	522.078	332.011	197.495	131.364
5.923	523.737	332.011	197.495	131.438
5.933	525.251	332.011	197.495	131.464
5.943	528.222	332.011	197.540	131.464
5.953	528.222	332.011	197.540	131.464
5.963	528.222	332.005	197.540	131.464
5.973	528.222	331.829	197.557	131.464
5.983	528.883	331.829	197.873	131.464
5.993	528.883	331.829	197.917	131.423
6.003	528.883	331.829	198.208	131.205
6.013	526.635	331.829	198.208	131.205
6.023	526.357	331.982	198.437	130.623
6.033	520.821	332.767	198.437	130.549
6.043	520.821	332.767	198.407	130.546
6.053	522.232	332.767	198.407	130.546
6.063	522.232	332.767	198.407	130.546
6.073	522.232	332.767	198.407	130.546
6.083	522.232	332.722	198.407	130.546
6.093
6.103
6.113
6.123
6.133
6.143
6.153
6.163
6.173
6.183
6.193
6.203
6.213
6.223
6.233
6.243
6.253
6.263
6.273
6.283
6.293
6.303
6.313
6.323
6.333
6.343
6.353
6.363
6.373
6.383
6.393
6.403
6.413
6.423
6.433
6.443
6.453
6.463
6.473
6.483
6.493
6.503
6.513
6.523
6.533
6.543
6.553
6.563
6.573
6.583
6.593
6.603
6.613
6.623
6.633
6.643
6.653
6.663
6.673
6.683
6.693
6.703
6.713
6.723
6.733
6.743
6.753
6.763
6.773
6.783
6.793
6.803
6.813
6.823
6.833
6.843
6.853
6.863
6.873
6.883	591.874	173.992	245.979	99.247
6.893	593.941	213.043	245.979	99.336
6.903	595.421	537.805	245.979	99.336
6.913	596.232	537.805	245.979	99.306
6.923	597.601	537.805	249.043	99.304
6.933	597.601	399.931	249.168	99.304
6.943	597.601	398.333	249.217	99.304
6.953	597.601	397.629	249.278	99.165
6.963	597.523	397.629	249.278	99.154
6.973	597.523	397.804	249.278	99.154
6.983	597.523	397.831	249.278	99.154
6.993	597.523	397.831	249.330	99.154
7.003	597.523	397.831	249.553	99.154
7.013	593.948	397.831	249.553	98.949
7.023	586.518	397.780	249.553	98.949
7.033	586.518	397.675	249.553	98.949
7.043	587.888	397.675	249.553	98.908
7.053	587.888	397.675	250.308	98.908
7.063	587.888	397.675	250.308	98.908
7.073	593.914	397.675	250.308	98.908
7.083	594.096	397.626	250.308	98.908
7.093	596.086	397.626	249.579	98.778
7.103	596.086	397.626	249.579	98.778
7.113	596.445	396.958	249.579	98.759
7.123	596.736	396.958	249.839	98.742
7.133	596.736	396.958	249.839	98.742
7.143	596.736	396.958	249.839	98.742
7.153	596.736	396.958	249.839	98.742
7.163	596.158	396.944	249.839	98.675
7.173	593.846	396.944	249.839	98.675
7.183	593.846	397.170	249.700	98.675
7.193	584.975	397.170	249.700	98.675
7.203	584.939	397.170	249.700	98.675
7.213	584.939	397.170	249.700	98.605
7.223	584.939	397.170	249.700	98.598
7.233	584.939	397.379	249.630	98.440
7.243	585.092	397.379	249.630	98.361
7.253	585.512	397.267	249.630	98.361
7.263	585.512	397.267	249.727	98.361
7.273	585.512	397.267	249.727	98.430
7.283	585.512	397.267	249.727	98.430
7.293	585.512	397.267	249.727	98.430
7.303	588.277	396.869	249.335	98.430
7.313	588.277	396.869	249.335	98.430
7.323	588.317	396.869	249.335	98.429
7.333	588.317	396.869	249.335	98.240
7.343	588.317	396.869	249.538	98.212
7.353	588.317	396.954	249.538	98.212
7.363	588.317	396.954	249.538	98.212
7.373	587.517	397.084	249.538	98.212
7.383	587.459	397.521	250.124	98.217
7.393	587.370	397.521	250.124	98.267
7.403	586.450	397.948	250.124	98.411
7.413	584.433	397.948	250.124	98.530
7.423	584.433	397.948	250.185	100.198
7.433	584.433	398.233	251.586	111.249
7.443	578.676	398.233	251.586	111.315
7.453	571.918	398.233	253.166	111.315
7.463	571.730	398.233	254.913	111.447
7.473	528.045	398.556	262.257	111.717
7.483	528.045	398.556	262.435	111.723
7.493	530.419	398.217	262.679	111.738
7.503	530.419	397.849	262.679	111.738
7.513	530.474	397.849	262.679	111.738
7.523	530.474	397.849	263.803	111.674
7.533	530.474	397.901	263.803	111.674
7.543	530.403	398.457	263.770	111.674
7.553	525.586	398.457	263.750	111.674
7.563	525.173	398.457	263.750	111.663
7.573	525.173	398.343	263.378	111.172
7.583	522.305	398.343	263.378	111.172
7.593	522.305	398.343	263.378	111.172
7.603	522.305	398.343	263.378	111.172
7.613	522.305	398.343	263.378	111.172
7.623	522.305	398.343	263.378	111.114
7.633	522.338	397.637	263.509	110.791
7.643	523.750	397.129	263.509	110.791
7.653	523.750	397.129	263.509	110.816
7.663	523.750	397.129	263.509	110.816
7.673	523.750	397.129	263.326	110.816
7.683	527.697	397.129	263.002	110.816
7.693	527.697	397.129	262.835	110.816
7.703	527.928	397.681	262.835	110.816
7.713	527.928	397.681	262.835	111.426
7.723	527.928	398.069	262.835	111.436
7.733	527.928	398.078	262.835	111.501
7.743	527.928	398.069	263.322	111.501
7.753	524.339	376.283	263.322	111.475
7.763	524.339	376.217	263.554	111.475
7.773	522.904	376.053	263.554	111.475
7.783	522.904	375.957	263.554	111.475
7.793	521.632	375.957	263.440	111.475
7.803	521.632	375.983	263.440	111.369
7.813	522.112	376.050	263.440	111.369
7.823	522.311	376.050	263.440	111.284
7.833	523.333	376.050	263.440	111.182
7.843	523.333	376.050	262.820	111.163
7.853	523.333	375.972	262.820	110.646
7.863	523.333	375.972	262.820	110.646
7.873	523.388	375.972	262.820	110.646
7.883	523.388	375.972	262.820	110.646
7.893	523.388	375.720	263.297	110.646
7.903	523.388	375.720	263.297	110.646
7.913	522.985	375.720	263.297	110.663
7.923	522.985	375.720	263.297	110.788
7.933	522.973	375.720	263.867	111.281
7.943	522.973	376.266	263.867	111.392
7.953	523.812	376.266	263.867	111.398
7.963	524.446	376.266	263.867	111.398
7.973	524.446	376.266	264.248	111.398
7.983	521.061	376.481	264.248	111.398
7.993	491.961	376.945	264.248	111.398
8.003	491.786	377.092	264.248	111.428
8.013	491.523	377.177	264.248	111.763
8.023	491.494	393.711	265.039	111.716
8.033	491.494	393.711	265.039	111.763
8.043	491.494	393.711	265.039	124.892
8.053	491.494	396.459	265.039	124.908
8.063	491.494	396.806	266.275	124.908
8.073	491.825	397.475	271.078	124.804
8.083	491.825	397.640	296.333	124.771
8.093	491.825	397.934	296.691	124.769
8.103	492.092	397.934	296.759	124.477
8.113	496.288	397.934	297.304	124.477
8.123	496.288	397.934	297.453	124.477
8.133	496.288	397.934	297.453	124.477
8.143	496.288	397.028	297.453	124.477
8.153	496.548	397.028	297.285	124.059
8.163	496.548	397.028	297.285	124.059
8.173	496.548	395.688	297.285	124.035
8.183	496.548	395.653	297.394	124.035
8.193	492.434	395.653	297.394	124.055
8.203	492.434	395.653	297.394	124.061
8.213	490.724	395.653	297.394	124.061
8.223	490.724	395.670	297.394	124.061
8.233	490.724	395.670	297.448	124.061
8.243	490.724	395.670	297.448	124.118
8.253	490.724	395.670	297.448	124.292
8.263	491.469	395.670	297.448	124.593
8.273	491.469	395.627	297.201	124.593
8.283	493.021	395.270	297.201	124.576
8.293	496.698	395.270	297.201	124.551
8.303	496.698	395.270	297.201	124.576
8.313	496.207	395.270	297.336	133.756
8.323	496.162	395.270	297.336	133.756
8.333	496.162	395.270	297.336	131.751
8.343	496.162	395.914	297.636	131.751
8.353	496.162	395.914	297.636	132.131
8.363	491.333	395.914	297.581	132.143
8.373	490.717	395.914	297.581	132.194
8.383	490.717	396.020	297.581	132.194
8.393	490.717	396.020	297.581	132.062
8.403	490.717	396.069	297.581	132.062
8.413	490.717	396.069	297.254	132.062
8.423	490.717	396.069	297.254	132.062
8.433	492.146	396.069	296.964	131.445
8.443	492.146	396.069	296.964	131.436
8.453	494.574	396.252	297.370	131.262
8.463	494.692	396.252	297.370	131.262
8.473	494.692	396.252	297.623	131.291
8.483	494.692	396.252	297.623	131.291
8.493	494.692	396.252	297.623	131.291
8.503	494.692	395.794	297.623	131.291
8.513	494.735	395.794	297.623	131.291
8.523	495.421	395.886	297.609	131.291
8.533	495.421	395.886	297.442	131.506
8.543	495.107	395.886	297.442	131.506
8.553	494.788	395.886	297.630	131.506
8.563	494.495	396.217	297.732	131.506
8.573	494.495	396.730	297.732	131.506
8.583	494.495	396.730	297.732	133.086
8.593	438.358	396.730	297.732	148.154
8.603	438.284	396.730	297.732	148.596
8.613	438.222	397.377	298.052	148.596
8.623	438.222	397.377	298.065	148.659
8.633	437.923	374.332	298.544	148.659
8.643	438.389	374.332	298.544	148.652
8.653	438.389	374.520	298.544	148.611
8.663	438.516	374.611	296.808	148.601
8.673	438.573	374.639	296.808	148.601
8.683	438.699	374.686	297.462	148.601
8.693	438.699	375.056	297.719	148.174
8.703	439.233	375.056	297.727	148.169
8.713	439.233	375.010	297.727	148.169
8.723	439.233	375.010	297.727	148.018
8.733	439.233	375.010	297.727	147.897
8.743	439.189	375.010	297.815	147.801
8.753	439.048	374.365	297.815	147.801
8.763	439.048	374.365	297.744	147.628
8.773	439.048	374.365	297.744	147.628
8.783	439.048	374.365	297.744	147.628
8.793	439.102	374.049	297.744	147.628
8.803	439.102	374.049	297.698	147.628
8.813	438.772	374.049	297.698	147.092
8.823	438.661	374.407	297.678	147.089
8.833	438.661	374.407	297.543	147.089
8.843	438.669	374.407	297.442	147.089
8.853	438.669	374.407	297.442	147.089
8.863	438.669	374.407	297.442	147.089
8.873	438.669	374.534	297.442	147.245
8.883	438.669	374.534	297.442	147.263
8.893	438.579	374.534	297.424	147.904
8.903	438.564	374.351	297.424	147.904
8.913	438.564	374.351	297.476	147.900
8.923	438.590	374.351	297.476	147.900
8.933	438.590	374.351	297.476	147.900
8.943	438.590	374.351	297.476	147.958
8.953	438.590	374.616	297.476	147.958
8.963	438.590	374.616	297.491	147.958
8.973	438.430	374.659	297.491	147.958
8.983	438.430	374.659	297.491	147.958
8.993	438.563	374.659	297.508	147.958
9.003	438.563	374.659	297.508	147.822
9.013	438.563	374.659	297.508	147.809
9.023	438.563	374.775	297.508	147.594
9.033	438.563	374.775	297.508	147.587
9.043	438.476	374.775	297.798	147.047
9.053	438.476	374.775	297.798	147.047
9.063	438.476	374.775	297.798	147.047
9.073	438.614	375.220	297.798	147.047
9.083	438.614	375.220	297.780	147.047
9.093	438.614	375.390	297.557	147.047
9.103	438.574	375.390	297.557	147.123
9.113	438.156	375.390	297.557	147.213
9.123	438.156	375.390	297.557	147.918
9.133	451.541	375.741	297.758	147.918
9.143	494.099	375.768	297.758	147.918
9.153	497.995	378.896	298.042	148.079
9.163	497.995	387.393	298.042	148.322
9.173	497.305	395.890	298.042	148.322
9.183	497.305	396.477	298.042	148.159
9.193	497.769	396.477	298.042	148.081
9.203	497.971	395.773	298.231	148.081
9.213	497.769	395.773	302.106	197.840
9.223	497.645	396.430	302.106	197.898
9.233	497.508	396.430	302.106	198.187
9.243	497.508	396.430	297.452	198.187
9.253	497.773	396.514	297.452	197.646
9.263	497.907	396.514	297.581	197.646
9.273	497.907	396.514	297.918	197.428
9.283	498.673	396.514	298.030	197.361
9.293	498.673	396.514	298.030	197.314
9.303	498.956	396.268	298.030	197.314
9.313	498.606	395.343	298.030	197.314
9.323	498.606	394.626	297.895	196.882
9.333	498.224	394.626	297.710	196.711
9.343	498.224	394.626	297.710	196.711
9.353	498.224	394.626	297.710	196.570
9.363	498.224	395.317	297.710	196.570
9.373	498.224	395.495	297.710	196.570
9.383	497.818	395.495	297.677	196.570
9.393	497.624	395.495	297.561	196.472
9.403	497.475	395.495	297.561	196.466
9.413	497.475	395.495	297.418	196.466
9.423	497.720	395.410	297.250	196.390
9.433	497.720	395.410	297.250	196.390
9.443	497.720	395.410	297.250	196.390
9.453	524.521	395.771	297.208	196.390
9.463	524.521	395.771	297.208	196.390
9.473	524.350	395.348	297.208	196.304
9.483	524.350	395.348	297.208	196.304
9.493	524.377	395.348	297.208	196.084
9.503	525.202	395.348	297.405	196.084
9.513	525.202	395.348	297.405	196.084
9.523	525.202	395.348	297.484	196.084
9.533	525.202	395.277	297.484	196.448
9.543	525.202	395.277	297.357	196.448
9.553	525.202	395.512	297.357	196.448
9.563	526.076	395.512	297.357	196.448
9.573	526.097	395.512	297.357	196.448
9.583	526.097	395.512	297.357	196.237
9.593	526.097	395.237	297.223	195.639
9.603	526.097	395.033	297.223	195.603
9.613	526.097	395.033	297.223	195.603
9.623	526.310	395.033	297.344	195.670
9.633	527.062	395.033	297.344	195.670
9.643	527.062	395.033	297.344	195.670
9.653	527.062	395.033	297.344	195.661
9.663	527.062	395.115	297.344	195.609
9.673	527.062	395.115	297.233	195.609
9.683	527.466	395.115	296.772	195.609
9.693	527.466	395.115	296.772	195.609
9.703	528.088	395.144	296.648	195.609
9.713	528.088	395.381	296.648	195.543
9.723	528.088	395.381	296.648	195.543
9.733	528.143	395.381	296.648	195.671
9.743	531.529	395.381	296.648	195.671
9.753	539.580	395.381	296.761	195.671
9.763	539.580	395.874	297.810	195.888
9.773	445.082	395.886	297.810	199.624
9.783	445.082	395.874	297.810	199.624
9.793	446.963	396.290	297.810	196.000
9.803	448.016	395.542	297.810	131.010
9.813	448.016	395.542	297.810	131.010
9.823	448.016	395.542	300.646	130.734
9.833	448.016	395.608	302.760	130.734
9.843	447.289	395.619	306.599	130.734
9.853	447.289	395.608	306.599	131.761
9.863	447.289	395.550	307.791	131.761
9.873	447.289	395.550	321.898	131.761
9.883	445.001	395.550	327.972	131.850
9.893	445.001	395.550	329.064	131.850
9.903	445.001	395.550	329.478	131.850
9.913	445.001	395.362	329.595	131.850
9.923	445.001	394.971	330.107	131.850
9.933	444.864	394.663	330.901	131.629
9.943	444.617	394.663	330.914	131.031
9.953	444.617	394.663	330.995	130.952
9.963	444.617	394.663	331.063	130.914
9.973	444.593	394.663	331.063	130.912
9.983	444.593	394.663	331.063	130.853
9.993	445.131	394.388	331.063	130.853
10.003	445.131	394.388	331.063	130.853
10.013	446.464	394.388	331.000	130.853
10.023	446.721	394.388	330.338	130.871
10.033	446.721	394.461	330.338	130.871
10.043	446.679	394.461	330.338	130.682
10.053	446.679	394.461	330.338	130.682
10.063	446.679	394.394	330.338	130.682
10.073	446.679	394.394	330.539	130.682
10.083	446.679	394.428	330.568	130.682
10.093	446.272	394.428	330.568	130.682
10.103	445.246	394.428	330.568	130.798
10.113	443.244	394.820	331.162	130.803
10.123	440.530	394.820	331.162	130.937
10.133	438.422	394.820	331.162	131.543
10.143	438.422	394.820	331.162	131.543
10.153	438.422	394.820	331.541	131.524
10.163	438.422	394.586	331.541	131.524
10.173	438.422	394.586	331.663	131.524
10.183	438.422	394.586	331.952	131.524
10.193	444.882	394.586	331.952	131.524
10.203	445.176	394.682	331.952	131.439
10.213	445.176	394.682	331.952	130.700
10.223	444.765	395.003	331.952	130.700
10.233	444.765	395.003	331.403	130.459
10.243	444.765	395.003	331.403	130.451
10.253	440.393	395.003	331.403	130.451
10.263	439.692	395.003	331.321	130.451
10.273	439.692	395.003	331.321	130.451
10.283	439.692	395.088	331.589	130.451
10.293	439.692	395.088	333.320	130.451
10.303	439.963	395.088	333.320	130.304
10.313	439.963	395.088	333.320	130.304
10.323	439.963	395.088	333.320	130.468
10.333	439.963	395.551	333.320	130.730
10.343	440.024	395.897	333.420	131.147
10.353	445.537	397.038	338.937	132.236
10.363	445.537	401.688	339.273	132.236
10.373	444.835	402.033	338.937	132.236
10.383	444.597	402.033	296.177	132.236
10.393	444.597	375.067	296.177	131.983
10.403	444.597	374.992	296.997	131.528
10.413	439.011	374.992	297.591	131.528
10.423	438.959	374.915	297.971	132.734
10.433	438.155	374.899	297.971	148.013
10.443	438.155	374.899	297.971	148.150
10.453	438.155	374.976	297.778	148.150
10.463	438.155	374.988	297.633	148.059
10.473	438.155	374.994	297.261	148.059
10.483	439.344	374.994	297.261	147.809
10.493	444.834	374.984	297.261	147.804
10.503	445.037	374.984	297.261	147.802
10.513	445.037	374.984	297.261	147.770
10.523	444.707	374.984	296.278	147.766
10.533	444.707	375.181	296.278	147.766
10.543	442.925	375.181	296.453	147.766
10.553	442.925	375.181	296.453	147.766
10.563	442.925	375.181	296.453	147.743
10.573	439.436	375.181	296.453	147.642
10.583	439.436	374.954	296.496	147.370
10.593	439.436	374.700	296.738	147.370
10.603	439.436	374.700	297.916	147.350
10.613	439.436	374.700	297.916	147.350
10.623	440.029	374.700	298.058	147.350
10.633	440.029	374.700	298.069	147.378
10.643	440.029	374.531	301.027	147.378
10.653	440.808	374.531	301.027	147.352
10.663	440.808	374.549	291.393	147.352
10.673	440.783	374.549	291.393	147.352
10.683	440.569	374.549	266.329	147.352
10.693	439.957	374.549	263.895	147.206
10.703	439.957	374.849	263.518	147.206
10.713	439.957	374.849	263.518	147.206
10.723	439.957	374.849	263.896	147.206
10.733	439.782	375.097	263.896	147.201
10.743	439.018	375.097	263.896	147.110
10.753	439.018	375.097	263.763	147.110
10.763	439.018	375.097	263.763	147.110
10.773	438.946	375.097	263.763	147.103
10.783	438.946	375.231	263.763	147.103
10.793	438.946	375.231	262.575	147.157
10.803	438.946	375.320	262.575	147.157
10.813	438.946	375.320	262.575	147.157
10.823	438.100	375.320	262.575	147.157
10.833	438.100	375.320	262.575	147.104
10.843	438.100	375.320	262.293	147.104
10.853	438.100	375.233	262.293	147.104
10.863	436.819	375.233	262.546	147.104
10.873	436.819	375.836	262.546	147.104
10.883	436.837	375.836	264.239	147.153
10.893	437.000	376.750	264.239	147.153
10.903	437.163	376.750	264.540	147.239
10.913	437.163	376.750	264.540	147.239
10.923	436.687	376.750	264.540	147.443
10.933	436.142	376.750	264.540	147.443
10.943	433.158	376.307	264.540	147.741
10.953	426.031	376.300	265.085	147.741
10.963	390.845	374.004	266.161	147.741
10.973	390.845	367.517	267.273	147.741
10.983	395.925	355.662	267.273	147.755
10.993	396.291	355.662	247.050	147.882
11.003	396.291	298.021	247.050	148.000
11.013	395.988	296.961	247.954	148.198
11.023	395.438	295.664	247.954	148.207
11.033	395.438	295.664	248.557	148.207
11.043	395.438	295.725	248.557	98.475
11.053	394.394	295.977	248.557	98.475
11.063	394.394	296.162	248.557	98.632
11.073	394.864	296.162	248.314	98.730
11.083	395.548	296.115	248.304	98.730
11.093	395.548	296.115	248.209	98.715
11.103	395.548	296.115	248.205	98.715
11.113	395.556	295.662	248.205	98.715
11.123	395.556	295.662	248.205	98.715
11.133	395.556	295.662	248.120	98.340
11.143	395.556	295.662	248.120	98.340
11.153	395.556	295.275	248.120	98.248
11.163	394.264	295.275	248.120	98.218
11.173	394.264	294.917	248.251	98.204
11.183	396.129	294.917	248.251	98.196
11.193	396.473	294.917	248.127	98.196
11.203	397.033	294.917	247.937	98.196
11.213	397.146	294.917	247.937	98.196
11.223	397.146	294.917	247.937	98.196
11.233	397.146	294.980	247.937	98.138
11.243	397.146	294.980	247.937	98.138
11.253	397.146	294.980	248.016	97.955
11.263	397.755	294.980	248.230	97.955
11.273	397.755	295.094	248.302	97.909
11.283	397.755	295.094	248.302	97.909
11.293	397.755	295.094	248.302	97.867
11.303	397.755	295.209	248.453	97.867
11.313	396.448	295.209	248.453	97.867
11.323	393.359	295.321	248.453	97.867
11.333	393.359	295.321	248.453	97.867
11.343	393.359	295.408	248.508	97.767
11.353	393.065	295.408	248.508	97.767
11.363	393.065	295.408	248.508	97.767
11.373	393.654	295.408	248.508	97.822
11.383	393.654	295.408	248.468	97.822
11.393	393.654	295.408	248.370	97.822
11.403	396.222	295.320	248.370	97.822
11.413	397.254	295.320	248.370	97.822
11.423	397.254	295.331	248.370	97.822
11.433	399.104	295.357	248.395	97.825
11.443	399.105	295.357	248.437	97.825
11.453	399.105	295.357	248.437	97.826
11.463	399.590	295.357	248.437	97.973
11.473	399.590	295.357	248.437	98.016
11.483	399.590	295.359	248.756	98.016
11.493	399.590	295.408	248.756	97.993
11.503	397.303	295.408	248.756	97.993
11.513	397.303	295.408	248.756	97.993
11.523	397.303	295.408	248.661	97.993
11.533	392.665	295.411	248.661	97.978
11.543	392.665	295.411	248.661	97.978
11.553	392.665	295.411	248.921	97.978
11.563	393.263	295.411	248.921	97.978
11.573	393.263	295.411	248.760	97.978
11.583	393.263	295.869	248.760	97.987
11.593	393.263	295.869	249.156	98.080
11.603	393.263	295.869	249.156	98.080
11.613	399.906	295.869	249.156	98.080
11.623	400.094	295.869	249.156	98.080
11.633	400.265	295.766	248.513	98.080
11.643	400.265	295.766	248.513	98.222
11.653	400.265	295.766	248.513	98.222
11.663	400.265	295.766	247.811	98.222
11.673	400.265	295.752	247.811	98.209
11.683	400.265	295.717	247.811	98.209
11.693	397.198	295.717	248.075	98.209
11.703	392.628	295.717	248.075	98.209
11.713	392.628	295.377	248.075	98.209
11.723	392.628	295.042	248.075	98.195
11.733	392.628	295.042	248.075	98.143
11.743	392.198	295.042	247.414	98.141
11.753	392.198	295.042	247.414	98.107
11.763	394.208	295.042	247.414	98.088
11.773	394.208	295.098	247.414	98.027
11.783	394.208	295.098	247.322	98.024
11.793	399.019	295.675	247.322	97.971
11.803	399.019	295.675	247.322	97.960
11.813	400.000	295.675	247.322	97.887
11.823	400.000	295.675	247.322	97.801
11.833	400.000	296.164	247.322	97.469
11.843	400.000	296.164	247.116	97.469
11.853	400.000	296.164	247.116	97.469
11.863	399.847	296.164	247.058	97.469
11.873	393.006	296.164	246.721	97.469
11.883	392.151	296.320	246.721	97.469
11.893	392.151	296.320	247.054	97.673
11.903	392.151	295.995	247.054	98.208
11.913	392.151	295.995	247.054	98.354
11.923	392.151	295.892	247.054	98.427
11.933	392.151	295.877	246.933	98.427
11.943	393.810	295.877	246.933	98.427
11.953	393.810	295.984	246.933	98.427
11.963	393.810	296.113	246.933	98.351
11.973	394.983	296.274	246.933	98.351
11.983	399.548	296.274	246.933	98.351
11.993	399.548	296.983	246.933	98.351
12.003	399.548	296.983	247.041	98.331
12.013	399.548	296.983	247.041	98.228
12.023	399.548	297.087	247.041	98.156
12.033	399.548	297.223	247.340	98.014
12.043	399.138	297.556	247.356	97.868
12.053	393.302	297.665	247.921	97.543
12.063	393.302	297.748	248.352	97.543
12.073	393.603	297.820	248.352	97.543
12.083	393.603	298.027	248.184	97.543
12.093	393.603	298.038	248.017	97.543
12.103	393.603	298.689	247.458	97.543
12.113	394.250	298.689	246.812	98.628
12.123	394.250	298.373	246.617	98.784
12.133	396.104	298.373	246.442	98.867
12.143	400.002	299.620	245.607	98.867
12.153	400.002	299.620	245.607	98.959
12.163	400.002	299.620	245.607	98.959
12.173	399.494	303.272	245.607	98.959
12.183	399.494	303.272	245.534	98.959
12.193	399.494	658.209	245.534	98.965
12.203	399.494	658.209	245.590	98.974
12.213	394.415	658.209	247.371	98.974
12.223	394.415	658.209	247.371	98.928
12.233	394.524	658.209	201.665	98.845
12.243	394.524	658.209	201.665	98.805
12.253	394.524	572.727	201.665	98.749
12.263
12.273
12.283
12.293
12.303
12.313
12.323
12.333
12.343
12.353
12.363
12.373
12.383
12.393
12.403
12.413
12.423
12.433
12.443
12.453
12.463
12.473
12.483
12.493
12.503
12.513
12.523
12.533
12.543
12.553
12.563
12.573
12.583
12.593
12.603
12.613
12.623
12.633
12.643
12.653
12.663
12.673
12.683
12.693
12.703
12.713
12.723
12.733
12.743
12.753
12.763
12.773
12.783
12.793
12.803
12.813
12.823
12.833
12.843
12.853
12.863
12.873	519.644	397.212	259.650	166.820
12.883	521.543	397.437	261.100	167.583
12.893	521.808	397.437	261.653	167.942
12.903	523.754	398.371	261.891	167.942
12.913	523.863	398.405	261.891	167.931
12.923	523.863	398.405	263.076	167.651
12.933	523.403	398.405	263.100	167.651
12.943	521.994	398.130	263.100	167.131
12.953	521.156	398.130	262.774	167.131
12.963	519.171	398.130	262.774	167.131
12.973	519.171	398.130	262.774	167.131
12.983	519.171	398.130	262.774	166.110
12.993	517.210	397.333	261.453	166.110
13.003	517.210	397.333	261.453	166.124
13.013	518.185	397.333	261.453	166.133
13.023	518.185	397.392	261.453	166.133
13.033	518.185	397.392	261.453	166.133
13.043	518.185	397.392	261.438	166.133
13.053	524.972	397.392	261.438	166.133
13.063	524.972	397.248	262.237	165.702
13.073	526.361	397.248	262.237	165.702
13.083	526.361	397.248	262.237	165.702
13.093	526.361	397.248	262.233	165.702
13.103	523.925	397.083	262.233	165.702
13.113	523.925	397.083	262.233	165.638
13.123	523.925	397.185	262.233	165.468
13.133	523.925	397.185	262.233	165.264
13.143	517.580	397.177	262.720	165.264
13.153	517.580	397.177	262.936	165.264
13.163	517.580	396.960	262.948	165.419
13.173	517.580	396.960	262.948	165.419
13.183	517.580	396.960	262.776	165.419
13.193	517.580	396.852	262.776	165.419
13.203	518.789	396.852	262.776	165.419
13.213	518.789	396.852	262.745	165.888
13.223	524.819	396.852	262.720	165.888
13.233	524.819	396.852	262.720	165.888
13.243	524.224	396.890	262.720	165.888
13.253	523.726	397.075	262.720	165.754
13.263	522.177	397.111	262.756	165.754
13.273	521.744	397.320	262.887	165.754
13.283	520.388	397.320	263.365	165.754
13.293	520.388	397.267	263.992	165.754
13.303	520.388	397.267	264.100	165.429
13.313	520.388	397.267	264.100	165.429
13.323	520.388	397.267	264.100	165.429
13.333	520.064	397.267	264.100	165.429
13.343	520.064	397.276	264.385	165.429
13.353	520.064	397.315	264.918	165.429
13.363	521.001	397.315	266.026	165.430
13.373	521.013	397.315	266.026	166.024
13.383	521.106	397.315	267.595	166.024
13.393	521.106	397.315	267.595	166.024
13.403	520.882	397.315	271.657	166.024
13.413	520.306	397.783	271.657	166.081
13.423	520.134	397.783	272.794	166.425
13.433	518.627	397.783	274.720	166.425
13.443	497.213	398.163	296.843	166.425
13.453	497.213	398.163	297.241	167.286
13.463	497.213	399.467	297.683	167.286
13.473	496.928	399.467	297.935	148.903
13.483	496.928	383.228	298.009	148.618
13.493	494.398	354.378	298.163	148.449
13.503	493.370	352.980	298.163	148.449
13.513	493.370	352.856	298.163	148.433
13.523	494.026	352.856	298.163	148.433
13.533	494.195	353.336	298.282	147.820
13.543	494.337	353.421	298.282	147.685
13.553	494.337	353.421	298.282	147.467
13.563	494.337	353.421	298.282	147.413
13.573	494.337	353.400	298.068	147.393
13.583	494.337	353.338	298.068	147.393
13.593	495.251	353.338	298.068	147.393
13.603	498.687	353.338	297.711	147.407
13.613	498.687	353.338	297.660	147.407
13.623	498.687	353.338	297.660	147.407
13.633	498.687	353.497	298.013	147.407
13.643	498.687	353.497	298.013	147.407
13.653	496.689	353.455	298.013	147.430
13.663	496.689	353.455	298.013	147.430
13.673	496.689	353.390	298.013	147.151
13.683	496.689	353.390	298.013	147.151
13.693	490.860	353.390	297.642	147.151
13.703	490.308	353.409	297.564	147.151
13.713	490.308	353.409	297.343	147.151
13.723	490.308	353.409	297.343	147.200
13.733	490.308	353.409	297.343	147.200
13.743	490.308	353.406	297.343	147.200
13.753	491.070	353.406	297.343	147.200
13.763	494.623	353.406	297.241	147.200
13.773	494.623	353.247	297.241	146.957
13.783	497.974	353.166	297.241	146.957
13.793	497.974	353.166	297.241	146.957
13.803	497.232	353.166	297.241	146.957
13.813	497.232	353.166	297.794	146.957
13.823	497.232	353.091	297.794	146.927
13.833	497.232	353.062	297.794	146.927
13.843	497.232	353.062	297.794	146.845
13.853	494.562	353.062	297.857	146.845
13.863	494.562	353.062	298.158	146.845
13.873	494.368	353.062	298.158	146.845
13.883	494.368	353.118	298.158	146.845
13.893	494.368	353.190	298.158	146.880
13.903	494.368	353.190	298.158	146.880
13.913	494.368	353.190	298.183	146.627
13.923	495.348	353.190	298.662	146.627
13.933	495.348	353.085	298.662	146.627
13.943	495.348	353.085	298.662	146.627
13.953	495.555	353.085	298.908	146.764
13.963	495.644	353.085	299.748	146.764
13.973	495.877	353.085	299.748	146.764
13.983	495.877	353.130	299.748	146.764
13.993	495.309	353.309	300.001	146.764
14.003	495.309	353.309	300.279	146.990
14.013	516.062	353.309	302.546	147.092
14.023	517.755	353.309	335.279	147.221
14.033	517.966	353.334	335.279	147.592
14.043	518.194	354.501	330.880	147.807
14.053	519.050	396.919	330.838	147.807
14.063	519.162	396.919	330.880	148.350
14.073	519.626	396.919	331.702	148.350
14.083	519.760	397.935	331.892	148.350
14.093	519.815	397.967	332.630	131.741
14.103	519.883	397.967	332.745	131.741
14.113	519.883	397.730	332.745	131.941
14.123	520.133	397.730	332.745	131.941
14.133	520.133	397.730	332.745	131.922
14.143	520.133	398.158	332.745	131.922
14.153	520.133	398.158	332.745	131.922
14.163	520.133	398.158	331.263	131.922
14.173	520.133	398.158	331.263	131.922
14.183	520.133	398.158	331.263	131.179
14.193	520.147	397.298	331.263	131.142
14.203	520.147	397.298	331.263	131.053
14.213	520.147	397.298	331.263	131.006
14.223	520.147	396.574	331.512	131.005
14.233	520.147	396.574	331.540	130.992
14.243	520.147	396.574	331.512	130.988
14.253	520.147	396.574	331.506	130.988
14.263	520.457	396.574	331.475	130.988
14.273	520.457	396.574	331.475	130.988
14.283	520.284	396.079	331.475	130.988
14.293	520.284	396.079	331.475	130.888
14.303	520.284	396.079	331.452	130.641
14.313	520.284	396.079	331.452	130.641
14.323	520.317	396.079	331.452	130.641
14.333	520.317	395.870	331.342	130.641
14.343	520.317	395.870	331.342	130.641
14.353	520.763	395.870	331.342	130.667
14.363	520.763	396.334	331.342	131.331
14.373	520.763	396.334	331.241	131.331
14.383	520.763	396.334	331.241	131.224
14.393	521.115	396.334	331.241	131.218
14.403	521.242	396.334	331.421	131.218
14.413	521.242	396.334	331.421	131.218
14.423	521.423	396.334	330.532	131.053
14.433	521.423	396.256	330.532	131.051
14.443	521.423	396.256	330.532	131.051
14.453	521.423	396.256	330.532	131.051
14.463	521.423	396.256	330.532	131.051
14.473	521.548	396.256	331.453	131.051
14.483	521.548	396.314	331.453	130.831
14.493	521.548	396.314	331.453	130.489
14.503	521.548	396.314	332.334	130.486
14.513	521.916	396.314	332.334	130.475
14.523	521.947	396.314	332.334	130.475
14.533	522.019	396.314	332.334	130.475
14.543	522.161	396.327	332.334	130.475
14.553	522.255	396.327	332.345	130.480
14.563	522.347	396.327	332.664	130.595
14.573	543.405	396.327	332.979	130.595
14.583	545.916	396.405	332.979	130.595
14.593	543.405	396.405	332.979	130.595
14.603
14.613
14.623
14.633
14.643
14.653
14.663
14.673	583.649	396.368	248.108	99.735
14.683	583.649	396.542	248.175	99.735
14.693	578.994	396.542	249.365	99.282
14.703	578.994	396.440	249.520	99.282
14.713	578.994	396.440	249.520	198.452
14.723	578.994	396.440	250.485	198.452
14.733	578.994	396.440	250.485	198.283
14.743	578.994	396.422	250.435	198.146
14.753	578.834	395.674	250.435	198.084
14.763	578.834	395.674	250.454	197.960
14.773	578.834	395.674	250.454	197.797
14.783	578.834	395.674	250.105	197.706
14.793	583.810	395.479	250.105	197.706
14.803	584.711	395.479	250.105	197.706
14.813	585.784	395.479	250.105	197.188
14.823	585.784	395.479	250.105	197.188
14.833	586.182	395.479	249.899	197.188
14.843	586.182	395.441	249.899	197.188
14.853	586.182	395.212	249.726	197.188
14.863	586.182	395.158	249.726	196.802
14.873	586.182	395.158	249.691	196.802
14.883	584.698	395.158	249.691	196.802
14.893	582.268	395.158	249.691	196.690
14.903	575.925	395.158	249.691	196.690
14.913	575.925	395.158	249.691	196.666
14.923	575.925	395.888	249.549	196.666
14.933	575.925	395.903	249.493	196.666
14.943	575.925	396.155	249.149	196.607
14.953	576.988	396.155	249.149	196.607
14.963	582.711	396.155	249.149	196.607
14.973	582.711	396.155	249.149	196.607
14.983	582.711	396.155	249.149	196.588
14.993	582.711	395.973	248.661	196.166
15.003	582.711	395.973	248.661	196.153
15.013	589.421	395.973	248.661	196.153
15.023	589.421	395.973	248.661	196.153
15.033	587.103	395.973	248.661	196.153
15.043	586.777	396.084	248.883	196.125
15.053	586.777	396.084	248.883	196.125
15.063	586.777	396.484	248.858	196.125
15.073	586.777	396.484	248.646	196.125
15.083	586.204	396.484	248.646	196.125
15.093	582.362	396.488	248.519	196.032
15.103	579.290	396.488	248.519	196.032
15.113	579.290	396.488	248.505	196.032
15.123	579.872	396.488	248.505	195.828
15.133	579.872	396.424	248.505	195.827
15.143	579.872	396.424	248.505	195.827
15.153	579.872	396.424	248.505	195.827
15.163	581.878	396.424	248.693	195.827
15.173	581.878	396.545	248.693	195.827
15.183	590.715	396.545	248.693	195.937
15.193	590.715	396.283	248.724	195.937
15.203	590.382	396.152	248.734	195.937
15.213	589.379	396.152	248.734	195.937
15.223	589.379	396.152	248.734	195.937
15.233	589.379	396.152	248.734	195.934
15.243	589.379	396.145	248.734	195.934
15.253	589.379	396.145	248.914	195.934
15.263	588.048	396.145	248.914	195.934
15.273	583.824	396.309	248.914	196.285
15.283	579.249	396.309	248.914	196.285
15.293	579.249	396.309	249.039	196.809
15.303	580.230	396.309	249.039	196.858
15.313	580.230	397.068	248.841	196.858
15.323	580.230	397.068	248.841	196.858
15.333	580.230	397.068	248.592	196.858
15.343	580.683	397.068	248.592	196.858
15.353	584.708	397.068	248.592	196.741
15.363	592.025	396.889	248.592	196.741
15.373	592.025	396.889	248.592	196.741
15.383	591.690	396.889	248.626	196.741
15.393	591.690	396.889	248.878	196.741
15.403	591.690	396.889	249.003	196.683
15.413	591.690	396.889	249.003	196.683
15.423	590.633	396.625	249.003	196.683
15.433	590.633	396.350	249.003	196.715
15.443	589.420	396.350	248.903	196.715
15.453	585.963	396.350	248.685	196.715
15.463	585.430	396.350	248.544	196.689
15.473	580.359	396.350	248.544	196.227
15.483	580.359	395.974	248.544	196.227
15.493	580.359	395.974	248.544	196.227
15.503	580.359	395.974	248.544	196.207
15.513	580.359	395.974	248.219	195.412
15.523	581.574	395.551	248.219	194.399
15.533	583.286	395.551	248.028	194.215
15.543	584.408	395.841	248.028	194.215
15.553	588.893	395.841	248.028	194.215
15.563	588.893	395.841	248.028	194.215
15.573	588.893	395.841	248.028	194.215
15.583	586.169	395.841	247.951	194.246
15.593	586.169	396.146	247.941	194.557
15.603	586.169	396.146	247.877	195.976
15.613	586.169	396.146	247.877	196.741
15.623	586.169	396.146	247.877	196.741
15.633	584.911	396.146	247.781	197.053
15.643	577.722	396.556	247.781	197.053
15.653	577.722	396.866	248.398	196.905
15.663	577.991	396.866	248.999	196.905
15.673	577.991	396.899	249.193	196.905
15.683	577.991	396.899	249.355	196.905
15.693	577.991	396.899	249.355	196.905
15.703	577.991	396.899	249.355	196.632
15.713	583.928	396.899	249.355	195.574
15.723	583.928	397.255	249.355	194.675
15.733	583.928	397.255	249.205	194.675
15.743	589.280	397.255	249.205	193.989
15.753	589.280	397.255	249.205	193.989
15.763	589.280	397.339	256.727	193.989
15.773	589.050	397.339	256.727	193.989
15.783	588.595	397.339	256.727	193.989
15.793
15.803
15.813
15.823
15.833
15.843
15.853
15.863
15.873
15.883	580.953	395.194	246.002	198.120
15.893	581.003	395.194	246.700	198.120
15.903	589.698	396.278	247.163	198.089
15.913	589.991	396.623	247.163	198.089
15.923	589.991	396.623	247.163	198.089
15.933	589.607	397.271	247.163	198.089
15.943	589.061	397.271	249.255	198.089
15.953	587.561	397.156	249.284	198.074
15.963	587.561	397.156	249.284	197.971
15.973	587.561	397.156	249.210	196.756
15.983	587.561	397.156	249.210	196.687
15.993	587.259	397.113	248.887	196.584
16.003	585.026	395.933	248.887	196.584
16.013	581.531	395.933	248.378	196.660
16.023	581.531	395.933	248.270	196.660
16.033	581.531	394.887	248.270	196.660
16.043	581.531	394.887	248.270	196.660
16.053	581.531	394.887	248.270	196.660
16.063	582.338	394.887	248.270	196.713
16.073	583.964	394.887	248.484	196.713
16.083	588.513	395.257	248.484	196.659
16.093	588.513	395.257	248.484	196.517
16.103	587.883	395.257	248.350	196.517
16.113	587.883	395.708	248.350	196.517
16.123	587.883	395.708	248.350	196.517
16.133	587.883	395.860	248.350	196.517
16.143	587.883	395.860	248.323	196.539
16.153	585.995	395.266	248.323	196.539
16.163	585.534	395.266	248.323	196.539
16.173	585.534	395.266	248.323	196.539
16.183	586.336	395.266	248.234	196.539
16.193	586.336	395.539	248.234	196.357
16.203	586.336	395.539	248.234	196.357
16.213	586.336	395.564	248.234	196.357
16.223	586.336	395.564	248.234	196.451
16.233	584.792	395.530	247.958	196.506
16.243	584.792	395.530	247.898	196.506
16.253	584.792	395.530	247.898	196.506
16.263	584.792	395.530	247.898	196.506
16.273	585.298	395.530	247.898	196.506
16.283	585.298	395.257	247.898	196.622
16.293	585.298	395.257	247.847	197.037
16.303	585.298	395.257	247.847	197.292
16.313	585.298	395.257	247.986	197.292
16.323	585.867	395.257	247.986	197.292
16.333	586.092	395.313	247.986	197.292
16.343	586.303	395.313	247.986	197.292
16.353	587.353	396.000	247.986	197.292
16.363	587.353	396.000	248.384	197.527
16.373	587.353	396.000	248.384	199.849
16.383	588.702	396.000	248.384	199.849
16.393	588.702	396.000	248.384	200.482
16.403	588.702	396.041	252.858	201.892
16.413	641.274	397.812	252.858	201.892
16.423	641.274	397.812	252.858	101.557
16.433
16.443
16.453
16.463	653.107	394.315	242.308	266.554
16.473	653.107	394.315	256.395	266.554
16.483	656.870	394.315	261.013	265.805
16.493	656.870	394.485	261.346	265.533
16.503	656.870	394.485	261.550	265.249
16.513	656.831	394.485	261.648	264.003
16.523	657.211	395.458	261.648	263.713
16.533	657.211	395.458	262.163	263.598
16.543	657.322	395.458	262.163	263.525
16.553	657.322	395.458	262.108	263.525
16.563	657.322	395.458	261.883	263.589
16.573	657.322	394.925	261.883	263.593
16.583	658.212	394.925	261.541	263.593
16.593	658.212	394.925	261.456	263.593
16.603	658.114	394.925	261.456	263.593
16.613	657.999	394.072	261.456	263.593
16.623	657.999	394.072	261.456	263.754
16.633	657.999	394.072	261.456	263.754
16.643	657.999	394.072	261.556	263.326
16.653	657.263	394.072	262.041	263.326
16.663	657.263	394.532	262.041	263.222
16.673	657.758	394.532	262.041	260.927
16.683	658.279	394.532	262.041	249.924
16.693	658.437	394.532	262.451	249.655
16.703	658.437	394.532	262.451	249.463
16.713	658.437	394.657	262.451	248.950
16.723	658.437	394.657	262.451	248.802
16.733	658.278	394.657	262.451	248.389
16.743	658.163	394.657	262.672	248.247
16.753	657.720	394.867	262.672	248.143
16.763	657.720	394.995	262.484	247.886
16.773	657.559	394.995	262.484	247.886
16.783	657.559	394.995	262.484	247.783
16.793	657.613	394.995	262.489	247.783
16.803	657.613	395.138	262.489	247.783
16.813	657.613	395.138	262.489	247.827
16.823	657.613	395.256	262.489	247.840
16.833	657.672	395.256	262.489	247.840
16.843	657.672	395.256	262.480	247.840
16.853	657.277	395.256	262.304	247.840
16.863	656.851	395.427	262.207	247.840
16.873	656.705	395.427	262.207	247.773
16.883	654.687	395.427	262.207	247.768
16.893	654.666	395.704	262.207	247.768
16.903	654.269	395.704	262.207	247.768
16.913	653.054	395.704	262.477	247.768
16.923	588.933	395.704	262.477	247.768
16.933	587.394	395.704	262.477	247.743
16.943	587.364	395.868	262.486	247.835
16.953	587.364	396.696	263.638	247.337
16.963	587.364	396.696	263.638	247.092
16.973	586.724	396.696	263.638	246.756
16.983
16.993
17.003	585.458	374.620	265.899	221.682
17.013	585.458	375.128	266.455	221.744
17.023	585.183	374.927	266.455	221.744
17.033	585.071	374.942	266.455	221.893
17.043	584.189	374.942	262.881	221.893
17.053	584.189	374.955	262.881	221.618
17.063	584.189	374.955	262.881	221.529
17.073	579.497	374.955	263.646	221.503
17.083	578.532	374.955	263.646	221.455
17.093	577.541	374.955	263.646	221.455
17.103	577.541	375.058	263.572	221.464
17.113	576.735	375.058	263.221	221.476
17.123	576.735	375.058	263.221	221.476
17.133	576.735	375.364	262.651	221.476
17.143	576.735	375.364	262.651	221.355
17.153	576.735	375.537	262.651	221.355
17.163	576.417	375.537	262.651	221.355
17.173	574.600	375.591	262.651	221.119
17.183	573.738	375.591	262.498	221.119
17.193	573.738	375.591	262.498	221.054
17.203	574.587	375.451	262.498	221.054
17.213	574.587	375.451	262.790	221.054
17.223	521.794	375.451	262.790	221.054
17.233	521.794	375.451	262.790	221.041
17.243	525.364	375.451	262.790	221.041
17.253	525.367	375.189	262.210	221.041
17.263	525.367	375.189	262.210	221.041
17.273	525.367	375.189	262.210	221.041
17.283	522.157	375.189	262.210	221.029
17.293	522.157	375.189	262.210	220.910
17.303	522.157	375.189	262.266	220.910
17.313	521.844	375.206	262.288	220.910
17.323	520.993	375.206	262.330	220.910
17.333	520.993	375.206	262.533	220.910
17.343	521.704	375.206	262.582	220.942
17.353	521.704	375.206	262.582	220.942
17.363	522.452	374.970	262.582	220.932
17.373	522.452	374.970	262.582	220.888
17.383	522.520	374.970	262.680	220.888
17.393	522.555	375.564	262.680	220.888
17.403	522.555	375.564	262.386	220.888
17.413	523.662	375.644	262.386	220.888
17.423	523.662	375.644	262.168	220.894
17.433	523.115	375.644	262.168	220.994
17.443	523.115	375.644	262.168	221.007
17.453	524.309	375.644	262.168	221.126
17.463	524.309	375.561	262.538	221.126
17.473	524.309	375.561	262.859	221.261
17.483	524.309	375.561	262.859	221.261
17.493	524.830	375.561	262.859	221.261
17.503	525.926	375.561	263.751	221.261
17.513	525.926	375.405	263.872	221.261
17.523	547.017	375.405	263.872	221.364
17.533	547.017	375.713	263.872	221.623
17.543	564.341	375.736	263.872	221.967
17.553	585.089	376.364	264.258	221.967
17.563	585.089	376.364	264.258	221.496
17.573
17.583
17.593	585.687	396.846	275.261	198.049
17.603	585.687	396.846	275.261	198.049
17.613	586.908	396.447	247.794	197.802
17.623	586.908	396.447	247.470	197.672
17.633	586.908	396.447	247.470	197.672
17.643	586.368	396.447	247.537	197.672
17.653	586.368	396.185	247.537	197.672
17.663	586.368	396.185	247.537	197.672
17.673	586.368	396.185	247.537	196.666
17.683	585.483	395.232	248.348	196.666
17.693	585.483	395.232	248.371	196.763
17.703	581.562	395.232	248.371	196.763
17.713	581.562	395.232	248.485	196.421
17.723	581.562	395.232	248.485	196.247
17.733	581.562	395.052	248.485	196.247
17.743	581.562	394.606	248.485	196.247
17.753	586.333	394.606	248.485	195.679
17.763	591.411	394.791	248.302	195.672
17.773	592.596	394.791	248.232	195.672
17.783	592.697	394.791	248.232	195.490
17.793	592.697	394.791	248.232	195.490
17.803	592.018	394.791	248.232	195.490
17.813	591.170	394.992	248.232	195.490
17.823	591.170	394.992	248.155	195.490
17.833	586.232	394.992	248.155	195.546
17.843	586.232	394.992	248.155	195.568
17.853	586.232	394.992	248.580	195.823
17.863	586.232	395.087	248.739	195.823
17.873	586.232	395.087	248.770	196.095
17.883	584.174	395.350	248.770	196.095
17.893	583.737	395.705	248.770	196.853
17.903	583.737	395.705	248.770	196.853
17.913	583.737	395.705	248.607	196.955
17.923	583.737	395.705	248.607	196.955
17.933	583.824	396.220	248.607	196.871
17.943	586.174	396.220	248.401	196.871
17.953	591.498	396.274	248.401	196.871
17.963	591.718	396.280	248.401	196.871
17.973	591.718	396.280	248.812	196.871
17.983	588.995	396.123	248.823	196.358
17.993	588.995	396.123	248.928	196.358
18.003	588.995	396.123	248.928	196.358
18.013	588.995	396.193	248.797	196.358
18.023	588.995	396.193	248.797	195.733
18.033	586.182	396.193	248.797	195.733
18.043	586.182	396.193	248.797	195.154
18.053	584.182	396.193	248.521	195.143
18.063	580.231	395.386	248.521	195.036
18.073	580.231	395.386	248.521	195.036
18.083	580.231	395.386	248.521	195.036
18.093	580.231	395.386	248.511	195.036
18.103	580.231	395.386	248.511	195.036
18.113	580.231	395.386	248.511	195.109
18.123	582.793	395.105	248.511	195.138
18.133	586.186	395.105	248.778	195.338
18.143	590.123	395.536	248.778	195.569
18.153	590.132	395.536	248.778	196.348
18.163	590.123	395.536	248.778	196.348
18.173	588.088	395.536	248.599	196.348
18.183	588.088	395.536	248.295	196.507
18.193	588.088	396.438	248.295	196.507
18.203	588.088	396.438	248.281	196.507
18.213	586.715	396.438	248.281	196.507
18.223	583.825	396.438	248.281	196.507
18.233	579.224	396.438	248.281	196.507
18.243	579.224	396.227	248.281	196.339
18.253	581.774	396.227	248.534	196.152
18.263	581.774	396.227	248.534	195.225
18.273	581.774	396.089	248.419	194.922
18.283	581.774	396.089	248.419	194.864
18.293	582.453	396.089	248.419	194.828
18.303	583.993	396.221	247.654	194.828
18.313	592.133	396.221	247.654	194.828
18.323	592.133	396.221	247.654	194.828
18.333	591.649	396.221	247.654	194.828
18.343	591.052	396.366	247.654	195.088
18.353	589.374	396.805	247.938	195.088
18.363	589.374	396.805	247.938	196.181
18.373	589.374	396.805	247.938	196.181
18.383	589.374	397.215	247.685	196.181
18.393	589.374	397.215	247.392	196.181
18.403	586.688	397.215	247.392	196.496
18.413	584.426	397.215	247.392	196.496
18.423	583.970	396.677	247.392	196.496
18.433	583.970	396.677	247.392	196.496
18.443	583.970	396.677	247.146	196.496
18.453	583.970	396.677	247.146	196.455
18.463	583.970	396.677	247.127	196.364
18.473	585.583	395.974	247.098	196.098
18.483	592.033	395.974	247.097	196.072
18.493	592.033	395.974	247.097	195.828
18.503	591.895	395.974	246.887	195.380
18.513	591.895	396.349	246.887	195.380
18.523	590.666	396.349	246.842	195.127
18.533	589.421	396.349	246.842	195.118
18.543	589.421	396.349	246.603	195.008
18.553	589.421	396.349	246.603	195.008
18.563	589.421	396.627	246.603	195.534
18.573	589.421	396.627	246.603	195.534
18.583	586.566	396.209	246.563	195.618
18.593	585.133	396.209	246.563	197.652
18.603	583.396	396.209	246.563	197.956
18.613	582.942	396.260	247.197	198.135
18.623	582.942	396.260	247.197	198.135
18.633	582.942	396.260	248.022	198.135
18.643	582.942	396.260	252.138	198.135
18.653	582.942	396.370	252.138	198.135
18.663	591.624	397.141	252.138	198.098
18.673	591.624	397.141	252.138	198.098
18.683	591.624	397.141	252.138	197.886
18.693	588.506	397.141	251.530	197.886
18.703	586.715	397.141	251.530	197.964
18.713	586.715	397.905	251.413	198.089
18.723	586.715	398.928	250.902	198.100
18.733	586.715	398.928	250.902	198.089
18.743
18.753
18.763
18.773
18.783
18.793
18.803
18.813
18.823
18.833
18.843
18.853
18.863
18.873
18.883
18.893
18.903
18.913
18.923
18.933
18.943
18.953
18.963
18.973
18.983
18.993
19.003
19.013
19.023
19.033
19.043
19.053
19.063
19.073
19.083
19.093
19.103
19.113
19.123
19.133
19.143
19.153
19.163
19.173
19.183
19.193
19.203
19.213
19.223
19.233
19.243
19.253
19.263
19.273
19.283
19.293
19.303	395.248	658.209	187.932	169.252
19.313	396.137	658.209	187.932	169.252
19.323	396.327	376.923	185.014	169.252
19.333	396.137	376.284	185.014	169.252
19.343	395.341	376.284	258.905	169.252
19.353	394.795	376.284	260.708	169.252
19.363	391.822	376.284	261.377	167.927
19.373	388.989	395.455	261.600	167.866
19.383	388.989	395.553	261.600	167.866
19.393	388.235	395.455	263.142	167.866
19.403	388.235	395.030	263.142	167.866
19.413	389.459	395.030	262.974	167.866
19.423	389.560	395.779	262.974	167.667
19.433	390.132	395.827	262.974	167.667
19.443	391.293	395.857	262.974	167.667
19.453	392.074	395.857	262.974	167.667
19.463	392.074	395.857	262.974	167.667
19.473	392.457	395.857	262.414	167.298
19.483	392.457	395.352	262.048	167.274
19.493	393.095	395.352	261.411	167.272
19.503	393.105	395.352	261.226	167.237
19.513	393.445	395.352	261.226	167.182
19.523	393.445	395.352	261.226	167.182
19.533	393.445	395.031	261.226	167.258
19.543	393.445	395.031	261.226	167.316
19.553	394.633	395.031	261.396	167.316
19.563	394.633	395.031	261.396	167.316
19.573	394.633	395.031	261.906	167.316
19.583	394.633	394.962	261.906	167.316
19.593	394.633	394.962	261.906	167.316
19.603	394.633	394.962	262.196	166.759
19.613	394.777	394.962	262.196	166.759
19.623	395.111	394.903	262.196	166.759
19.633	395.453	394.903	262.196	166.759
19.643	395.571	394.645	262.196	167.107
19.653	395.571	394.645	261.786	167.116
19.663	395.664	394.645	261.786	167.116
19.673	395.921	394.645	261.786	167.116
19.683	395.921	394.650	261.786	166.713
19.693	395.921	394.806	261.864	166.708
19.703	396.593	394.806	261.864	166.708
19.713	396.593	394.806	262.259	166.708
19.723	396.593	395.145	262.282	166.708
19.733	396.741	395.145	262.282	166.619
19.743	396.741	395.098	262.150	166.619
19.753	396.741	395.098	262.150	166.646
19.763	396.741	395.098	262.150	167.563
19.773	396.410	395.098	262.150	167.598
19.783	396.410	395.139	262.150	167.598
19.793	396.410	395.856	262.309	167.598
19.803	396.811	395.856	263.161	167.598
19.813	396.811	395.856	263.161	167.598
19.823	396.811	397.909	263.161	167.720
19.833	396.832	405.755	263.161	167.780
19.843	396.861	405.755	263.161	167.720
19.853	396.832	399.183	263.161	165.169
19.863
19.873
19.883
19.893	870.489	297.725	265.478	188.096
19.903	882.940	297.725	266.834	188.096
19.913	889.087	297.234	265.478	187.981
19.923	890.241	297.161	262.784	187.954
19.933	891.964	297.160	262.784	187.954
19.943	891.964	297.160	263.020	187.954
19.953	444.303	296.776	263.020	187.954
19.963	444.303	296.776	263.020	187.954
19.973	444.303	296.776	263.020	187.134
19.983	441.918	296.776	263.020	187.087
19.993	441.918	296.776	263.662	187.075
20.003	441.918	296.330	263.662	187.075
20.013	445.315	296.330	263.662	187.188
20.023	445.623	296.330	263.662	187.188
20.033	445.315	296.330	263.662	187.188
20.043	445.592	296.330	263.512	187.188
20.053	445.592	296.330	262.972	187.188
20.063	445.592	296.185	262.972	187.018
20.073	445.592	296.185	262.972	187.018
20.083	444.885	296.185	262.390	187.018
20.093	444.885	296.185	262.390	187.018
20.103	444.885	296.083	262.390	187.018
20.113	443.409	295.885	262.390	186.696
20.123	443.409	295.875	262.390	186.557
20.133	443.409	295.825	262.628	186.557
20.143	443.409	295.825	262.628	186.557
20.153	443.409	295.825	262.415	186.371
20.163	442.213	295.825	262.415	186.371
20.173	441.871	295.825	262.415	186.371
20.183	441.571	295.791	262.415	186.371
20.193	441.571	295.791	262.415	186.371
20.203	441.571	295.791	262.649	186.371
20.213	441.571	295.798	262.649	186.575
20.223	441.571	295.803	262.649	186.575
20.233	439.806	295.863	262.631	186.574
20.243	439.806	295.863	262.631	186.574
20.253	437.667	295.863	262.637	186.574
20.263	436.380	295.863	262.637	186.574
20.273	433.833	295.863	262.393	186.247
20.283	429.270	295.986	262.393	186.216
20.293	423.597	295.986	262.393	186.216
20.303	423.597	295.986	262.393	186.216
20.313	423.173	296.036	262.393	186.216
20.323	423.173	296.036	262.425	186.216
20.333	491.513	296.036	262.425	186.225
20.343	491.513	296.083	262.425	186.225
20.353	491.273	296.083	262.425	186.225
20.363	490.835	296.083	262.425	186.233
20.373	490.835	296.083	262.896	186.290
20.383	490.835	296.218	263.754	186.290
20.393	489.683	296.218	264.051	186.290
20.403	488.755	296.218	264.051	186.290
20.413	488.755	296.218	264.051	186.290
20.423	488.755	296.218	264.051	186.729
20.433	488.755	297.081	264.289	186.773
20.443	488.755	299.690	266.195	188.190
20.453	490.127	299.690	268.888	188.235
20.463	490.127	299.690	268.888	189.280
20.473	490.127	299.690	268.888	209.297
20.483	490.127	296.509	248.342	209.297
20.493	491.166	296.509	247.833	209.220
20.503	494.622	296.536	247.833	209.220
20.513	494.622	296.653	247.916	209.237
20.523	494.622	296.674	247.916	209.237
20.533	494.622	296.674	248.094	209.206
20.543	493.402	296.674	248.277	209.192
20.553	492.741	296.380	248.277	209.192
20.563	490.324	296.380	247.912	208.819
20.573	489.688	296.380	247.796	208.819
20.583	489.688	296.380	247.796	208.819
20.593	489.234	296.380	247.796	208.728
20.603	489.234	296.060	247.796	208.728
20.613	489.234	296.060	247.199	208.728
20.623	489.234	296.060	247.199	208.728
20.633	489.234	295.860	247.418	208.686
20.643	491.619	295.860	247.418	208.363
20.653	491.619	295.860	247.418	208.330
20.663	491.619	295.860	247.418	208.330
20.673	491.619	295.860	247.955	208.316
20.683	494.650	295.593	247.955	208.316
20.693	494.650	295.593	247.955	208.316
20.703	494.650	295.593	247.955	208.316
20.713	493.370	295.593	247.660	208.316
20.723	492.763	295.548	247.660	208.316
20.733	491.718	295.548	247.660	208.468
20.743	490.010	295.572	247.660	208.479
20.753	489.601	295.572	247.660	208.479
20.763	489.601	295.572	248.159	208.479
20.773	489.601	295.572	248.159	208.479
20.783	489.601	295.514	248.159	208.528
20.793	491.062	295.514	248.159	208.528
20.803	491.062	295.514	248.159	208.528
20.813	491.062	295.614	248.159	208.528
20.823	491.062	295.614	248.375	208.528
20.833	494.201	295.614	248.375	208.275
20.843	494.201	295.614	248.375	208.275
20.853	494.201	295.614	248.375	208.275
20.863	494.201	295.526	248.375	208.130
20.873	494.045	295.526	248.375	207.898
20.883	494.045	295.526	248.831	207.826
20.893	494.094	295.526	248.831	207.781
20.903	494.104	295.526	250.020	207.781
20.913	494.094	295.370	250.020	207.781
20.923	493.794	295.370	250.428	207.781
20.933	493.794	295.370	250.428	207.716
20.943	511.767	295.370	250.428	207.631
20.953	512.455	295.370	250.428	207.631
20.963	513.255	295.470	250.428	207.631
20.973	513.255	295.657	250.740	207.631
20.983	513.255	295.657	251.529	208.775
20.993	513.255	296.061	251.529	208.775
21.003	514.270	296.518	251.741	208.775
21.013	514.287	297.204	252.042	208.775
21.023	514.523	298.502	253.093	208.907
21.033	514.620	299.929	254.107	210.961
21.043	514.620	299.929	254.107	212.113
21.053	514.620	266.587	254.107	219.801
21.063	514.620	266.587	254.918	220.257
21.073	515.254	264.335	325.791	221.330
21.083	515.684	264.335	326.907	222.698
21.093	515.684	264.387	326.907	223.141
21.103	515.684	264.618	327.803	223.141
21.113	515.967	264.678	328.279	223.141
21.123	515.967	264.678	328.817	221.592
21.133	515.849	264.678	329.057	221.548
21.143	515.469	264.678	329.057	221.548
21.153	514.913	264.745	329.057	221.548
21.163	514.913	264.745	329.057	221.282
21.173	514.913	264.253	329.057	221.261
21.183	514.913	264.253	328.578	221.159
21.193	514.913	264.253	328.578	221.146
21.203	514.730	264.056	328.578	221.146
21.213	514.730	264.056	328.578	221.146
21.223	515.809	264.482	329.183	221.146
21.233	520.111	264.482	329.183	221.003
21.243	520.111	264.482	329.183	220.936
21.253	519.581	264.482	329.183	220.528
21.263	519.581	264.467	329.755	220.528
21.273	522.260	264.467	332.451	219.986
21.283	585.195	264.467	332.457	219.986
21.293	585.195	264.467	332.538	219.986
21.303	584.856	264.467	332.538	219.986
21.313	584.596	264.467	332.538	219.986
21.323	584.596	264.556	332.538	220.192
21.333	585.641	264.556	332.538	221.283
21.343	586.206	264.643	334.904	221.388
21.353	586.206	264.643	348.595	221.454
21.363	586.206	264.643	348.595	221.461
21.373	586.534	264.643	348.595	221.461
21.383	586.742	264.643	351.026	221.392
21.393	587.693	264.809	358.679	221.375
21.403	587.693	264.809	358.679	221.358
21.413	587.693	264.809	358.656	221.358
21.423	587.350	264.809	358.596	221.358
21.433	587.028	265.076	358.501	221.358
21.443	587.064	265.076	358.290	221.119
21.453	587.064	265.076	358.100	221.119
21.463	587.064	265.076	358.100	220.989
21.473	587.064	265.076	358.100	220.695
21.483	587.064	264.815	358.100	219.902
21.493	587.064	264.791	357.160	219.902
21.503	588.594	264.791	357.160	219.902
21.513	588.594	264.791	356.460	219.902
21.523	587.572	264.791	353.442	219.902
21.533	587.572	264.841	353.442	219.902
21.543	587.572	264.932	353.442	220.001
21.553	587.572	264.932	354.492	222.076
21.563	587.572	264.932	354.671	222.185
21.573	589.808	264.932	354.671	222.312
21.583	603.763	265.531	354.671	222.312
21.593	611.628	265.531	354.671	222.312
21.603	645.711	265.531	354.671	222.312
21.613	662.220	265.531	356.669	222.312
21.623	662.834	266.519	365.461	222.338
21.633	662.834	266.519	373.240	222.338
21.643	662.834	266.755	373.240	222.649
21.653	662.834	266.755	398.511	223.091
21.663	662.633	266.755	398.671	223.091
21.673	661.691	266.755	398.705	222.932
21.683	661.534	266.755	399.107	197.068
21.693	661.387	266.472	399.188	196.911
21.703	661.387	266.086	399.197	196.652
21.713	660.627	266.086	399.197	196.465
21.723	660.027	266.086	399.197	196.381
21.733	660.027	264.106	399.197	196.301
21.743	660.595	264.106	399.147	196.298
21.753	660.622	264.106	395.487	196.179
21.763	660.622	264.106	395.487	196.179
21.773	661.487	264.106	395.487	196.179
21.783	661.487	263.899	395.487	196.179
21.793	661.487	263.899	395.487	196.023
21.803	661.487	265.709	395.602	196.023
21.813	661.487	265.709	396.282	195.976
21.823	661.527	265.709	399.979	195.976
21.833	662.897	265.709	399.979	195.976
21.843	686.653	265.709	399.979	195.976
21.853	686.653	265.709	399.979	195.879
21.863	686.653	265.528	399.979	195.879
21.873	698.435	265.528	399.561	195.879
21.883	698.435	265.528	399.476	195.879
21.893	697.622	265.607	399.476	195.879
21.903	696.897	265.607	415.118	195.818
21.913	696.450	265.607	415.118	195.768
21.923	696.450	265.607	415.118	195.679
21.933	696.450	265.750	261.017	195.679
21.943	696.450	265.979	261.017	196.439
21.953	696.391	269.702	261.636	196.439
21.963	695.286	269.702	261.636	176.213
21.973	695.286	272.012	261.636	176.213
21.983	695.286	442.910	261.636	177.322
21.993	695.286	444.085	261.636	177.322
22.003	696.512	443.776	262.989	177.231
22.013	696.512	443.776	262.989	177.162
22.023	696.512	443.745	262.689	177.107
22.033	696.522	443.745	262.592	177.107
22.043	696.522	443.745	262.592	177.107
22.053	696.040	443.745	262.592	177.107
22.063	696.040	444.722	262.592	177.107
22.073	696.468	444.733	262.082	176.981
22.083	696.597	444.722	262.082	176.912
22.093	696.597	444.654	262.082	176.740
22.103	696.597	444.654	262.082	176.739
22.113	696.597	444.654	262.082	176.739
22.123	696.597	444.150	262.552	176.739
22.133	695.663	444.028	262.753	176.739
22.143	695.442	444.028	262.753	176.580
22.153	695.438	444.028	262.753	176.580
22.163	694.084	444.028	263.125	176.580
22.173	692.507	444.028	263.125	176.580
22.183	685.556	444.100	263.125	176.580
22.193	678.688	444.154	263.125	176.694
22.203	589.404	444.154	263.125	176.694
22.213	589.372	444.466	263.612	176.710
22.223	588.472	444.572	263.612	176.710
22.233	586.660	444.691	263.612	171.525
22.243	585.444	444.999	263.764	171.525
22.253	585.193	444.999	263.764	171.164
22.263
22.273
22.283
22.293	590.315	400.571	263.367	197.342
22.303	591.215	400.692	263.367	197.342
22.313	591.215	400.692	263.687	197.342
22.323	591.215	400.854	263.741	197.342
22.333	592.824	401.115	263.770	197.342
22.343	593.496	401.115	263.770	197.342
22.353	593.496	401.115	263.608	196.780
22.363	593.496	401.115	263.207	196.589
22.373	593.016	401.115	263.207	196.589
22.383	593.016	400.718	263.207	196.589
22.393	593.016	400.718	263.207	196.589
22.403	593.016	398.814	263.087	196.589
22.413	592.678	398.814	262.940	196.399
22.423	591.476	398.106	262.940	196.399
22.433	587.691	397.770	262.940	196.399
22.443	587.691	397.770	262.940	196.205
22.453	582.718	397.770	263.241	195.141
22.463	582.718	397.770	263.241	194.959
22.473	584.173	397.290	263.241	194.888
22.483	584.173	397.290	263.241	194.888
22.493	584.173	397.290	263.284	194.888
22.503	584.173	397.290	263.284	194.888
22.513	586.259	397.263	263.080	194.888
22.523	592.267	396.844	263.080	194.888
22.533	592.601	396.844	262.694	194.898
22.543	592.601	396.844	262.643	195.476
22.553	592.177	396.844	262.643	195.476
22.563	590.765	397.021	262.643	196.429
22.573	590.765	397.021	262.643	196.429
22.583	590.765	397.021	262.986	196.429
22.593	590.765	397.021	262.986	196.706
22.603	590.765	397.021	262.986	196.886
22.613	589.559	396.635	262.986	196.887
22.623	586.999	396.635	263.176	196.887
22.633	584.709	396.635	263.186	196.887
22.643	583.407	396.635	263.186	196.887
22.653	583.407	396.585	263.186	196.887
22.663	583.407	396.321	263.186	196.887
22.673	583.407	396.096	263.186	196.855
22.683	583.407	396.096	263.186	194.894
22.693	583.771	397.885	263.186	194.894
22.703	585.687	397.885	263.195	194.894
22.713	597.293	397.885	263.195	194.894
22.723	597.293	397.885	263.192	194.894
22.733	592.881	397.885	263.157	194.807
22.743	592.444	397.885	263.157	194.807
22.753	592.444	397.554	263.529	195.178
22.763	592.444	397.554	263.529	198.289
22.773	592.444	397.554	263.529	198.289
22.783	586.136	396.989	263.529	198.289
22.793	586.136	396.989	263.864	198.289
22.803	583.455	393.557	264.353	198.289
22.813	583.455	393.557	264.382	198.724
22.823	583.455	393.557	264.828	200.727
22.833	583.455	393.557	266.367	201.634
22.843	585.042	393.557	270.552	200.727
22.853	591.471	394.685	276.953	199.648
22.863	594.272	394.685	284.516	97.004
22.873	594.272	395.359	284.516	97.004
22.883	592.563	395.359	248.129	97.512
22.893	592.149	398.363	248.129	97.766
22.903	592.149	398.718	249.215	97.848
22.913	592.149	398.718	249.485	97.891
22.923	592.149	398.099	249.485	97.916
22.933	592.149	398.099	249.485	97.931
22.943	588.538	398.099	250.021	97.931
22.953	585.662	398.099	250.021	97.928
22.963	585.662	397.168	249.934	97.928
22.973	584.958	397.168	249.934	97.883
22.983	584.958	394.080	249.970	97.883
22.993	584.958	394.080	249.970	97.883
23.003	584.958	393.904	249.970	97.883
23.013	594.910	393.904	249.970	97.883
23.023	595.367	393.904	249.970	97.859
23.033	595.367	393.904	249.859	97.859
23.043	594.773	393.904	249.469	97.859
23.053	592.779	394.631	249.469	97.903
23.063	590.527	398.959	249.469	97.926
23.073	590.527	399.306	249.469	97.926
23.083	590.527	399.321	249.469	97.926
23.093	590.527	399.321	249.209	97.926
23.103	590.527	398.083	249.209	97.926
23.113	589.807	398.083	249.163	98.038
23.123	586.622	398.083	249.163	98.038
23.133	586.622	398.083	249.163	98.038
23.143	588.123	398.083	249.163	97.998
23.153	588.123	396.916	249.163	97.998
23.163	588.123	393.831	249.483	97.998
23.173	590.576	393.831	249.483	97.932
23.183	591.468	393.831	249.483	97.932
23.193	591.468	393.831	248.867	97.932
23.203	591.468	394.606	248.867	97.932
23.213	591.928	396.240	248.914	97.932
23.223	591.928	396.240	248.914	98.052
23.233	591.928	396.240	248.914	98.052
23.243	591.673	352.809	248.717	98.052
23.253	591.673	352.061	248.717	98.115
23.263	591.673	351.995	248.717	98.120
23.273	591.673	351.631	248.717	98.120
23.283	591.673	351.593	248.175	98.120
23.293	591.789	351.593	248.175	98.120
23.303	592.040	351.571	248.175	98.120
23.313	592.396	351.571	248.175	98.095
23.323	592.805	351.571	248.175	98.095
23.333	593.164	351.571	247.823	98.091
23.343	593.164	351.571	247.823	98.091
23.353	593.164	351.800	247.979	98.151
23.363	592.972	351.800	247.979	98.151
23.373	592.807	351.124	247.979	98.255
23.383	591.391	351.124	247.979	98.255
23.393	585.967	351.124	247.979	98.315
23.403	585.382	351.124	248.166	98.385
23.413	585.382	351.124	248.654	98.494
23.423	585.246	351.124	248.654	98.724
23.433	585.121	351.226	249.654	98.840
23.443	585.121	352.087	249.654	99.018
23.453	585.121	352.087	249.654	99.396
23.463	510.650	352.087	249.654	99.548
23.473	509.917	352.087	249.696	100.070
23.483	510.650	352.087	249.641	176.803
23.493	511.012	352.273	234.822	210.734
23.503	511.012	352.273	234.822	210.734
23.513
23.523
23.533
23.543
23.553
23.563
23.573
23.583	518.961	331.922	196.321	131.185
23.593	521.610	331.922	196.679	131.185
23.603	521.610	331.922	197.268	131.185
23.613	518.650	331.558	197.435	131.185
23.623	518.279	331.558	197.531	131.004
23.633	516.864	331.558	197.531	130.997
23.643	516.198	331.558	197.531	130.997
23.653	516.164	331.558	197.531	130.997
23.663	516.164	331.473	197.566	130.997
23.673	517.439	331.293	198.057	130.998
23.683	517.788	331.293	198.057	130.998
23.693	519.174	331.293	198.017	130.998
23.703	519.174	331.293	198.017	130.998
23.713	519.174	331.293	198.025	130.998
23.723	520.924	331.544	198.025	130.831
23.733	520.924	331.544	198.025	130.831
23.743	521.134	331.544	198.025	130.852
23.753	521.288	331.544	198.025	130.852
23.763	521.288	331.516	198.025	130.852
23.773	521.288	331.516	198.200	130.852
23.783	521.288	331.516	198.200	130.906
23.793	521.288	331.516	198.200	130.970
23.803	518.059	331.516	198.200	130.970
23.813	515.742	331.480	198.200	130.970
23.823	515.742	331.480	198.174	130.863
23.833	515.742	331.594	198.174	130.849
23.843	515.742	331.966	198.174	130.837
23.853	515.742	331.966	198.174	130.837
23.863	515.742	331.966	198.174	130.985
23.873	517.498	332.008	198.093	130.985
23.883	521.787	332.052	198.093	130.985
23.893	521.787	332.052	198.093	130.985
23.903	523.821	332.052	197.986	130.985
23.913	523.864	332.052	197.805	131.155
23.923	523.864	332.052	197.805	131.155
23.933	523.864	332.242	197.805	131.155
23.943	523.864	332.242	197.805	131.155
23.953	523.864	332.341	197.805	130.911
23.963	523.864	332.341	198.086	130.911
23.973	523.038	332.341	198.086	130.911
23.983	516.530	332.341	198.349	131.012
23.993	516.530	332.219	198.349	131.012
24.003	516.530	332.219	198.349	131.033
24.013	515.739	332.219	198.295	131.033
24.023	515.739	332.219	198.189	131.033
24.033	515.739	331.803	198.189	131.033
24.043	515.739	331.630	198.196	130.978
24.053	515.739	331.630	198.196	130.978
24.063	519.239	331.630	198.196	131.069
24.073	524.194	331.630	198.196	131.069
24.083	524.914	331.549	198.196	131.069
24.093	524.914	331.549	198.357	131.069
24.103	522.880	331.549	198.357	130.980
24.113	522.880	331.823	198.047	130.980
24.123	522.880	331.823	198.047	130.980
24.133	522.880	331.823	198.047	130.980
24.143	522.880	332.394	198.047	131.000
24.153	516.396	332.394	197.995	131.000
24.163	515.758	332.394	197.995	131.000
24.173	515.758	332.394	197.995	131.000
24.183	515.758	332.394	198.332	131.017
24.193	515.758	333.105	198.332	131.192
24.203	518.268	333.402	198.332	131.192
24.213	518.268	333.402	198.332	131.192
24.223	518.888	333.459	198.226	131.192
24.233	520.592	333.459	198.226	131.227
24.243	526.301	333.459	198.226	131.227
24.253	526.301	333.459	198.226	131.456
24.263	526.301	333.477	198.226	131.456
24.273	526.301	333.477	198.218	131.794
24.283	526.301	333.073	198.218	131.794
24.293	525.793	332.984	198.422	131.779
24.303	518.391	332.438	198.422	131.779
24.313	517.663	332.438	198.422	131.779
24.323	517.663	332.438	198.440	131.779
24.333	517.663	332.198	198.440	131.779
24.343	517.663	331.686	198.440	131.558
24.353	517.663	331.686	198.440	131.543
24.363	518.271	331.686	198.440	131.543
24.373	520.756	331.981	198.361	131.543
24.383	520.756	331.981	198.361	131.543
24.393	522.052	332.505	198.361	131.172
24.403	523.126	332.581	198.361	131.172
24.413	523.126	333.385	198.361	131.172
24.423	524.477	333.385	198.566	131.172
24.433	524.477	333.385	198.566	131.172
24.443	524.477	333.385	198.566	131.155
24.453	524.477	333.385	198.566	130.951
24.463	522.520	334.709	198.505	130.600
24.473	522.520	334.709	198.505	130.600
24.483	520.051	334.793	198.505	130.600
24.493	520.051	334.793	198.505	130.600
24.503	520.223	334.609	198.505	130.600
24.513	520.223	334.609	198.505	130.600
24.523	520.223	334.609	198.497	130.747
24.533	520.223	334.609	198.497	130.995
24.543	519.811	334.609	198.809	130.995
24.553	519.811	333.397	198.809	131.664
24.563	519.811	333.397	198.771	131.664
24.573
24.583
24.593
24.603
24.613
24.623
24.633
24.643
24.653	519.166	335.981	198.570	130.831
24.663	519.166	335.981	198.647	130.843
24.673	519.166	335.981	198.647	130.831
24.683	519.166	335.981	198.647	130.798
24.693
24.703
24.713
24.723
24.733
24.743
24.753
24.763
24.773
24.783
24.793
24.803
24.813
24.823
24.833
24.843
24.853
24.863
24.873
24.883
24.893
24.903
24.913
24.923
24.933
24.943
24.953
24.963
24.973
24.983
24.993
25.003
25.013
25.023
25.033
25.043
25.053
25.063
25.073
25.083
25.093
25.103
25.113
25.123
25.133
25.143
25.153
25.163
25.173
25.183
25.193
25.203
