0.023
0.033
0.043
0.053
0.063
0.073
0.083
0.093
0.103
0.113
0.123	980.000	658.209	283.422	116.708
0.133	980.000	658.209	288.281	116.807
0.143	980.000	658.209	290.232	116.807
0.153	980.000	174.308	292.974	117.066
0.163	980.000	174.308	294.837	117.066
0.173	391.307	288.235	295.589	117.066
0.183	391.307	519.389	296.102	117.066
0.193	393.161	519.389	296.355	117.226
0.203	393.161	519.389	296.619	117.226
0.213	393.362	300.379	296.619	117.226
0.223	393.362	300.029	296.549	117.226
0.233	393.362	300.029	296.153	116.789
0.243	393.678	299.797	296.153	116.789
0.253	393.820	299.583	296.153	116.789
0.263	393.820	299.373	296.153	116.789
0.273	393.820	299.254	296.153	116.789
0.283	392.865	299.254	294.771	116.789
0.293	392.249	299.285	294.771	116.914
0.303	392.249	299.285	294.771	116.998
0.313	392.645	299.108	294.771	117.332
0.323	392.645	298.933	294.696	117.351
0.333	392.645	298.933	294.585	117.813
0.343	392.645	298.461	294.271	118.628
0.353	392.645	298.461	294.271	118.628
0.363	394.551	298.461	295.587	111.800
0.373	394.551	298.461	299.208	111.768
0.383	394.551	298.461	299.208	111.729
0.393	394.486	297.999	299.021	111.696
0.403	394.486	297.999	299.021	111.633
0.413	394.486	297.999	299.021	111.619
0.423	394.486	297.999	299.021	111.619
0.433	394.486	297.999	298.564	111.619
0.443	393.436	297.731	297.857	111.619
0.453	391.383	296.983	295.443	111.619
0.463	391.383	296.961	261.359	111.632
0.473	391.383	296.961	261.359	111.632
0.483	392.913	296.961	261.359	111.632
0.493	392.913	297.121	263.041	111.317
0.503	392.913	297.121	263.042	111.307
0.513	393.549	297.121	263.518	111.307
0.523	393.549	297.121	263.518	111.307
0.533	393.549	297.121	263.451	111.307
0.543	393.109	297.210	263.451	111.307
0.553	393.109	297.210	263.451	111.364
0.563	392.528	296.929	263.451	111.364
0.573	392.528	296.757	263.451	111.364
0.583	392.528	296.664	261.843	111.364
0.593	392.528	296.610	261.843	111.405
0.603	392.528	296.610	261.843	111.438
0.613	392.192	296.610	261.843	111.762
0.623	392.192	296.610	261.843	111.762
0.633	392.192	296.610	262.776	111.762
0.643	392.505	296.769	262.776	111.762
0.653	392.650	296.769	262.776	111.766
0.663	392.700	296.769	263.443	112.548
0.673	394.731	296.769	264.094	112.548
0.683	394.731	296.908	264.094	112.500
0.693	394.731	296.908	264.094	98.959
0.703	394.731	297.184	264.094	98.937
0.713	394.731	297.184	264.094	98.937
0.723	462.383	297.184	263.650	98.936
0.733	462.383	297.184	263.650	98.842
0.743	462.383	297.184	264.195	98.793
0.753	462.383	297.377	264.195	98.793
0.763	462.383	298.026	236.291	98.793
0.773	465.109	298.648	236.131	98.793
0.783	465.109	298.866	236.131	98.793
0.793	465.109	298.866	236.041	98.378
0.803	465.109	298.655	236.041	98.378
0.813	465.109	298.639	236.041	98.418
0.823	465.109	298.510	235.877	98.418
0.833	464.485	298.512	235.877	98.418
0.843	464.485	298.463	235.877	98.418
0.853	467.557	298.414	235.781	98.418
0.863	467.557	298.414	235.590	98.679
0.873	467.557	298.414	235.590	98.691
0.883	467.557	297.403	235.590	98.691
0.893	467.155	297.318	235.590	98.691
0.903	467.155	297.166	235.590	98.691
0.913	466.910	297.166	235.285	98.728
0.923	465.366	297.166	234.184	98.728
0.933	463.325	297.166	234.184	98.736
0.943	463.214	297.166	234.184	98.818
0.953	459.290	296.997	234.184	98.965
0.963	459.290	296.997	234.186	99.178
0.973	459.826	296.997	234.436	99.408
0.983	463.796	296.997	234.584	99.779
0.993	463.796	296.582	234.584	100.208
1.003	463.796	296.582	234.584	102.083
1.013	463.796	296.516	234.584	109.530
1.023	466.580	296.516	234.584	109.642
1.033	466.580	296.516	234.850	109.795
1.043	466.580	296.516	234.878	109.871
1.053	466.771	296.516	234.878	110.977
1.063	466.771	296.516	234.878	111.047
1.073	465.269	296.595	234.878	111.088
1.083	465.196	296.600	234.878	111.097
1.093	463.386	296.600	235.396	111.097
1.103	461.690	296.674	235.396	110.983
1.113	461.690	296.730	235.396	110.983
1.123	462.666	296.730	235.396	110.983
1.133	462.981	296.730	235.884	110.834
1.143	462.981	296.730	235.884	110.834
1.153	462.981	296.730	235.884	110.834
1.163	462.981	296.547	235.884	110.666
1.173	463.014	296.547	235.830	110.666
1.183	463.014	296.547	235.830	110.613
1.193	463.014	296.593	235.830	110.613
1.203	463.014	296.593	236.331	110.613
1.213	462.714	296.593	236.331	110.583
1.223	462.068	296.423	236.331	110.583
1.233	460.466	296.423	236.992	110.583
1.243	452.550	296.423	237.212	110.583
1.253	452.339	296.423	237.315	110.583
1.263	451.667	296.423	237.315	110.583
1.273	388.899	296.329	237.315	110.583
1.283	388.653	296.329	237.315	110.727
1.293	388.603	296.329	237.266	111.026
1.303	388.603	296.329	237.266	111.473
1.313	388.603	296.329	237.313	111.929
1.323	388.603	296.722	237.313	114.467
1.333	388.603	296.766	234.918	114.545
1.343	388.603	297.779	234.918	116.998
1.353	388.774	298.025	235.321	116.998
1.363	392.250	298.492	235.811	116.716
1.373	392.250	303.638	236.359	116.535
1.383	392.250	303.638	236.738	116.473
1.393	392.250	296.755	236.786	116.473
1.403	392.953	296.737	236.786	116.502
1.413	392.953	296.737	236.786	116.502
1.423	392.131	296.640	236.786	116.502
1.433	392.131	296.640	236.786	116.502
1.443	392.131	296.644	236.651	116.502
1.453	387.822	296.644	236.651	116.554
1.463	387.822	296.644	235.424	116.554
1.473	387.882	296.644	235.424	116.560
1.483	389.531	296.644	235.424	116.652
1.493	389.531	295.730	235.424	116.660
1.503	390.433	295.730	235.424	116.662
1.513	390.433	295.730	235.267	116.662
1.523	390.433	295.730	235.267	116.486
1.533	391.369	295.610	234.864	116.486
1.543	392.083	295.610	234.630	116.495
1.553	392.083	295.610	234.630	116.495
1.563	392.083	295.610	234.630	116.495
1.573	392.083	295.707	234.630	116.495
1.583	392.083	295.707	234.630	116.495
1.593	391.859	295.830	234.630	116.495
1.603	389.566	295.830	234.688	116.879
1.613	389.566	295.830	234.955	118.458
1.623	389.989	295.835	234.955	118.859
1.633	389.989	296.075	234.955	121.488
1.643	389.989	296.075	234.955	121.488
1.653	390.323	296.075	234.955	131.930
1.663	390.323	296.075	235.069	132.127
1.673	390.323	296.075	235.069	131.997
1.683	390.323	296.075	235.069	131.997
1.693	390.323	296.075	235.364	131.734
1.703	391.160	295.859	235.364	131.712
1.713	391.160	295.859	235.364	131.612
1.723	391.160	295.982	235.364	131.612
1.733	391.232	295.982	234.959	131.567
1.743	391.306	295.982	234.959	131.562
1.753	391.688	296.111	234.959	131.562
1.763	392.097	296.111	234.959	131.562
1.773	392.097	296.103	234.959	131.562
1.783	391.680	296.103	235.008	131.562
1.793	390.350	296.103	235.139	131.572
1.803	390.350	296.103	235.139	131.589
1.813	390.350	296.103	235.139	131.589
1.823	390.350	295.805	235.139	131.589
1.833	390.350	295.805	236.004	131.495
1.843	390.350	295.805	236.472	131.495
1.853	390.210	295.805	236.472	131.472
1.863	389.077	296.041	236.472	131.306
1.873	390.210	296.041	236.472	131.306
1.883	388.741	296.041	236.472	131.306
1.893	357.373	296.041	236.502	131.306
1.903	357.373	296.041	237.761	131.306
1.913	357.990	296.041	238.727	131.446
1.923	357.990	296.302	239.042	131.446
1.933	357.990	296.315	239.042	131.625
1.943	357.990	296.720	239.042	131.625
1.953	357.990	296.720	239.042	131.141
1.963	348.320	297.307	219.196	130.972
1.973	348.320	301.680	219.196	131.141
1.983	350.243	301.680	219.809	147.863
1.993	350.243	296.739	220.263	147.863
2.003	350.243	296.400	220.749	147.802
2.013	350.795	296.350	220.749	147.802
2.023	350.795	296.270	220.749	147.576
2.033	350.795	296.231	220.749	147.576
2.043	350.795	296.168	221.404	147.576
2.053	350.795	296.122	221.404	147.576
2.063	348.834	296.122	221.390	147.576
2.073	348.834	296.122	221.390	147.287
2.083	350.882	296.122	221.372	147.287
2.093	350.882	296.122	221.372	147.296
2.103	350.882	295.358	221.372	147.296
2.113	350.882	295.358	221.372	147.296
2.123	344.872	295.259	221.372	147.296
2.133	344.711	295.139	221.372	147.296
2.143	344.711	295.139	221.315	147.301
2.153	345.664	295.139	221.264	147.756
2.163	345.664	295.139	221.264	147.775
2.173	346.403	295.139	221.264	147.775
2.183	346.403	295.437	221.264	147.775
2.193	346.780	295.437	221.264	147.775
2.203	347.110	295.516	221.529	147.771
2.213	347.110	295.516	221.529	147.652
2.223	349.911	295.667	222.093	147.652
2.233	349.911	295.667	222.093	147.736
2.243	349.911	295.667	222.093	147.965
2.253	348.059	295.667	221.796	147.965
2.263	348.059	295.809	221.796	147.749
2.273	347.155	295.809	221.796	131.802
2.283	347.155	295.631	221.796	131.802
2.293	347.605	295.631	221.796	131.831
2.303	347.626	295.631	221.816	131.831
2.313	347.793	295.921	221.815	131.729
2.323	347.793	295.921	221.815	131.662
2.333	347.793	295.921	221.815	131.652
2.343	348.916	295.921	221.815	131.447
2.353	348.982	295.921	221.815	131.401
2.363	349.222	296.052	221.439	131.399
2.373	349.222	296.158	221.439	131.332
2.383	349.222	296.211	221.439	131.332
2.393	349.222	296.211	221.439	131.332
2.403	349.222	296.211	221.523	131.332
2.413	349.193	296.211	221.523	131.325
2.423	349.193	296.211	221.523	131.325
2.433	349.431	296.211	221.523	131.510
2.443	350.541	296.036	221.523	131.510
2.453	350.765	296.036	221.185	131.510
2.463	353.010	296.126	220.997	131.510
2.473	353.010	296.176	220.966	131.267
2.483	349.156	296.176	220.966	131.262
2.493	349.156	296.660	220.966	131.262
2.503	358.588	296.660	220.966	131.262
2.513	394.731	296.660	221.070	131.262
2.523	394.731	296.660	221.783	131.362
2.533	392.515	296.660	221.783	131.484
2.543	392.515	296.778	221.783	131.484
2.553	396.312	296.778	222.215	131.484
2.563	396.312	297.022	235.997	131.634
2.573	395.939	297.244	236.204	131.949
2.583	395.732	297.806	236.510	131.949
2.593	395.732	298.116	236.742	116.562
2.603	395.732	298.885	236.844	116.296
2.613	395.732	299.545	236.908	116.296
2.623	398.099	299.865	236.908	116.347
2.633	398.414	299.865	236.908	116.347
2.643	398.414	299.865	236.845	116.347
2.653	398.414	296.517	236.833	116.347
2.663	397.972	296.118	236.833	116.347
2.673	397.641	295.919	236.833	116.347
2.683	396.869	295.880	236.833	116.151
2.693	396.195	295.880	236.101	116.151
2.703	396.195	295.880	236.101	116.151
2.713	396.054	295.915	236.101	116.151
2.723	396.054	295.955	236.101	116.298
2.733	396.380	295.955	236.101	116.321
2.743	396.518	295.955	236.247	116.321
2.753	396.745	295.955	237.146	116.321
2.763	396.745	295.955	237.146	116.277
2.773	396.745	295.880	237.146	116.277
2.783	396.745	295.880	237.146	116.277
2.793	396.745	295.880	237.070	116.277
2.803	396.683	295.880	237.070	116.277
2.813	396.683	295.880	237.070	116.479
2.823	396.831	296.131	237.070	116.479
2.833	396.831	296.131	237.070	116.479
2.843	397.339	296.131	236.761	116.523
2.853	440.375	296.131	236.327	116.716
2.863	442.316	296.131	236.327	116.716
2.873	442.316	296.457	263.061	116.790
2.883	442.316	296.457	263.130	117.075
2.893	442.740	296.457	264.074	117.246
2.903	442.740	296.457	264.074	117.246
2.913	444.297	296.457	264.330	110.881
2.923	444.297	296.827	264.330	110.745
2.933	442.613	297.257	264.309	110.738
2.943	442.613	297.958	264.309	110.727
2.953	443.035	299.431	264.309	110.717
2.963	443.035	300.273	264.309	110.717
2.973	442.878	373.522	264.309	110.717
2.983	442.866	374.490	262.750	110.366
2.993	441.778	374.490	262.750	110.366
3.003	441.778	374.247	262.762	110.366
3.013	443.052	373.997	262.762	110.366
3.023	443.052	373.997	262.762	110.366
3.033	442.549	373.997	262.762	110.366
3.043	442.422	373.995	262.762	110.321
3.053	442.422	373.995	264.572	110.321
3.063	442.422	373.828	264.572	110.321
3.073	442.422	373.828	264.830	110.321
3.083	442.422	373.577	265.124	110.321
3.093	442.509	373.382	265.124	110.233
3.103	442.509	373.382	265.124	110.233
3.113	442.509	373.382	265.124	110.233
3.123	442.873	373.382	265.124	110.233
3.133	442.873	373.382	265.529	110.233
3.143	443.066	373.382	265.529	110.234
3.153	449.726	373.348	265.619	110.544
3.163	466.518	373.348	266.764	110.544
3.173	466.658	374.010	273.494	110.725
3.183	466.518	374.010	292.560	110.725
3.193	465.317	374.010	294.121	110.971
3.203	465.317	374.010	295.120	111.646
3.213	465.317	374.010	295.800	111.646
3.223	460.546	375.206	296.336	111.633
3.233	460.546	375.206	296.336	100.898
3.243	460.546	375.206	296.336	97.313
3.253	460.546	378.518	296.460	97.198
3.263	464.221	381.125	296.460	97.198
3.273	464.221	382.632	296.460	97.009
3.283	464.221	395.919	296.460	97.009
3.293	464.221	395.919	296.460	97.313
3.303	464.221	395.874	296.125	97.540
3.313	469.181	395.711	294.774	97.689
3.323	469.181	395.711	294.774	97.777
3.333	469.181	395.711	294.774	97.795
3.343	469.181	395.661	295.971	97.814
3.353	469.181	395.630	295.971	97.814
3.363	465.375	395.630	295.971	97.814
3.373	461.599	395.630	295.971	97.970
3.383	459.763	395.630	295.971	97.970
3.393	459.035	395.630	296.834	97.970
3.403	459.035	395.130	296.834	97.970
3.413	459.035	394.444	296.834	98.023
3.423	459.035	394.444	296.834	98.023
3.433	459.035	394.444	296.692	98.023
3.443	459.035	394.444	296.692	98.023
3.453	459.724	394.444	296.692	98.023
3.463	463.069	394.392	296.692	98.023
3.473	467.480	394.159	296.692	98.017
3.483	467.480	394.065	297.518	98.017
3.493	467.480	394.065	297.721	98.068
3.503	467.480	394.065	297.721	98.191
3.513	465.027	394.065	297.721	98.594
3.523	465.027	394.065	297.721	99.321
3.533	465.027	393.505	297.721	99.321
3.543	458.711	393.505	297.394	99.335
3.553	458.411	393.505	297.394	116.876
3.563	458.411	393.505	297.394	116.876
3.573	458.540	393.505	297.394	116.791
3.583	458.540	393.468	297.394	116.772
3.593	458.540	393.468	297.470	116.556
3.603	458.540	393.468	297.470	116.556
3.613	458.540	393.515	297.470	116.509
3.623	464.110	393.713	298.031	116.467
3.633	464.194	393.713	298.031	116.467
3.643	465.017	393.713	298.031	116.559
3.653	465.017	393.713	298.463	116.559
3.663	465.017	393.713	298.463	116.559
3.673	465.017	393.600	298.463	116.559
3.683	464.232	393.598	298.463	116.559
3.693	464.232	393.598	298.463	116.642
3.703	464.232	393.751	298.259	116.642
3.713	464.232	394.080	298.109	116.642
3.723	464.232	394.080	298.109	116.621
3.733	465.080	394.080	298.232	116.592
3.743	465.537	394.080	298.232	116.592
3.753	465.577	394.080	298.232	116.592
3.763	466.229	394.080	298.232	116.592
3.773	466.506	395.206	298.232	116.592
3.783	466.506	395.206	298.502	116.737
3.793	467.648	395.206	298.502	116.737
3.803	466.457	395.206	298.502	116.854
3.813	443.245	395.412	298.502	116.921
3.823	443.111	395.412	298.502	117.068
3.833	443.111	395.412	298.951	117.119
3.843	442.177	395.412	298.951	117.502
3.853	441.926	395.087	298.951	122.390
3.863	441.926	394.936	298.951	131.448
3.873	441.702	394.936	307.236	131.843
3.883	441.702	394.677	307.236	132.024
3.893	441.702	394.677	307.292	132.035
3.903	441.702	394.677	309.097	132.024
3.913	441.702	394.677	309.671	132.014
3.923	441.702	394.677	311.359	131.867
3.933	441.824	394.408	312.598	131.707
3.943	444.137	394.015	312.598	131.634
3.953	444.427	394.015	312.598	131.634
3.963	444.624	394.015	315.089	131.575
3.973	444.497	394.015	315.089	131.575
3.983	444.677	394.015	314.347	131.550
3.993	444.497	394.457	314.347	131.550
4.003	442.107	394.949	314.347	131.550
4.013	441.923	394.949	314.347	131.550
4.023	440.393	394.949	314.347	131.550
4.033	440.393	394.949	312.705	131.550
4.043	440.393	394.949	312.705	131.694
4.053	440.393	396.803	312.916	131.694
4.063	440.393	396.803	312.916	131.658
4.073	440.028	396.803	312.916	131.655
4.083	440.028	396.803	312.916	131.655
4.093	440.822	396.803	312.916	131.655
4.103	441.941	395.937	313.375	131.655
4.113	442.009	395.937	313.375	131.655
4.123	444.428	395.937	313.489	131.700
4.133	444.428	395.937	313.897	131.700
4.143	444.428	395.937	314.909	131.700
4.153	444.428	397.136	314.909	131.700
4.163	440.867	397.136	314.909	131.700
4.173	440.553	397.136	314.635	131.490
4.183	440.553	397.136	309.882	131.344
4.193	440.553	395.729	309.882	131.490
4.203	440.056	395.729	309.882	147.960
4.213	440.056	395.729	293.001	147.987
4.223	440.056	395.729	293.001	147.987
4.233	440.056	395.729	293.160	148.176
4.243	441.637	373.431	293.160	148.176
4.253	441.637	373.431	295.250	148.085
4.263	441.708	373.431	295.460	147.998
4.273	442.131	373.431	295.761	147.998
4.283	442.131	373.431	295.889	147.998
4.293	441.182	373.431	295.889	147.685
4.303	441.182	373.077	295.534	147.613
4.313	441.182	373.039	295.327	147.598
4.323	440.268	373.039	295.327	147.598
4.333	440.252	373.039	295.327	147.598
4.343	440.252	373.039	295.327	147.598
4.353	440.252	373.039	295.327	147.598
4.363	440.252	373.039	294.930	147.758
4.373	440.252	373.409	294.341	147.766
4.383	439.090	373.447	293.181	147.773
4.393	439.090	373.447	264.610	147.773
4.403	438.977	373.447	264.489	147.773
4.413	438.802	373.447	264.118	147.773
4.423	438.006	373.447	263.828	147.773
4.433	437.703	373.678	263.190	147.773
4.443	437.703	373.678	262.843	147.831
4.453	439.898	373.678	262.345	147.831
4.463	439.898	373.678	262.267	147.831
4.473	439.898	373.678	262.267	147.831
4.483	435.908	373.915	262.267	147.831
4.493	401.026	373.915	262.267	147.823
4.503	401.026	373.547	262.471	147.823
4.513	401.026	373.524	262.471	147.835
4.523	397.637	368.424	262.471	147.904
4.533	396.839	295.365	262.591	147.904
4.543	396.839	295.365	262.591	148.024
4.553	397.911	295.365	262.591	145.925
4.563	397.911	294.968	262.591	96.211
4.573	397.911	294.738	262.591	96.211
4.583	396.019	294.738	262.349	96.460
4.593	396.019	294.993	261.915	96.699
4.603	396.019	294.993	235.279	97.021
4.613	396.019	294.993	235.279	97.531
4.623	396.019	294.993	235.449	97.618
4.633	398.978	294.907	235.451	97.618
4.643	398.978	294.907	235.460	97.587
4.653	395.780	294.907	235.460	97.587
4.663	395.263	294.907	235.265	97.509
4.673	395.263	294.907	235.035	97.509
4.683	393.303	294.208	235.023	97.509
4.693	393.303	293.983	235.023	97.281
4.703	393.303	293.983	234.575	97.281
4.713	390.000	293.983	234.575	97.281
4.723	390.000	293.983	234.575	97.281
4.733	390.168	293.983	234.575	97.281
4.743	390.168	294.248	234.575	96.771
4.753	390.168	294.248	234.259	96.714
4.763	392.298	294.248	234.118	96.714
4.773	392.596	294.248	233.894	96.714
4.783	392.596	294.248	233.894	96.714
4.793	392.596	294.248	233.894	96.714
4.803	392.596	294.339	233.894	96.808
4.813	392.596	294.492	233.894	96.847
4.823	393.602	294.492	233.907	96.857
4.833	394.136	294.492	233.907	96.857
4.843	394.136	294.492	233.907	96.857
4.853	393.867	294.799	234.539	96.857
4.863	393.392	294.806	234.539	96.857
4.873	393.392	294.806	234.539	96.919
4.883	393.392	294.806	234.539	96.919
4.893	393.392	294.806	234.539	96.919
4.903	393.392	294.806	234.491	96.989
4.913	392.440	294.780	234.211	97.750
4.923	389.534	294.705	234.211	97.810
4.933	389.534	294.705	234.211	97.810
4.943	391.058	294.705	234.211	97.873
4.953	391.058	294.705	234.211	97.876
4.963	391.058	294.705	234.211	97.876
4.973	391.058	294.705	234.211	97.849
4.983	391.058	294.712	234.130	97.836
4.993	392.009	294.712	234.130	97.836
5.003	392.079	294.712	234.130	97.836
5.013	393.104	294.712	234.130	97.836
5.023	393.104	294.712	234.337	97.836
5.033	393.425	294.712	234.337	97.836
5.043	393.425	294.770	234.337	97.747
5.053	393.425	295.005	234.337	97.747
5.063	393.425	295.005	234.337	97.721
5.073	393.425	295.226	233.784	97.020
5.083	391.913	295.226	233.470	96.872
5.093	391.714	295.226	233.470	96.847
5.103	388.663	295.226	233.470	96.847
5.113	388.525	295.226	233.470	96.791
5.123	388.525	295.231	233.907	96.791
5.133	388.525	295.231	233.939	96.791
5.143	388.525	295.231	233.939	96.791
5.153	391.532	295.285	233.939	96.831
5.163	391.658	295.285	233.939	96.928
5.173	392.374	295.285	233.939	97.057
5.183	392.374	295.285	233.688	97.996
5.193	392.374	295.285	233.688	98.048
5.203	392.374	295.285	233.682	98.168
5.213	392.374	295.197	233.682	98.168
5.223	393.371	295.197	233.682	98.168
5.233	393.371	295.478	233.849	98.168
5.243	393.371	295.478	233.849	98.168
5.253	393.371	295.478	233.898	98.168
5.263	393.371	295.478	233.898	98.168
5.273	391.819	295.478	233.898	98.154
5.283	391.819	295.431	233.898	98.065
5.293	391.220	295.431	233.898	97.759
5.303	389.506	295.431	234.062	97.759
5.313	389.506	295.431	234.062	97.427
5.323	389.506	295.431	234.062	97.427
5.333	390.105	295.492	234.062	97.427
5.343	390.105	295.492	234.062	97.348
5.353	390.105	295.299	234.088	97.348
5.363	390.105	295.299	234.088	97.348
5.373	390.105	295.299	234.088	97.348
5.383	392.347	295.299	234.088	97.348
5.393	392.347	295.299	234.088	98.280
5.403	392.347	295.272	234.243	98.387
5.413	393.570	295.248	234.606	98.446
5.423	393.570	295.248	234.606	98.460
5.433	393.570	295.248	234.773	98.508
5.443	393.570	295.248	234.773	98.514
5.453	393.570	295.248	234.773	98.514
5.463	392.857	295.226	234.773	98.514
5.473	392.857	295.062	234.773	98.514
5.483	391.914	295.062	234.610	98.514
5.493	389.757	294.909	234.602	98.442
5.503	389.757	294.909	234.364	98.416
5.513	389.824	294.909	234.025	97.869
5.523	389.954	294.909	233.286	97.863
5.533	389.954	295.028	232.547	97.863
5.543	390.051	295.028	232.547	97.863
5.553	390.051	295.028	232.547	97.863
5.563	390.051	295.093	232.547	97.863
5.573	390.051	295.093	232.547	97.863
5.583	391.565	295.721	232.640	98.068
5.593	391.565	295.721	232.652	98.068
5.603	393.394	296.017	232.652	98.099
5.613	393.394	296.950	232.652	98.099
5.623	393.394	297.983	232.652	98.143
5.633	393.394	298.553	232.165	98.143
5.643	393.394	300.066	232.165	98.143
5.653	393.394	300.408	232.165	98.143
5.663	389.592	300.066	232.165	98.143
5.673	389.592	300.539	235.364	98.154
5.683	389.798	297.892	235.364	98.294
5.693	389.972	297.078	235.364	98.507
5.703	390.000	297.078	235.364	98.507
5.713	390.261	387.889	235.364	98.507
5.723	390.261	387.889	237.407	98.507
5.733	390.261	387.889	239.680	98.520
5.743	390.261	387.889	239.680	98.490
5.753
5.763
5.773
5.783
5.793
5.803
5.813
5.823
5.833
5.843
5.853
5.863
5.873
5.883
5.893
5.903
5.913
5.923
5.933
5.943
5.953
5.963
5.973
5.983
5.993
6.003
6.013
6.023
6.033
6.043
6.053
6.063
6.073
6.083
6.093
6.103
6.113
6.123
6.133
6.143
6.153
6.163
6.173
6.183
6.193
6.203
6.213
6.223
6.233
6.243
6.253
6.263
6.273
6.283
6.293
6.303
6.313
6.323
6.333
6.343
6.353
6.363
6.373
6.383
6.393
6.403
6.413
6.423
6.433
6.443
6.453
6.463	470.846	395.483	289.265	199.662
6.473	471.447	395.483	290.798	199.662
6.483	471.447	396.287	291.919	199.662
6.493	470.107	396.400	294.832	199.662
6.503	470.107	396.400	295.077	198.486
6.513	470.107	396.391	295.460	198.486
6.523	468.063	396.391	295.460	197.927
6.533	468.063	396.391	295.460	197.927
6.543	469.016	396.391	295.460	197.835
6.553	469.016	396.391	295.460	197.743
6.563	469.016	396.104	295.460	197.743
6.573	469.016	396.104	295.280	197.743
6.583	469.016	395.649	293.466	197.743
6.593	472.741	395.649	293.466	197.743
6.603	472.741	395.503	293.466	197.306
6.613	472.741	395.503	293.466	197.306
6.623	472.741	395.503	293.466	197.306
6.633	472.478	395.503	293.483	197.306
6.643	471.814	395.400	295.022	197.206
6.653	471.814	395.400	295.022	197.171
6.663	471.814	395.400	294.922	197.171
6.673	471.814	395.400	294.922	197.109
6.683	471.814	395.262	294.814	197.109
6.693	470.031	395.262	294.814	197.109
6.703	463.108	395.262	294.814	197.109
6.713	463.108	395.262	294.814	196.937
6.723	463.108	395.262	294.814	196.937
6.733	463.108	395.154	295.627	197.117
6.743	465.961	395.154	295.627	197.281
6.753	465.961	395.154	295.627	197.281
6.763	465.961	395.154	295.627	197.281
6.773	469.757	395.093	295.635	197.161
6.783	470.277	395.093	295.635	197.161
6.793	470.693	395.093	295.635	197.161
6.803	470.693	395.093	295.635	197.161
6.813	471.095	395.093	295.635	197.161
6.823	471.095	394.624	296.239	196.879
6.833	471.095	394.624	296.239	196.879
6.843	471.095	394.624	296.239	196.879
6.853	471.124	394.624	297.692	196.833
6.863	471.124	394.624	298.156	196.833
6.873	469.264	394.801	298.156	196.833
6.883	467.846	394.801	298.156	198.206
6.893	466.893	394.801	298.156	198.206
6.903	464.191	394.801	298.156	198.206
6.913	463.953	394.801	298.156	198.206
6.923	463.676	394.513	298.454	198.206
6.933	463.676	394.513	298.560	198.154
6.943	466.413	394.558	299.282	198.154
6.953	469.263	394.558	299.282	198.238
6.963	471.070	394.558	300.178	199.212
6.973	471.476	394.558	305.664	199.372
6.983	471.476	394.558	305.664	200.118
6.993	471.476	394.808	302.724	200.118
7.003	470.825	394.973	292.690	200.541
7.013	469.748	395.419	292.690	200.541
7.023	469.748	397.652	293.747	124.555
7.033	469.748	409.286	293.747	98.484
7.043	469.748	409.286	296.583	98.434
7.053	469.748	408.948	297.881	98.384
7.063	466.634	394.304	297.881	98.330
7.073	459.659	393.995	297.754	98.305
7.083	459.659	393.790	297.754	98.229
7.093	460.267	393.790	297.754	98.229
7.103	460.267	394.054	297.754	98.230
7.113	460.267	394.260	297.754	98.230
7.123	464.633	394.260	295.822	98.242
7.133	464.633	394.260	295.822	98.242
7.143	464.633	394.020	295.822	98.242
7.153	464.633	394.020	296.524	98.242
7.163	464.633	393.593	296.524	98.242
7.173	465.201	393.269	296.524	98.325
7.183	465.438	393.269	296.524	98.325
7.193	465.662	393.269	296.524	98.325
7.203	470.250	393.269	296.167	98.410
7.213	470.250	393.269	296.167	98.410
7.223	470.250	392.978	296.167	98.410
7.233	470.250	392.978	296.167	98.410
7.243	470.250	392.978	296.167	98.422
7.253	470.250	393.131	295.389	98.486
7.263	461.151	393.131	295.389	98.486
7.273	461.151	393.131	295.389	98.486
7.283	460.915	393.131	295.979	98.665
7.293	460.915	393.131	295.979	98.665
7.303	461.211	393.131	295.979	99.347
7.313	461.211	393.147	295.979	99.378
7.323	461.211	393.147	295.953	99.696
7.333	461.211	393.147	295.566	99.737
7.343	462.908	393.147	295.566	111.157
7.353	462.908	393.189	295.566	111.157
7.363	463.867	393.189	295.566	111.063
7.373	466.802	393.080	295.566	110.992
7.383	472.185	393.080	295.566	110.948
7.393	472.486	393.080	296.934	110.948
7.403	473.082	393.100	296.934	110.801
7.413	473.082	393.100	296.658	110.775
7.423	470.799	393.151	296.658	110.775
7.433	470.799	393.151	296.039	110.775
7.443	470.799	393.151	296.039	110.775
7.453	470.799	393.151	296.039	110.657
7.463	470.799	393.151	296.039	110.657
7.473	468.606	393.476	296.039	110.748
7.483	468.606	393.476	296.031	110.749
7.493	466.629	393.476	296.031	110.749
7.503	466.117	393.476	296.031	110.749
7.513	462.543	394.364	298.903	110.749
7.523	461.874	394.364	298.903	110.756
7.533	460.759	395.103	298.903	110.766
7.543	460.316	395.623	298.903	110.769
7.553	460.316	396.335	298.903	110.769
7.563	470.323	403.336	298.903	110.769
7.573	470.907	408.786	302.717	110.769
7.583	474.211	408.786	302.717	110.769
7.593	474.211	408.747	302.381	110.856
7.603	474.211	404.587	302.381	111.312
7.613	474.535	404.587	294.274	111.356
7.623	474.535	404.587	294.274	112.017
7.633	472.263	454.639	294.456	116.748
7.643	472.263	454.639	295.874	116.748
7.653	472.263	393.750	296.546	116.613
7.663	472.263	393.750	296.546	116.450
7.673	472.263	393.467	296.366	116.458
7.683	465.581	392.239	296.366	116.453
7.693	464.941	391.914	296.366	116.453
7.703	464.941	391.914	296.366	116.453
7.713	465.759	392.942	296.366	116.390
7.723	467.041	392.942	295.933	116.390
7.733	467.041	393.133	295.933	116.390
7.743	467.041	393.133	296.018	116.390
7.753	467.041	393.133	296.018	116.390
7.763	467.041	393.133	296.018	116.300
7.773	471.409	393.133	296.018	116.300
7.783	471.409	392.636	296.018	116.300
7.793	472.770	392.636	296.310	116.381
7.803	472.770	392.636	296.840	116.381
7.813	472.770	392.636	296.840	116.433
7.823	469.067	392.066	296.840	116.483
7.833	469.067	392.066	296.884	116.922
7.843	469.067	392.121	296.884	116.922
7.853	469.067	392.121	297.198	116.922
7.863	469.067	392.121	297.198	116.922
7.873	465.573	392.121	297.198	116.922
7.883	465.573	392.121	297.529	116.933
7.893	465.276	392.357	297.529	117.197
7.903	465.276	392.357	297.529	118.268
7.913	465.276	392.357	297.217	119.159
7.923	465.276	392.357	297.217	121.705
7.933	465.276	392.357	297.217	131.055
7.943	465.461	393.435	297.217	131.055
7.953	467.301	395.300	297.217	131.374
7.963	472.048	395.300	297.273	131.437
7.973	472.048	395.300	297.643	131.475
7.983	472.048	395.300	297.671	131.471
7.993	472.048	395.300	297.671	131.475
8.003	472.048	396.291	297.316	131.526
8.013	471.334	396.291	297.316	131.590
8.023	471.334	396.291	297.171	131.590
8.033	469.861	398.472	297.171	131.590
8.043	467.626	398.472	297.171	131.674
8.053	461.377	398.472	297.171	131.674
8.063	461.377	398.472	297.171	131.674
8.073	461.377	398.295	297.583	131.674
8.083	465.843	398.295	297.583	131.674
8.093	465.843	398.295	297.583	131.674
8.103	465.843	395.572	297.583	131.361
8.113	465.843	391.199	298.038	131.361
8.123	465.843	391.199	298.038	131.376
8.133	465.965	390.333	297.862	131.379
8.143	468.438	390.333	297.862	131.379
8.153	472.043	390.577	297.862	131.379
8.163	472.043	390.577	297.862	131.379
8.173	472.043	390.577	297.862	131.399
8.183	472.043	390.577	297.639	131.494
8.193	472.043	390.609	297.639	131.496
8.203	469.792	392.729	298.719	131.768
8.213	469.792	392.729	298.719	131.768
8.223	469.168	392.729	298.719	131.591
8.233	468.110	394.862	298.750	131.218
8.243	465.658	394.898	300.476	130.883
8.253	465.658	394.955	302.132	130.883
8.263	469.458	394.955	304.284	147.778
8.273	469.458	394.955	304.534	147.804
8.283	472.419	394.955	304.284	147.778
8.293	472.419	394.955	292.491	147.770
8.303	472.207	350.341	292.491	147.770
8.313	472.207	349.920	293.148	147.770
8.323	472.207	349.920	293.148	147.770
8.333	469.076	350.663	295.536	147.616
8.343	469.076	350.663	295.802	147.616
8.353	469.076	350.663	295.885	147.616
8.363	469.076	350.663	295.885	147.616
8.373	466.535	350.117	295.850	147.084
8.383	462.928	350.117	295.850	147.084
8.393	462.928	350.325	295.850	147.116
8.403	464.457	350.463	295.850	147.116
8.413	464.457	350.463	295.299	147.116
8.423	464.785	350.463	294.631	147.116
8.433	464.915	350.463	293.937	147.126
8.443	464.915	350.463	293.937	147.491
8.453	464.915	350.491	293.937	147.491
8.463	464.915	350.491	293.937	147.491
8.473	462.618	350.491	293.945	147.491
8.483	462.618	350.495	294.386	147.173
8.493	462.618	350.495	296.265	147.173
8.503	461.648	350.495	296.265	147.173
8.513	461.648	350.495	296.265	147.173
8.523	463.046	350.495	296.561	147.173
8.533	463.046	350.664	299.479	147.362
8.543	463.046	350.664	301.729	147.362
8.553	463.046	350.296	311.328	147.017
8.563	463.046	348.094	311.937	147.017
8.573	463.708	347.810	311.937	166.885
8.583	463.708	345.403	297.973	166.885
8.593	463.708	312.639	194.890	166.835
8.603	463.708	312.639	194.890	166.835
8.613	463.708	312.639	196.136	166.872
8.623	463.685	312.639	196.315	166.891
8.633	463.685	312.639	196.917	166.891
8.643	464.878	312.698	197.223	166.891
8.653	464.878	312.698	197.252	166.891
8.663	465.793	312.698	197.252	166.891
8.673	465.793	312.828	197.321	166.758
8.683	465.793	312.828	197.321	166.758
8.693	465.793	312.828	197.321	166.546
8.703	465.793	312.828	197.321	165.888
8.713	465.793	312.828	197.321	165.888
8.723	464.484	312.859	197.203	165.970
8.733	464.484	312.859	197.203	165.970
8.743	464.484	312.859	197.499	165.970
8.753	462.652	312.818	197.499	165.970
8.763	446.254	312.681	197.499	166.005
8.773	446.254	312.681	197.681	166.776
8.783	440.004	312.904	197.877	166.776
8.793	421.540	312.904	197.966	166.776
8.803	408.927	312.904	198.116	166.890
8.813	408.927	312.799	198.356	167.039
8.823	411.404	312.799	198.792	167.513
8.833	411.404	312.652	198.792	167.513
8.843
8.853
8.863
8.873
8.883
8.893
8.903
8.913
8.923	355.690	310.476	221.520	177.536
8.933	355.690	310.821	221.973	177.586
8.943	349.127	311.614	222.547	177.586
8.953	347.806	311.959	222.767	177.586
8.963	347.261	311.959	223.085	177.586
8.973	345.963	311.959	223.085	177.586
8.983	345.963	311.959	222.941	177.478
8.993	346.625	311.959	222.941	176.302
9.003	348.824	311.803	222.629	176.302
9.013	349.922	311.803	222.629	175.976
9.023	349.922	311.855	222.629	175.793
9.033	350.322	311.855	222.460	175.683
9.043	350.758	311.855	222.460	175.645
9.053	351.098	311.855	222.460	175.645
9.063	351.404	311.855	222.460	175.645
9.073	351.404	311.452	222.460	175.645
9.083	348.913	311.452	222.644	175.645
9.093	348.088	311.452	222.644	175.693
9.103	346.942	311.452	223.102	175.693
9.113	345.742	311.452	223.102	175.695
9.123	345.326	311.719	223.102	175.968
9.133	345.326	312.019	223.102	175.968
9.143	345.326	312.037	223.225	175.968
9.153	345.326	312.037	223.494	175.968
9.163	345.326	312.037	223.494	176.705
9.173	345.368	312.037	223.494	176.705
9.183	345.368	312.037	223.657	176.705
9.193	347.268	312.650	223.944	176.748
9.203	350.004	312.650	235.029	176.748
9.213	350.004	312.650	236.187	176.748
9.223	350.004	300.024	236.187	176.501
9.233	350.112	300.024	236.888	176.501
9.243	350.251	296.677	237.052	176.278
9.253	350.251	295.515	237.142	176.278
9.263	350.251	295.255	237.142	176.278
9.273	350.251	295.017	237.446	176.278
9.283	350.107	294.799	237.492	175.991
9.293	348.436	294.725	237.499	175.991
9.303	348.436	294.552	237.499	175.991
9.313	348.436	294.552	237.499	175.991
9.323	348.436	294.552	237.099	175.991
9.333	348.911	294.552	237.099	175.970
9.343	348.911	294.552	237.099	175.537
9.353	348.911	294.577	237.146	175.537
9.363	349.090	294.654	237.146	175.537
9.373	349.090	294.592	237.146	175.537
9.383	349.479	294.592	237.146	175.537
9.393	350.485	294.592	237.146	175.663
9.403	355.950	294.592	236.976	176.071
9.413	358.641	294.592	236.976	176.071
9.423	361.079	294.592	236.976	176.115
9.433	364.268	293.429	236.976	176.188
9.443	785.812	280.443	236.976	177.603
9.453	786.627	265.795	238.189	177.603
9.463	787.730	265.795	238.189	177.603
9.473	787.730	265.795	238.189	177.603
9.483	782.285	265.330	238.189	177.603
9.493	782.285	265.330	238.189	177.704
9.503	394.412	265.330	238.235	177.704
9.513	391.446	265.027	238.235	177.467
9.523
9.533
9.543	395.042	264.990	234.139	176.926
9.553	395.042	264.990	235.097	177.198
9.563	395.042	264.559	235.416	177.378
9.573	395.042	264.559	235.416	177.489
9.583	394.768	264.559	236.214	177.489
9.593	394.768	264.559	236.338	177.489
9.603	394.768	264.559	236.338	177.089
9.613	392.921	264.676	236.173	177.089
9.623	392.921	264.744	236.173	177.089
9.633	392.921	266.493	236.029	176.539
9.643	392.921	294.779	235.812	176.394
9.653	392.921	295.109	235.812	176.394
9.663	392.040	295.983	235.903	176.394
9.673	391.659	295.983	235.903	176.387
9.683	391.659	295.910	235.903	176.387
9.693	391.659	295.910	235.903	176.387
9.703	391.659	295.910	235.973	176.425
9.713	391.659	295.762	235.973	176.425
9.723	394.582	295.754	235.973	176.425
9.733	394.582	295.491	235.973	176.425
9.743	394.582	295.491	236.500	176.431
9.753	394.582	295.491	237.168	176.433
9.763	394.582	295.491	237.168	176.436
9.773	390.259	295.222	237.168	176.436
9.783	390.259	295.222	237.168	176.436
9.793	390.259	295.222	237.303	176.388
9.803	390.259	295.222	238.980	176.388
9.813	390.259	295.222	238.980	176.388
9.823	391.761	295.222	221.637	176.388
9.833	391.854	295.323	220.273	176.388
9.843	391.854	295.323	220.273	176.277
9.853	391.854	295.323	220.423	176.267
9.863	391.854	295.323	220.720	176.010
9.873	392.228	295.323	221.148	176.010
9.883	392.238	295.839	221.262	176.010
9.893	392.238	295.839	221.262	175.782
9.903	393.407	295.839	221.325	175.782
9.913	393.890	295.839	221.325	175.782
9.923	393.890	295.839	221.325	175.782
9.933	392.926	295.998	221.325	175.710
9.943	392.837	295.998	220.939	175.710
9.953	392.861	295.998	220.939	175.710
9.963	392.861	295.998	220.939	175.710
9.973	392.861	296.085	220.939	175.710
9.983	392.861	305.975	221.057	175.590
9.993	392.861	305.975	221.137	175.590
10.003	393.470	313.507	221.137	175.488
10.013	393.470	313.507	221.137	175.488
10.023	394.074	313.525	221.653	175.488
10.033	394.759	313.525	221.653	175.488
10.043	395.715	313.525	221.653	175.488
10.053	395.715	313.525	221.653	175.566
10.063	395.725	313.525	222.005	175.566
10.073	418.048	313.801	222.408	175.721
10.083	455.827	313.801	222.408	175.759
10.093	466.288	313.801	222.408	175.759
10.103	468.227	313.801	222.932	175.759
10.113	468.227	348.677	223.403	175.759
10.123	468.227	349.963	229.056	175.759
10.133	468.227	349.860	229.056	175.930
10.143	465.171	349.963	229.056	175.930
10.153	465.171	351.623	196.976	175.983
10.163	465.171	351.623	196.976	176.292
10.173	465.171	351.687	197.060	176.551
10.183	466.599	351.687	197.689	176.981
10.193	466.599	351.687	197.885	176.551
10.203	467.583	351.687	197.887	167.134
10.213	470.545	352.028	198.174	166.921
10.223	470.545	352.028	198.174	166.882
10.233	473.551	352.028	198.041	166.632
10.243	473.597	352.028	197.909	166.632
10.253	474.449	352.031	197.909	166.092
10.263	474.562	352.283	197.909	166.092
10.273	474.449	352.477	197.877	166.092
10.283	471.826	354.550	197.877	165.687
10.293	471.826	396.592	197.877	165.669
10.303	468.083	396.948	197.877	165.589
10.313	468.083	396.592	198.147	165.589
10.323	468.083	395.761	198.147	165.589
10.333	464.575	395.761	198.147	165.589
10.343	464.455	395.642	198.387	165.589
10.353	464.455	395.642	198.682	165.536
10.363	464.455	395.642	198.682	165.536
10.373	464.455	395.642	198.682	165.536
10.383	464.455	395.642	198.682	165.510
10.393	466.472	395.123	198.682	165.481
10.403	466.472	395.123	198.682	165.481
10.413	469.717	395.123	199.843	165.481
10.423	473.679	394.601	199.843	165.481
10.433	473.679	394.601	199.843	165.663
10.443	473.228	394.601	200.508	165.663
10.453	473.228	394.570	263.258	165.663
10.463	473.228	394.570	264.439	165.663
10.473	473.228	394.570	264.761	165.663
10.483	473.228	394.570	264.814	165.600
10.493	471.023	394.570	265.216	165.600
10.503	467.267	394.435	265.338	165.600
10.513	467.267	394.435	265.338	165.600
10.523	464.816	394.857	265.338	165.470
10.533	464.816	394.857	265.333	165.442
10.543	464.816	394.857	265.333	165.442
10.553	464.816	394.857	265.333	165.442
10.563	466.718	394.922	265.333	165.442
10.573	466.718	395.044	263.826	165.442
10.583	468.946	395.044	263.491	165.470
10.593	468.946	395.044	263.491	165.470
10.603	468.946	395.045	263.491	165.541
10.613	468.946	395.045	263.740	165.541
10.623	469.160	395.182	263.850	165.701
10.633	469.160	395.583	263.850	165.701
10.643	469.160	395.583	263.850	165.701
10.653	469.160	395.583	263.850	165.701
10.663	469.160	395.583	264.167	165.701
10.673	469.559	395.583	264.167	165.694
10.683	470.644	395.735	264.167	165.694
10.693	470.644	395.735	264.167	165.658
10.703	470.644	396.053	264.167	165.658
10.713	469.913	396.092	264.120	165.658
10.723	468.464	396.092	264.120	165.672
10.733	441.662	396.092	264.120	165.690
10.743	441.455	396.092	264.120	165.713
10.753	440.957	396.413	264.331	165.713
10.763	440.872	396.413	264.638	165.713
10.773	440.872	396.413	265.201	165.713
10.783	439.969	396.977	265.220	165.713
10.793	439.969	396.977	266.828	165.809
10.803	439.969	396.977	272.719	165.809
10.813	441.034	396.977	272.719	166.113
10.823	441.034	396.977	272.719	166.917
10.833	441.034	396.985	272.719	168.186
10.843	441.034	396.985	265.490	168.186
10.853	441.034	394.825	265.490	168.594
10.863	442.649	369.935	264.239	170.138
10.873	444.450	362.176	264.239	177.321
10.883	444.450	352.467	264.654	177.327
10.893	444.450	351.862	264.826	177.506
10.903	443.409	351.716	264.993	178.133
10.913	443.383	351.716	264.993	178.133
10.923	442.835	352.236	264.859	177.977
10.933	442.304	352.290	264.859	177.680
10.943	442.304	352.290	264.859	177.680
10.953	442.304	352.290	264.859	177.680
10.963	442.304	352.290	264.859	176.739
10.973	438.732	352.290	263.618	176.488
10.983	438.732	352.379	263.434	176.335
10.993	438.732	352.379	263.434	176.309
11.003	438.732	352.595	263.434	176.202
11.013	438.732	352.595	263.434	176.202
11.023	441.630	352.265	263.434	176.202
11.033	441.630	352.265	263.394	176.088
11.043	443.289	352.370	263.350	176.088
11.053	443.289	352.370	263.350	175.962
11.063	441.584	352.370	263.350	175.962
11.073	441.584	352.370	263.350	175.827
11.083	441.584	352.324	263.362	175.827
11.093	440.788	352.324	263.362	175.827
11.103	439.028	352.324	263.340	175.827
11.113	439.028	352.324	263.340	175.827
11.123	439.028	352.324	263.359	175.827
11.133	439.028	352.336	263.359	176.099
11.143	439.028	352.345	263.550	176.099
11.153	437.001	352.345	263.550	176.241
11.163	437.001	352.355	263.550	176.241
11.173	441.339	352.355	263.550	176.241
11.183	441.339	352.355	263.550	176.241
11.193	441.339	352.355	263.896	176.241
11.203	440.119	352.355	263.896	176.292
11.213	440.119	352.438	263.828	176.677
11.223	440.509	352.460	263.748	176.677
11.233	441.218	352.485	263.748	176.677
11.243	441.218	352.485	263.884	176.677
11.253	442.330	352.485	264.022	176.696
11.263	442.296	352.485	264.022	176.696
11.273	442.296	352.485	264.112	176.696
11.283	441.120	352.590	264.112	176.696
11.293	441.120	352.590	264.112	176.696
11.303	441.120	352.590	264.112	176.623
11.313	440.915	352.590	263.737	176.605
11.323	440.915	352.708	263.737	176.489
11.333	440.915	352.708	263.737	176.489
11.343	440.915	352.708	263.919	176.475
11.353	440.915	352.708	263.919	176.168
11.363	441.944	352.708	263.919	176.168
11.373	441.944	352.707	263.919	176.168
11.383	441.944	352.707	263.919	176.168
11.393	442.221	352.707	264.599	176.168
11.403	444.251	352.707	264.599	175.847
11.413	444.251	352.564	264.599	175.584
11.423	444.076	352.564	264.802	175.584
11.433	443.853	352.733	264.802	175.632
11.443	442.981	352.733	264.669	175.632
11.453	442.633	352.733	264.669	175.632
11.463	442.214	352.733	264.372	175.632
11.473	442.214	352.595	264.372	175.632
11.483	442.214	352.595	264.372	175.693
11.493	442.214	352.595	264.502	175.931
11.503	442.560	352.595	264.502	176.326
11.513	442.560	352.595	265.189	176.326
11.523	442.560	352.595	265.189	176.963
11.533	443.688	352.629	265.189	176.997
11.543	443.688	352.629	265.189	176.997
11.553	443.923	352.569	265.173	176.997
11.563	443.923	352.569	264.371	176.997
11.573	442.943	352.713	264.371	176.997
11.583	441.156	352.881	264.371	176.997
11.593	441.156	352.881	264.371	176.865
11.603	441.156	352.881	264.545	176.865
11.613	441.673	352.881	264.545	176.745
11.623	441.673	352.881	264.545	176.733
11.633	441.673	352.594	264.545	176.505
11.643	441.673	352.594	264.545	176.505
11.653	441.471	352.594	264.564	176.244
11.663	441.189	352.824	264.628	175.985
11.673	440.562	352.824	264.628	175.985
11.683	440.562	352.824	264.628	175.985
11.693	441.018	352.824	264.628	175.985
11.703	446.231	352.824	264.449	175.985
11.713	446.231	353.018	264.449	175.985
11.723	446.231	353.018	264.449	176.129
11.733	445.378	353.001	264.449	176.792
11.743	443.158	353.001	264.504	177.729
11.753	442.687	353.001	265.061	177.729
11.763	441.381	352.762	265.061	177.696
11.773	440.130	352.762	265.061	177.696
11.783	440.130	352.762	264.955	177.696
11.793	440.682	352.762	264.496	177.696
11.803	440.682	352.762	264.496	177.696
11.813	440.682	352.967	264.496	176.884
11.823	440.682	353.019	264.496	176.884
11.833	440.682	353.019	264.215	176.884
11.843	441.209	352.979	264.215	176.884
11.853	441.209	352.979	263.611	176.334
11.863	441.886	352.979	263.611	176.334
11.873	442.223	352.979	263.611	176.334
11.883	442.738	352.979	263.611	176.334
11.893	445.460	352.673	263.611	176.334
11.903	445.460	352.673	264.242	176.290
11.913	445.460	352.673	264.242	176.290
11.923	445.460	352.673	264.278	176.462
11.933	439.089	352.433	265.931	176.693
11.943	438.473	352.433	265.931	176.693
11.953	438.473	352.433	265.931	176.693
11.963	438.697	352.433	265.931	176.693
11.973	439.032	352.433	265.972	176.693
11.983	439.032	352.715	265.972	177.154
11.993	439.032	352.715	265.972	177.154
12.003	439.032	353.699	265.972	177.154
12.013	439.032	353.699	265.946	177.252
12.023	440.029	353.699	265.946	177.252
12.033	442.477	353.699	265.946	177.252
12.043	444.364	353.699	266.149	177.252
12.053	444.364	354.309	266.431	177.252
12.063	444.364	354.573	266.939	177.252
12.073	442.770	354.585	266.939	177.108
12.083	442.770	355.008	267.889	177.025
12.093	439.821	355.062	267.889	177.003
12.103	439.821	355.008	268.002	177.003
12.113	438.834	355.074	282.537	177.222
12.123	438.834	355.597	282.537	177.222
12.133	438.834	355.597	282.537	177.222
12.143
12.153
12.163
12.173
12.183
12.193
12.203
12.213
12.223
12.233
12.243
12.253
12.263
12.273
12.283
12.293
12.303
12.313
12.323
12.333
12.343
12.353
12.363
12.373
12.383
12.393
12.403
12.413
12.423
12.433
12.443
12.453
12.463
12.473
12.483
12.493
12.503
12.513
12.523
12.533
12.543
12.553
12.563
12.573
12.583
12.593
12.603
12.613
12.623
12.633
12.643
12.653
12.663
12.673
12.683
12.693
12.703
12.713
12.723
12.733
12.743
12.753
12.763
12.773
12.783
12.793
12.803
12.813
12.823
12.833
12.843
12.853
12.863
12.873
12.883	445.027	351.184	261.768	89.066
12.893	445.027	351.189	262.671	89.066
12.903	441.758	351.189	263.663	89.062
12.913	441.758	351.189	263.950	88.928
12.923	441.758	353.256	264.625	88.883
12.933	441.758	353.263	264.625	88.883
12.943	438.423	353.263	265.265	88.678
12.953	438.423	352.938	265.265	88.601
12.963	439.566	352.938	264.912	88.601
12.973	439.566	352.938	264.912	88.601
12.983	439.566	352.938	264.240	88.601
12.993	439.566	352.938	264.240	88.601
13.003	439.566	352.502	264.240	88.511
13.013	442.651	352.502	264.240	88.457
13.023	442.651	352.502	264.240	88.457
13.033	448.119	352.502	264.144	88.457
13.043	448.119	352.724	264.144	88.636
13.053	446.668	352.724	264.144	88.636
13.063	446.668	352.724	264.144	88.740
13.073	442.547	352.724	264.144	88.762
13.083	441.656	352.724	264.144	88.820
13.093	441.656	352.724	265.436	88.825
13.103	439.418	352.719	265.436	88.825
13.113	439.418	352.719	265.436	88.825
13.123	439.418	352.719	265.436	88.825
13.133	439.285	352.939	265.436	88.825
13.143	439.285	352.952	265.304	88.912
13.153	439.285	352.952	265.304	89.062
13.163	439.285	352.952	267.844	89.322
13.173	439.285	352.952	267.844	90.166
13.183	440.531	352.952	235.993	98.803
13.193	442.567	352.510	235.993	98.963
13.203	446.035	352.510	236.180	99.018
13.213	446.035	352.510	236.180	99.018
13.223	445.873	352.510	236.180	98.994
13.233	443.404	352.510	236.551	98.994
13.243	442.406	352.810	236.651	98.994
13.253	442.406	352.810	236.651	98.994
13.263	440.465	352.810	236.493	98.994
13.273	440.465	352.810	236.409	98.956
13.283	440.465	352.810	236.409	98.462
13.293	440.465	352.810	236.221	98.462
13.303	440.465	352.780	236.221	98.435
13.313	441.208	352.780	236.221	98.435
13.323	441.280	352.780	236.303	98.435
13.333	442.181	352.780	236.303	98.502
13.343	446.265	352.780	236.303	98.502
13.353	446.265	353.248	236.302	98.502
13.363	446.265	353.476	236.302	98.502
13.373	446.365	353.820	236.302	98.502
13.383	446.365	354.112	236.302	98.518
13.393	446.365	354.112	236.302	98.622
13.403	446.365	354.112	236.937	98.622
13.413	446.365	354.112	236.937	98.671
13.423	446.365	354.112	236.937	98.738
13.433	446.749	355.214	237.298	98.850
13.443	447.029	357.873	237.298	99.159
13.453	447.029	357.873	237.298	99.159
13.463
13.473
13.483
13.493
13.503
13.513	538.445	352.537	220.791	111.371
13.523	538.874	352.537	221.260	111.371
13.533	538.445	351.136	221.654	111.371
13.543	537.523	351.136	222.178	111.371
13.553	537.523	351.600	222.290	111.371
13.563	537.523	351.653	222.290	111.371
13.573	536.740	351.653	222.290	111.113
13.583	536.740	351.653	222.301	111.113
13.593	536.740	351.653	222.301	111.113
13.603	536.740	351.786	222.301	111.104
13.613	536.740	351.786	222.138	110.962
13.623	533.697	351.786	222.138	110.962
13.633	533.697	351.786	222.138	110.962
13.643	533.697	351.786	222.138	110.957
13.653	533.697	351.466	222.105	110.957
13.663	534.598	351.295	222.105	110.957
13.673	534.598	351.295	222.858	110.957
13.683	536.312	351.295	222.858	110.957
13.693	536.312	351.295	222.858	110.981
13.703	536.312	351.295	222.858	110.981
13.713	536.312	350.955	222.858	111.040
13.723	532.002	350.955	223.051	111.040
13.733	532.002	350.955	223.051	111.040
13.743	532.002	350.955	223.051	111.040
13.753	528.561	350.955	223.051	111.099
13.763	528.561	351.212	223.051	111.099
13.773	528.561	351.419	222.747	111.366
13.783	529.428	352.533	219.563	111.487
13.793	529.428	352.533	219.563	112.550
13.803	531.334	352.533	196.638	113.141
13.813	532.314	352.533	196.638	117.309
13.823	532.314	352.707	197.100	117.309
13.833	532.314	352.707	197.432	116.978
13.843	532.949	352.728	197.776	116.978
13.853	532.949	352.728	197.776	116.953
13.863	532.949	352.728	198.288	116.953
13.873	533.818	352.728	198.288	116.953
13.883	533.818	352.728	198.288	116.883
13.893	532.167	353.786	198.288	116.883
13.903	532.167	353.786	198.069	116.834
13.913	532.167	353.786	198.069	116.834
13.923	532.167	353.786	198.069	116.890
13.933	529.711	353.988	198.069	116.890
13.943	529.711	353.988	198.069	116.890
13.953	529.711	353.988	198.173	116.890
13.963	529.711	352.287	198.364	116.890
13.973	532.354	352.287	198.364	116.821
13.983	532.354	352.287	198.364	116.821
13.993	532.354	352.287	198.657	116.783
14.003	532.354	352.287	198.657	116.783
14.013	533.378	350.894	198.657	116.790
14.023	533.378	350.392	198.657	116.790
14.033	534.195	349.856	198.657	116.790
14.043	534.195	349.856	198.659	116.790
14.053	532.948	351.340	198.659	116.828
14.063	529.885	351.340	198.659	117.006
14.073	529.575	351.340	198.659	117.006
14.083	529.575	351.340	198.659	117.404
14.093	528.964	351.340	198.717	118.496
14.103	528.964	352.613	205.401	131.606
14.113	528.964	355.052	205.401	131.696
14.123	528.964	355.052	205.401	131.717
14.133	528.964	355.052	219.622	131.716
14.143	528.964	355.052	220.026	131.716
14.153	532.251	355.052	220.398	131.590
14.163	532.323	355.052	220.845	131.522
14.173	533.230	352.160	221.044	131.522
14.183	533.310	352.160	221.567	131.522
14.193	533.993	352.160	221.740	131.362
14.203	533.993	352.160	221.740	131.362
14.213	531.956	350.066	221.828	131.362
14.223	531.956	349.222	221.828	131.286
14.233	531.956	314.299	221.828	131.282
14.243	531.956	314.299	221.828	131.282
14.253	531.956	314.299	221.828	131.259
14.263	531.423	314.299	221.760	131.251
14.273	527.117	314.299	221.532	131.251
14.283	527.117	313.985	221.484	131.251
14.293	527.117	313.985	221.484	131.251
14.303	528.785	313.985	221.484	131.214
14.313	528.785	313.985	221.484	131.214
14.323	532.949	314.667	221.484	131.214
14.333	532.949	314.667	221.454	131.214
14.343	533.864	314.667	221.454	131.214
14.353	533.864	314.667	221.465	131.263
14.363	533.864	314.667	221.465	131.420
14.373	533.574	314.587	221.554	131.669
14.383	533.574	314.587	221.554	131.669
14.393	533.574	314.587	221.554	131.484
14.403	533.574	314.587	221.554	131.484
14.413	533.574	314.162	221.554	147.999
14.423	530.615	314.162	221.429	148.028
14.433	528.281	314.162	221.429	147.999
14.443	527.754	314.213	221.636	147.980
14.453	527.754	377.142	221.636	147.901
14.463	529.131	377.142	221.636	147.888
14.473	532.163	377.142	221.802	147.888
14.483	532.177	377.142	222.325	147.720
14.493	533.678	375.027	222.953	147.720
14.503	533.678	374.656	222.953	147.471
14.513	533.374	374.655	223.220	147.305
14.523	532.820	374.392	223.541	147.305
14.533	532.820	374.392	225.712	147.284
14.543	532.820	374.378	225.759	147.284
14.553	532.820	374.378	225.759	147.284
14.563	532.820	374.378	225.759	147.130
14.573	531.952	374.378	225.759	147.130
14.583	529.761	374.350	226.265	147.130
14.593	528.952	374.350	226.265	147.130
14.603	528.952	374.350	226.265	147.130
14.613	528.952	374.350	226.265	146.977
14.623	530.383	374.350	226.265	146.977
14.633	530.383	374.350	225.852	146.859
14.643	530.383	374.347	224.511	146.811
14.653	530.383	374.347	222.495	146.811
14.663	530.431	374.600	219.585	146.811
14.673	530.431	374.600	206.959	146.811
14.683	530.358	374.817	206.959	146.793
14.693	530.358	374.817	206.959	146.793
14.703	532.696	374.817	218.643	146.793
14.713	533.022	374.817	220.257	146.793
14.723	533.243	375.360	220.713	146.793
14.733	533.022	375.360	221.090	146.914
14.743	532.803	375.360	221.142	146.994
14.753	532.803	375.360	221.142	147.701
14.763	532.803	375.851	221.027	147.978
14.773	532.803	388.149	220.725	156.614
14.783	532.803	402.482	220.725	157.272
14.793	532.803	402.482	220.725	157.284
14.803	532.738	396.992	220.725	157.284
14.813	532.738	396.396	220.493	157.030
14.823	532.738	395.897	219.866	157.019
14.833	532.738	395.897	199.408	156.831
14.843	532.513	396.328	199.248	156.831
14.853	531.912	396.345	199.022	156.440
14.863	531.912	396.530	199.022	156.253
14.873	531.912	396.605	199.022	155.965
14.883	532.549	396.605	198.828	155.965
14.893	532.991	396.395	198.828	155.965
14.903	533.205	396.395	198.828	155.965
14.913	533.388	396.395	198.828	155.965
14.923	533.952	396.395	198.937	155.700
14.933	533.952	396.395	198.937	155.688
14.943	533.952	395.772	198.937	155.688
14.953	533.952	395.772	198.937	155.688
14.963	535.322	395.772	198.937	155.688
14.973	535.322	395.772	199.226	155.688
14.983	535.322	396.063	199.226	155.781
14.993	535.322	396.422	199.226	155.781
15.003	535.322	396.422	199.226	155.781
15.013	535.360	396.422	199.226	155.781
15.023	535.360	397.070	199.161	156.080
15.033	535.050	397.070	199.161	156.080
15.043	534.247	397.070	198.876	156.080
15.053	532.431	397.070	198.876	156.091
15.063	531.258	397.070	200.178	156.657
15.073	531.258	398.915	200.890	156.657
15.083	940.730	403.342	202.270	156.657
15.093	940.730	403.342	258.564	156.788
15.103	469.975	375.990	259.904	156.788
15.113	469.925	375.016	260.616	156.788
15.123	469.925	374.635	260.703	156.788
15.133	467.405	374.608	262.184	156.788
15.143	467.405	374.610	262.657	156.788
15.153	467.405	374.610	263.028	156.869
15.163	467.405	374.610	263.028	156.869
15.173	467.405	374.610	262.948	156.397
15.183	462.264	374.610	262.827	156.312
15.193	462.228	374.383	262.827	156.077
15.203	462.228	374.212	262.827	155.550
15.213	462.228	374.212	262.265	155.550
15.223	462.228	374.212	262.265	155.114
15.233	462.228	374.212	262.677	154.755
15.243	443.013	374.212	262.828	154.416
15.253	443.013	374.212	263.095	154.416
15.263	443.080	374.239	263.095	155.260
15.273	443.080	374.303	263.095	155.260
15.283	443.080	374.303	263.095	155.260
15.293	443.080	374.502	263.095	155.260
15.303	443.080	374.626	263.406	157.053
15.313	442.725	374.626	263.713	157.053
15.323	441.369	374.626	264.438	158.012
15.333	436.914	374.626	264.975	158.054
15.343	435.887	375.161	265.035	158.233
15.353	435.887	375.161	265.545	158.233
15.363	435.887	375.161	265.545	158.233
15.373	435.887	375.161	266.289	158.233
15.383	434.660	375.479	264.496	158.233
15.393	399.160	375.479	235.956	158.051
15.403	399.160	376.480	235.956	157.909
15.413	401.767	377.616	236.258	157.614
15.423	401.767	403.205	236.399	156.536
15.433	401.043	403.205	236.399	156.536
15.443	401.043	397.381	236.632	155.686
15.453	399.524	397.362	236.857	155.686
15.463	399.524	397.146	236.857	155.686
15.473	396.852	396.680	236.852	155.686
15.483	396.232	396.680	236.561	156.206
15.493	396.232	396.836	236.498	156.206
15.503	396.232	396.836	236.292	156.206
15.513	395.584	396.836	236.292	156.206
15.523	395.584	396.836	236.292	156.412
15.533	395.584	396.836	236.202	156.412
15.543	395.584	396.836	236.202	157.775
15.553	396.050	396.767	236.202	157.775
15.563	396.050	395.913	236.202	157.775
15.573	396.232	395.913	236.202	157.775
15.583	396.232	395.913	236.461	157.775
15.593	396.212	395.913	236.461	157.775
15.603	396.212	395.823	236.461	157.775
15.613	396.212	395.823	236.837	157.761
15.623	396.212	395.823	236.837	157.761
15.633	396.212	396.082	237.026	157.755
15.643	395.372	396.082	237.233	157.549
15.653	395.372	396.082	237.381	157.318
15.663	395.372	396.082	237.381	156.998
15.673
15.683
15.693
15.703	443.999	395.251	221.061	92.864
15.713	444.577	395.251	221.216	92.957
15.723	444.577	353.584	221.416	92.957
15.733	445.336	353.584	221.546	93.062
15.743	445.336	353.584	221.832	93.129
15.753	445.336	353.500	221.871	93.169
15.763	445.336	294.904	221.832	93.191
15.773	445.336	294.904	221.750	93.191
15.783	445.117	295.653	221.750	93.191
15.793	444.798	295.797	221.750	93.206
15.803	444.795	295.710	221.750	93.206
15.813	444.795	295.797	221.722	93.122
15.823	443.682	295.886	221.337	93.122
15.833	443.121	295.922	221.337	93.122
15.843	443.121	295.922	221.337	93.122
15.853	443.298	295.922	221.337	93.122
15.863	443.298	295.922	221.337	93.122
15.873	442.851	296.042	221.895	93.141
15.883	442.716	296.042	221.895	93.141
15.893	442.716	295.693	221.895	93.145
15.903	442.716	295.512	221.895	93.145
15.913	442.954	295.442	221.966	93.120
15.923	442.954	295.442	221.966	93.120
15.933	442.731	295.442	221.966	93.044
15.943	442.731	295.442	221.966	93.044
15.953	442.731	295.340	221.966	93.044
15.963	442.731	295.340	222.282	93.044
15.973	442.741	295.340	222.282	93.044
15.983	444.169	295.451	222.282	93.112
15.993	445.200	295.451	222.282	93.112
16.003	449.851	295.451	222.824	93.112
16.013	462.980	295.666	223.221	93.101
16.023	464.075	295.753	223.221	93.101
16.033	466.092	295.753	221.214	93.750
16.043	466.092	295.753	221.214	97.911
16.053	466.092	295.753	197.779	97.981
16.063	466.092	295.753	197.614	98.066
16.073	466.092	295.862	197.614	98.108
16.083	466.092	296.323	197.618	98.108
16.093	464.014	296.781	197.719	98.070
16.103	464.014	298.425	197.775	98.070
16.113	466.048	298.425	197.941	98.070
16.123	466.048	298.425	197.941	97.872
16.133	467.368	298.425	197.789	97.752
16.143	468.190	296.072	197.789	97.752
16.153	468.624	296.072	197.789	97.752
16.163	468.638	295.982	197.789	97.752
16.173	468.638	295.892	197.789	97.752
16.183	468.714	295.868	197.730	97.748
16.193	468.714	295.868	197.730	97.748
16.203	468.714	295.868	197.592	97.748
16.213	468.714	295.868	197.592	97.821
16.223	468.714	295.761	197.592	97.821
16.233	465.098	295.607	197.592	97.821
16.243	463.111	295.607	197.592	97.821
16.253	463.111	295.607	197.561	97.821
16.263	463.111	295.607	197.561	97.822
16.273	462.943	295.607	197.725	97.836
16.283	462.943	295.724	197.725	97.836
16.293	463.862	295.724	197.725	97.887
16.303	465.790	295.724	197.725	98.100
16.313	465.790	295.724	197.725	98.577
16.323	466.771	295.860	197.820	98.733
16.333	468.243	295.860	197.824	116.094
16.343	468.243	295.860	198.168	116.115
16.353	468.243	296.050	198.168	116.094
16.363	468.243	296.050	198.168	116.005
16.373	469.506	296.050	198.278	116.005
16.383	469.506	296.050	199.677	116.005
16.393	469.506	296.050	199.761	115.983
16.403	469.506	296.576	289.887	115.983
16.413	465.335	296.576	292.091	115.983
16.423	465.335	296.576	294.002	116.129
16.433	465.335	296.870	296.363	116.129
16.443	463.764	299.414	297.011	116.129
16.453	463.764	326.667	297.415	116.065
16.463	463.764	399.501	297.415	116.065
16.473	463.764	399.501	297.317	116.065
16.483	467.189	399.195	297.317	116.065
16.493	467.189	398.819	297.317	116.065
16.503	467.840	398.783	297.317	116.064
16.513	467.840	398.783	295.339	116.034
16.523	468.289	398.847	295.339	116.034
16.533	468.775	398.847	295.339	116.011
16.543	468.775	398.425	295.177	116.011
16.553	468.172	397.905	295.177	116.055
16.563	468.172	397.905	295.177	116.055
16.573	468.172	397.905	295.177	116.055
16.583	467.845	397.905	295.189	116.055
16.593	467.845	397.905	295.387	116.055
16.603	467.845	397.691	296.312	116.217
16.613	467.845	395.817	297.458	116.217
16.623	467.813	395.634	297.458	116.620
16.633	467.664	395.513	298.279	117.197
16.643	467.664	395.513	298.279	117.686
16.653	467.664	395.513	298.411	131.642
16.663	452.130	395.513	298.411	131.642
16.673	449.634	395.513	298.411	131.613
16.683	441.853	395.547	298.411	131.582
16.693	441.365	395.547	298.411	131.561
16.703	439.366	395.547	298.411	131.550
16.713	439.366	395.547	305.471	131.502
16.723	439.366	395.547	305.471	131.415
16.733	439.366	396.381	311.655	131.415
16.743	439.366	396.381	312.800	131.415
16.753	438.705	396.408	313.026	131.331
16.763	438.402	396.408	313.265	131.331
16.773	438.402	396.408	313.546	131.331
16.783	438.402	396.408	313.546	131.462
16.793	439.622	396.408	313.381	131.462
16.803	441.914	396.408	313.308	131.462
16.813	442.754	396.578	313.153	131.462
16.823	442.832	397.125	313.153	131.462
16.833	445.437	399.168	313.153	131.367
16.843	445.437	399.168	313.153	131.367
16.853	442.790	399.514	313.153	131.317
16.863	441.005	399.514	313.294	131.317
16.873	439.282	399.514	313.294	131.297
16.883	439.282	399.514	313.294	131.294
16.893	438.818	398.554	312.958	131.294
16.903	438.818	398.554	312.958	131.294
16.913	438.818	398.554	312.958	131.294
16.923	437.797	398.554	312.958	131.294
16.933	437.797	398.294	312.958	131.784
16.943	437.797	398.294	313.266	131.784
16.953	437.797	394.421	314.666	130.903
16.963	437.797	394.020	314.666	130.600
16.973	438.603	394.020	314.666	130.600
16.983	440.308	394.101	314.666	144.229
16.993	442.447	394.101	314.401	147.818
17.003	442.944	394.829	313.918	148.173
17.013	442.944	394.829	310.682	148.335
17.023	441.520	394.829	310.224	148.335
17.033	440.365	394.829	295.889	147.975
17.043	439.548	375.661	295.889	147.883
17.053	439.548	375.661	295.962	147.721
17.063	439.548	375.661	296.283	147.706
17.073	439.548	375.661	296.726	147.706
17.083	440.927	375.661	296.726	147.405
17.093	440.927	375.661	296.667	147.358
17.103	440.927	375.491	296.600	147.306
17.113	442.024	375.386	296.600	147.302
17.123	442.024	375.386	296.403	147.302
17.133	442.024	375.383	296.403	147.302
17.143	442.024	375.383	296.403	147.302
17.153	442.024	375.383	296.403	147.208
17.163	442.338	375.383	296.219	147.064
17.173	442.338	375.383	296.219	147.064
17.183	441.551	375.233	296.219	147.064
17.193	441.551	375.233	296.980	147.306
17.203	441.472	375.233	300.377	147.306
17.213	439.781	375.233	300.377	147.306
17.223	439.470	375.233	264.473	147.512
17.233	439.213	374.720	264.414	147.512
17.243	438.669	374.720	264.103	147.512
17.253	438.669	374.720	264.103	147.512
17.263	439.421	374.720	264.103	147.512
17.273	439.421	374.669	264.103	147.187
17.283	439.421	374.669	264.199	147.187
17.293	439.421	375.443	264.199	147.187
17.303	439.421	375.779	264.199	147.306
17.313	399.369	375.779	264.199	147.675
17.323	399.369	375.779	264.199	147.675
17.333	399.369	375.779	264.116	98.388
17.343	401.662	376.286	263.927	98.327
17.353	401.662	376.286	263.829	98.228
17.363	397.113	374.423	263.263	98.177
17.373	397.113	295.905	263.263	98.162
17.383	397.113	295.869	263.143	98.152
17.393	399.694	295.210	262.913	98.143
17.403	399.694	295.123	262.228	98.109
17.413	399.803	295.069	262.228	98.109
17.423	399.803	295.067	237.690	98.109
17.433	400.650	295.067	237.405	98.109
17.443	400.650	295.106	237.275	98.098
17.453	398.693	295.244	237.085	98.056
17.463	398.693	295.244	237.085	97.641
17.473	397.667	295.304	236.776	97.641
17.483	397.667	295.304	236.697	97.641
17.493	397.667	295.304	236.176	97.509
17.503	394.400	295.304	236.089	97.509
17.513	393.172	295.072	236.080	97.486
17.523	392.845	294.795	235.976	97.486
17.533	390.439	294.795	235.976	97.486
17.543	391.131	294.795	235.976	97.486
17.553	391.131	294.795	235.970	97.486
17.563	392.999	294.795	235.970	97.486
17.573	392.999	295.090	235.970	97.566
17.583	392.999	295.228	235.947	97.566
17.593	392.999	295.228	235.947	97.574
17.603	395.355	295.228	235.947	97.809
17.613	395.355	295.254	235.947	97.809
17.623	395.573	295.254	235.947	97.809
17.633	396.464	295.254	236.032	98.063
17.643	396.464	295.254	236.032	98.063
17.653	395.503	295.254	236.032	98.083
17.663	395.503	295.475	236.206	98.083
17.673	393.599	295.475	236.206	98.083
17.683	393.599	295.475	236.206	98.083
17.693	393.599	295.475	236.453	98.083
17.703	393.599	295.567	236.453	98.083
17.713	393.588	295.567	236.453	98.083
17.723	392.719	295.567	236.453	98.046
17.733	390.510	295.567	236.453	98.046
17.743	390.510	295.567	236.378	98.046
17.753	390.746	295.567	236.378	98.046
17.763	390.935	295.737	236.420	98.046
17.773	392.204	295.737	236.420	98.046
17.783	392.204	295.737	236.420	98.046
17.793	393.578	295.893	236.420	98.031
17.803	393.974	295.893	236.420	98.031
17.813	393.974	295.893	236.420	98.031
17.823	393.974	295.893	236.334	98.031
17.833	393.974	295.893	236.334	98.031
17.843	393.974	296.035	236.334	97.967
17.853	393.923	296.035	236.334	97.962
17.863	393.850	295.884	236.738	97.735
17.873	393.205	295.884	236.738	97.735
17.883	393.205	295.884	236.738	97.728
17.893	392.239	296.224	236.738	97.361
17.903	392.239	296.224	236.738	97.361
17.913	392.239	296.224	236.777	97.361
17.923	392.239	296.224	236.777	97.361
17.933	392.239	296.224	236.777	97.361
17.943	391.976	296.266	236.777	97.439
17.953	391.976	296.266	236.596	97.452
17.963	392.315	296.225	236.596	98.123
17.973	392.315	296.225	236.351	98.181
17.983	392.315	296.225	236.351	98.186
17.993	392.315	296.225	236.662	98.236
18.003	392.315	296.179	236.662	98.245
18.013	395.751	296.174	236.662	98.245
18.023	395.751	296.174	236.662	98.245
18.033	395.226	295.944	236.662	98.245
18.043	395.197	295.944	236.611	98.254
18.053	395.197	295.944	236.305	98.287
18.063	395.197	295.758	236.305	98.296
18.073	395.197	295.758	236.305	98.287
18.083	395.197	295.758	236.305	98.118
18.093	393.906	295.758	236.305	98.118
18.103	393.526	295.736	236.305	98.118
18.113	393.468	295.736	236.456	98.118
18.123	392.195	295.736	236.456	97.816
18.133	392.195	295.804	236.648	97.816
18.143	391.219	295.804	236.648	97.792
18.153	391.219	295.804	236.563	97.792
18.163	391.219	295.804	236.210	97.792
18.173	391.219	295.804	236.210	97.792
18.183	393.519	295.858	236.210	97.792
18.193	393.519	295.932	236.023	97.796
18.203	393.519	296.355	236.023	97.837
18.213	396.189	296.355	236.023	97.936
18.223	396.189	296.355	236.023	98.508
18.233	395.920	296.355	236.023	98.518
18.243	395.920	296.355	236.148	98.603
18.253	394.838	296.579	236.202	98.603
18.263	394.838	296.591	236.202	98.603
18.273	394.838	296.687	236.202	98.603
18.283	394.838	296.687	236.202	98.603
18.293	394.838	296.545	235.820	98.499
18.303	392.909	296.545	235.814	98.499
18.313	392.120	296.545	235.814	98.499
18.323	392.120	296.545	235.814	98.407
18.333	392.120	296.545	235.814	98.407
18.343	392.120	296.436	235.660	98.366
18.353	392.120	296.436	235.660	98.151
18.363	392.120	296.271	235.795	98.151
18.373	394.931	296.271	236.015	98.151
18.383	394.931	295.976	236.015	98.094
18.393	394.931	295.976	235.861	98.080
18.403	394.931	295.976	235.648	98.044
18.413	394.931	296.037	235.027	98.044
18.423	394.633	296.037	235.027	98.151
18.433	394.577	296.037	235.027	98.151
18.443	394.048	296.037	235.619	98.501
18.453	392.887	296.111	235.619	98.501
18.463	392.887	296.504	235.619	98.501
18.473	392.887	296.504	235.619	98.501
18.483	392.887	296.504	235.619	98.501
18.493	392.887	296.504	235.820	98.546
18.503	392.243	296.504	236.972	98.702
18.513	392.064	296.627	236.972	98.702
18.523	392.032	296.627	236.972	98.702
18.533	391.655	296.627	237.267	98.723
18.543	391.655	296.679	237.531	98.833
18.553	392.025	296.857	238.381	98.833
18.563	392.025	296.857	238.381	98.788
18.573
18.583
18.593
18.603
18.613
18.623
18.633
18.643
18.653
18.663
18.673
18.683
18.693
18.703
18.713
18.723
18.733
18.743
18.753
18.763
18.773
18.783
18.793
18.803
18.813
18.823
18.833
18.843
18.853
18.863
18.873
18.883
18.893
18.903
18.913
18.923
18.933
18.943
18.953
18.963
18.973
18.983
18.993
19.003
19.013
19.023
19.033
19.043
19.053
19.063
19.073
19.083
19.093
19.103
19.113
19.123
19.133
19.143
19.153
19.163
19.173
19.183
19.193
19.203
19.213
19.223
19.233
19.243
19.253	441.128	352.547	352.500	149.105
19.263	441.128	352.547	352.500	149.105
19.273	441.128	352.043	291.810	149.105
19.283	441.128	352.043	291.810	149.105
19.293	441.128	352.860	293.741	149.105
19.303	446.025	353.135	293.741	148.317
19.313	446.025	353.370	293.711	148.301
19.323	446.025	353.370	293.588	148.301
19.333	439.829	353.370	293.459	148.301
19.343	438.057	352.807	293.245	148.301
19.353	437.424	352.807	293.245	148.317
19.363	436.791	352.807	293.937	148.317
19.373	436.791	352.807	293.937	148.360
19.383	437.117	352.712	293.937	148.360
19.393	438.339	352.274	293.937	148.286
19.403	438.339	352.274	295.754	148.286
19.413	438.339	352.342	295.765	148.286
19.423	438.339	352.401	295.837	147.937
19.433	438.339	352.468	295.837	147.937
19.443	439.513	352.523	296.240	147.937
19.453	441.095	352.523	296.365	147.958
19.463	442.408	352.523	296.365	147.958
19.473	444.681	352.523	296.365	147.958
19.483	446.310	352.523	296.365	147.958
19.493	446.310	352.218	296.365	147.958
19.503	446.310	352.218	296.411	147.958
19.513	446.310	352.009	296.561	147.927
19.523	446.310	352.009	296.561	147.841
19.533	438.661	352.009	296.933	147.713
19.543	438.661	352.014	297.150	147.713
19.553	438.661	352.014	297.207	147.830
19.563	438.661	352.014	297.207	147.830
19.573	438.661	352.014	296.983	147.848
19.583	438.613	352.373	296.983	147.848
19.593	438.613	352.373	296.983	147.848
19.603	438.613	352.373	296.983	147.848
19.613	441.991	352.373	297.049	147.848
19.623	441.991	352.155	297.186	147.903
19.633	443.245	352.155	297.186	148.482
19.643	445.219	352.155	297.186	148.482
19.653	445.219	352.155	297.186	148.482
19.663	444.189	352.155	297.186	148.482
19.673	442.150	352.483	297.186	148.482
19.683	442.063	352.483	297.690	148.718
19.693	441.313	352.483	297.801	149.074
19.703	441.313	352.483	297.801	149.074
19.713	441.313	352.483	297.801	149.255
19.723	441.313	352.781	297.801	149.545
19.733	441.313	352.781	297.801	149.836
19.743	440.769	352.866	298.226	149.836
19.753	440.769	352.866	298.879	150.100
19.763	441.382	352.866	298.879	150.634
19.773	442.237	352.866	298.906	150.634
19.783	459.302	352.866	300.109	150.549
19.793	465.119	352.918	306.179	147.691
19.803	465.119	353.538	306.179	98.944
19.813	467.245	354.159	303.953	98.434
19.823	468.105	361.635	303.846	98.424
19.833	468.964	392.678	303.669	98.205
19.843	468.964	397.116	294.428	98.189
19.853	467.775	397.403	294.428	98.189
19.863	467.775	397.126	295.448	98.172
19.873	467.775	397.126	295.459	98.169
19.883	467.775	397.126	296.595	98.060
19.893	467.775	397.489	296.695	98.006
19.903	461.555	397.489	296.997	98.006
19.913	461.555	397.489	296.997	97.879
19.923	461.555	397.489	296.821	97.876
19.933	461.555	397.489	296.821	97.876
19.943	461.555	397.436	296.821	97.876
19.953	461.555	396.697	296.821	97.876
19.963	464.977	396.697	296.821	97.876
19.973	465.765	396.697	296.431	98.180
19.983	465.765	396.697	296.431	98.195
19.993	465.765	396.362	296.431	98.195
20.003	465.640	396.362	296.431	98.181
20.013	465.640	395.462	296.431	98.181
20.023	463.880	395.462	296.831	98.181
20.033	461.691	395.462	297.396	98.181
20.043	461.691	395.474	297.396	98.226
20.053	461.691	395.474	297.396	98.226
20.063	461.691	395.474	297.667	98.226
20.073	460.799	395.474	297.667	98.342
20.083	460.799	395.474	297.667	98.342
20.093	460.799	395.465	297.667	98.398
20.103	460.799	395.465	297.667	98.483
20.113	460.799	395.465	297.894	98.739
20.123	460.799	395.465	297.976	99.298
20.133	463.666	395.466	297.976	99.384
20.143	463.666	395.466	297.976	99.922
20.153	463.653	395.732	297.976	111.685
20.163	463.653	395.732	297.976	111.685
20.173	463.048	395.732	297.738	111.494
20.183	463.048	395.253	297.738	111.316
20.193	461.736	395.253	297.738	111.248
20.203	461.736	395.253	298.172	111.178
20.213	462.404	395.253	298.172	111.178
20.223	462.857	395.253	298.046	111.103
20.233	462.857	395.310	298.046	111.103
20.243	462.857	395.387	298.046	111.029
20.253	462.857	395.387	298.046	111.029
20.263	465.210	395.387	297.847	110.989
20.273	465.210	395.576	297.810	110.989
20.283	465.210	395.576	297.580	110.989
20.293	465.210	395.576	297.580	110.989
20.303	465.210	395.576	297.921	110.989
20.313	465.149	395.715	297.921	110.945
20.323	464.518	395.715	297.975	110.945
20.333	464.518	396.899	298.791	110.945
20.343	464.518	396.899	298.791	110.929
20.353	464.518	396.899	299.066	110.929
20.363	464.474	397.476	299.166	110.930
20.373	462.123	400.563	300.226	110.945
20.383	461.429	400.563	306.053	111.103
20.393	460.287	296.538	306.053	111.103
20.403
20.413
20.423
20.433	389.283	296.482	237.157	117.125
20.443	390.443	296.482	237.210	117.205
20.453	391.006	296.334	237.210	117.224
20.463	391.006	296.325	237.974	117.233
20.473	391.006	296.334	238.402	117.244
20.483	391.006	296.450	238.428	117.244
20.493	391.006	296.450	238.402	117.244
20.503	391.006	296.450	238.308	117.113
20.513	391.259	296.450	238.308	117.113
20.523	391.259	296.450	238.048	117.113
20.533	392.672	296.485	238.048	117.113
20.543	393.510	296.485	238.060	117.113
20.553	393.591	296.485	238.060	117.100
20.563	393.591	296.169	238.060	117.100
20.573	393.591	296.169	238.060	117.100
20.583	391.415	296.169	237.926	117.166
20.593	391.415	296.169	237.926	117.166
20.603	391.415	296.018	237.926	117.166
20.613	391.415	296.018	237.926	117.170
20.623	391.415	295.929	237.926	117.330
20.633	392.283	295.866	237.926	117.330
20.643	392.283	295.866	237.836	117.374
20.653	392.283	295.812	237.836	117.524
20.663	392.501	295.812	237.836	117.524
20.673	392.501	295.700	237.986	117.687
20.683	393.610	295.700	238.083	117.997
20.693	393.610	295.700	238.083	118.053
20.703	393.430	295.700	238.083	118.548
20.713	393.212	295.700	238.083	131.774
20.723	393.212	295.829	238.062	132.239
20.733	393.212	295.829	238.044	132.239
20.743	393.212	295.829	238.044	132.239
20.753	393.212	295.753	238.044	132.239
20.763	392.282	295.732	238.044	132.216
20.773	392.282	295.732	238.044	132.096
20.783	391.750	295.732	237.923	132.078
20.793	391.750	295.732	237.809	132.078
20.803	391.750	295.732	237.809	131.873
20.813	391.750	295.732	237.809	131.803
20.823	390.697	295.732	237.809	131.803
20.833	390.671	295.792	237.809	131.728
20.843	390.671	295.792	237.780	131.728
20.853	390.671	295.792	237.780	131.728
20.863	390.671	295.792	237.780	131.728
20.873	390.671	295.792	237.780	131.728
20.883	391.064	295.750	237.698	131.715
20.893	391.250	295.704	237.593	131.715
20.903	392.186	295.704	237.593	131.827
20.913	392.591	295.616	237.593	131.883
20.923	392.716	295.616	237.186	131.883
20.933	392.716	295.616	237.186	131.848
20.943	385.037	295.569	237.186	131.848
20.953	385.037	295.569	237.186	131.848
20.963	385.037	295.569	237.186	131.848
20.973	390.214	295.569	237.334	131.848
20.983	390.214	295.560	237.542	131.945
20.993	390.214	295.560	237.542	131.945
21.003	390.214	295.807	237.542	131.840
21.013	390.214	295.959	237.992	131.840
21.023	390.214	296.013	239.335	148.247
21.033	392.581	296.013	240.673	148.247
21.043	387.884	296.013	245.752	148.194
21.053	370.779	296.013	245.752	148.176
21.063	370.779	296.182	245.752	148.088
21.073	355.000	297.206	221.651	148.080
21.083	355.000	299.492	221.651	148.058
21.093	346.182	299.492	221.984	148.038
21.103	345.652	299.492	222.304	148.038
21.113	345.429	295.966	222.724	148.038
21.123	345.022	295.966	222.751	148.038
21.133	345.022	295.904	222.751	148.038
21.143	348.022	295.960	222.734	147.945
21.153	348.022	295.960	222.626	147.945
21.163	347.796	295.960	222.626	147.523
21.173	347.796	295.960	222.626	147.523
21.183	348.911	295.905	222.626	147.523
21.193	349.580	295.905	222.626	147.523
21.203	349.580	295.905	222.801	147.523
21.213	351.150	295.695	222.801	147.703
21.223	351.150	295.695	222.862	147.998
21.233	351.150	295.695	222.862	148.001
21.243	352.488	295.695	222.862	148.001
21.253	352.488	295.695	222.862	148.001
21.263	352.488	295.550	222.862	148.001
21.273	350.206	295.550	223.019	148.001
21.283	350.206	295.508	223.151	148.132
21.293	348.412	295.508	223.151	148.343
21.303	348.412	295.508	223.151	148.343
21.313	348.737	295.508	223.151	147.845
21.323	348.737	295.580	223.151	132.473
21.333	348.737	295.580	223.365	132.322
21.343	348.737	295.580	223.365	132.322
21.353	348.737	295.580	223.365	132.205
21.363	351.928	295.580	223.365	132.177
21.373	351.928	295.579	223.365	132.116
21.383	351.928	295.579	223.207	132.116
21.393	352.863	295.579	222.998	132.116
21.403	352.863	295.558	222.998	132.008
21.413	352.863	295.558	222.998	132.008
21.423	352.712	295.558	222.998	132.008
21.433	352.712	295.558	222.998	132.008
21.443	352.372	295.558	223.068	132.008
21.453	352.070	295.830	223.068	132.002
21.463	352.070	295.830	222.940	131.991
21.473	352.070	295.830	222.646	131.991
21.483	352.070	295.830	222.646	131.991
21.493	351.324	296.040	222.646	131.991
21.503	351.324	296.040	222.646	131.991
21.513	351.314	296.244	222.646	131.991
21.523	350.806	296.244	222.350	131.762
21.533	349.965	296.244	222.350	131.686
21.543	348.097	296.244	222.969	131.686
21.553	346.162	296.244	222.969	131.686
21.563	346.162	296.167	222.969	131.686
21.573	354.072	296.167	223.059	131.686
21.583	354.072	296.167	223.537	131.617
21.593	389.299	296.167	223.537	131.617
21.603	389.299	296.167	223.537	132.085
21.613	388.449	296.142	223.537	132.539
21.623	388.449	296.142	223.537	133.611
21.633	388.449	296.214	223.677	133.611
21.643	392.621	296.214	224.403	114.743
21.653	392.621	296.214	232.106	114.743
21.663	390.254	296.406	232.106	115.787
21.673	390.085	296.443	235.206	116.411
21.683	390.085	298.191	236.908	116.476
21.693	391.889	298.191	236.993	116.842
21.703	392.902	295.037	237.212	116.842
21.713	392.902	294.817	237.301	116.842
21.723	392.173	294.779	237.440	116.823
21.733	391.667	294.657	237.484	116.818
21.743	391.667	294.657	237.484	116.814
21.753	391.667	294.699	237.333	116.814
21.763	391.351	294.699	237.255	116.814
21.773	390.912	294.699	237.091	116.814
21.783	390.601	294.699	237.091	116.759
21.793	390.601	294.699	237.091	116.759
21.803	390.703	294.801	237.091	116.759
21.813	390.745	294.801	237.091	116.759
21.823	390.745	294.801	237.395	116.759
21.833	390.745	294.692	237.395	116.861
21.843	390.745	294.692	237.463	116.861
21.853	390.745	294.692	237.463	116.861
21.863	390.745	295.207	237.463	116.861
21.873	391.027	295.207	237.463	116.901
21.883	391.133	295.207	237.400	116.936
21.893	391.429	295.207	237.400	116.992
21.903	391.429	295.207	237.793	116.992
21.913	389.423	295.288	237.793	117.023
21.923	389.423	295.295	237.812	117.088
21.933	389.423	295.625	238.138	117.114
21.943	389.423	296.274	238.208	117.114
21.953	428.117	297.108	239.356	111.068
21.963	428.117	302.577	239.672	110.927
21.973	428.117	375.920	239.672	110.927
21.983	428.117	375.920	239.672	110.822
21.993	428.117	375.454	264.963	110.806
22.003	428.117	374.516	265.132	110.806
22.013	428.117	374.047	265.243	110.806
22.023	435.849	374.047	265.308	110.806
22.033	436.893	374.049	265.328	110.806
22.043	437.132	374.174	265.328	110.462
22.053	437.132	374.174	265.328	110.462
22.063	436.677	374.174	265.624	110.435
22.073	436.677	374.174	265.624	110.435
22.083	438.709	374.199	265.575	110.435
22.093	438.709	374.199	265.575	110.435
22.103	436.070	374.199	265.304	110.435
22.113	436.070	374.267	265.304	110.599
22.123	433.955	374.267	265.304	110.599
22.133	433.955	374.267	265.304	110.599
22.143	434.157	374.267	265.304	110.572
22.153	434.157	374.267	265.304	110.572
22.163	434.157	374.704	265.744	110.572
22.173	434.157	374.704	265.744	110.572
22.183	434.157	374.704	265.744	110.572
22.193	434.807	375.344	266.453	110.615
22.203	434.807	375.344	266.453	110.664
22.213	434.807	375.344	266.456	110.664
22.223	434.590	375.344	267.147	110.664
22.233	434.590	375.344	267.147	110.693
22.243	434.481	375.448	267.147	110.693
22.253	435.501	379.571	267.862	110.502
22.263	455.485	401.117	280.289	98.132
22.273	458.509	402.519	293.167	98.055
22.283	458.873	402.519	294.083	97.974
22.293	458.873	396.881	294.746	97.917
22.303	458.873	395.771	294.921	97.910
22.313	458.873	395.554	294.921	97.834
22.323	458.873	395.554	295.812	97.834
22.333	458.873	395.554	295.812	97.574
22.343	456.202	395.554	295.394	97.560
22.353	456.202	395.477	295.350	97.541
22.363	456.202	395.477	295.350	97.541
22.373	456.202	395.477	295.350	97.577
22.383	456.202	394.766	295.350	97.577
22.393	455.902	394.746	294.958	97.577
22.403	455.902	394.746	294.958	97.577
22.413	455.902	394.746	295.448	97.577
22.423	455.902	394.746	295.476	97.970
22.433	459.766	394.746	295.547	98.022
22.443	459.766	394.543	295.547	98.061
22.453	459.766	394.543	295.547	98.091
22.463	459.766	394.750	295.547	98.129
22.473	459.766	394.750	296.133	98.147
22.483	456.963	394.833	296.133	98.147
22.493	455.678	394.833	296.133	98.147
22.503	454.086	394.999	296.133	98.147
22.513	452.815	394.999	296.133	98.249
22.523	452.815	394.999	296.144	98.249
22.533	451.541	394.999	296.358	98.268
22.543	451.541	394.999	296.358	98.356
22.553	451.541	394.999	296.380	98.858
22.563	451.541	395.297	296.380	99.071
22.573	451.541	395.297	296.380	99.258
22.583	456.231	395.297	296.837	117.348
22.593	456.231	395.297	296.837	117.348
22.603	460.166	395.415	296.837	116.976
22.613	460.166	395.802	296.837	116.955
22.623	458.206	395.802	297.344	116.923
22.633	457.820	395.802	297.344	116.923
22.643	457.820	395.802	297.207	116.792
22.653	457.820	395.802	297.157	116.792
22.663	457.820	395.543	297.157	116.719
22.673	456.825	395.543	297.157	116.719
22.683	456.825	395.543	297.157	116.596
22.693	456.996	393.874	297.226	116.596
22.703	459.112	393.874	297.226	116.596
22.713	459.546	394.146	297.333	116.596
22.723	459.546	394.146	297.333	116.593
22.733	459.546	394.146	298.192	116.561
22.743	459.546	394.146	298.192	116.551
22.753	459.546	394.103	298.192	116.551
22.763	459.904	394.103	298.653	116.750
22.773	460.490	394.103	298.677	116.750
22.783	460.490	394.400	298.677	116.818
22.793	461.612	395.601	298.677	116.818
22.803	461.612	395.601	298.677	116.826
22.813	460.175	395.601	298.735	116.826
22.823	455.406	397.666	298.735	116.826
22.833	440.420	397.666	298.735	116.826
22.843	440.004	397.666	299.108	116.826
22.853	438.959	397.666	301.630	116.826
22.863	438.936	397.666	307.076	116.973
22.873	437.641	397.285	308.959	117.341
22.883	437.641	397.285	314.855	118.951
22.893	437.641	397.285	314.855	125.780
22.903	437.641	397.285	314.855	125.780
22.913	437.641	396.947	311.335	131.145
22.923	437.074	396.639	311.335	131.903
22.933	437.064	395.059	311.701	131.903
22.943	437.074	395.059	312.486	131.742
22.953	437.990	395.059	312.889	131.719
22.963	437.990	395.059	312.889	131.719
22.973	437.990	395.059	313.202	131.605
22.983	437.990	395.277	313.202	131.601
22.993	437.990	395.941	313.202	131.573
23.003	437.990	397.124	313.202	131.541
23.013	437.990	397.502	313.202	131.527
23.023	435.866	397.502	312.537	131.527
23.033	435.077	397.502	312.537	131.527
23.043	435.077	397.502	312.537	131.527
23.053	436.432	397.502	312.537	131.527
23.063	436.855	396.995	312.537	131.479
23.073	436.855	396.995	312.537	131.430
23.083	436.855	396.995	312.618	131.430
23.093	436.855	396.995	312.957	131.430
23.103	436.855	396.995	313.148	131.430
23.113	438.190	395.896	314.516	131.430
23.123	440.967	395.896	314.516	131.433
23.133	440.967	395.896	314.516	131.438
23.143	441.902	395.827	314.516	131.470
23.153	442.642	395.827	314.516	131.470
23.163	442.642	395.827	316.660	131.476
23.173	442.115	395.827	316.660	131.476
23.183	435.693	396.477	316.660	131.476
23.193	435.030	396.477	313.307	131.574
23.203	435.030	396.477	294.737	131.645
23.213	435.484	397.462	294.737	131.645
23.223	436.890	397.462	295.179	131.223
23.233	436.890	397.636	295.378	131.223
23.243	436.890	397.636	295.474	148.434
23.253	436.890	384.647	295.474	148.434
23.263	436.890	384.647	295.572	148.338
23.273	438.022	375.373	295.594	148.247
23.283	439.554	374.984	295.618	148.247
23.293	439.805	374.984	295.618	148.247
23.303	440.304	374.984	295.618	148.247
23.313	440.304	374.984	295.618	147.879
23.323	438.843	374.917	296.620	147.879
23.333	438.843	374.917	296.620	147.879
23.343	438.843	374.917	296.620	147.684
23.353	438.843	374.917	296.620	147.528
23.363	438.843	374.917	296.980	147.458
23.373	437.964	374.989	296.980	147.454
23.383	437.727	374.989	296.834	147.454
23.393	437.443	375.320	296.385	147.484
23.403	437.443	375.320	295.473	147.484
23.413	437.443	375.112	264.303	147.484
23.423	437.154	375.112	263.845	147.484
23.433	437.154	375.112	263.621	147.484
23.443	437.154	375.112	263.621	147.394
23.453	437.154	375.112	263.504	147.394
23.463	437.154	375.112	263.276	147.394
23.473	436.931	375.238	262.952	147.394
23.483	436.452	375.238	262.894	147.275
23.493	436.452	375.534	262.894	147.275
23.503	438.239	375.534	262.894	147.275
23.513	438.239	375.534	262.894	147.275
23.523	438.239	375.534	262.394	147.275
23.533	434.761	375.534	262.394	147.261
23.543	421.023	375.534	262.394	147.256
23.553	403.063	376.881	262.394	147.211
23.563	403.063	376.881	262.394	147.075
23.573	403.063	368.212	262.638	146.736
23.583	403.063	307.747	262.659	144.954
23.593	401.337	296.811	262.885	144.392
23.603	401.337	295.705	263.457	98.379
23.613	397.882	295.449	263.457	97.764
23.623	397.882	294.689	263.703	97.683
23.633	397.882	294.618	263.911	97.545
23.643	397.882	294.562	263.911	97.537
23.653	397.882	294.562	249.815	97.522
23.663	397.882	294.644	249.772	97.522
23.673	398.694	294.736	249.742	97.388
23.683	398.694	294.736	248.865	97.300
23.693	399.430	294.736	248.865	97.179
23.703	399.430	294.736	248.933	97.103
23.713	394.619	294.736	248.940	97.073
23.723	392.979	294.400	248.940	96.995
23.733	391.055	294.400	248.894	96.988
23.743	391.055	294.400	248.894	96.988
23.753	392.160	294.400	248.894	96.988
23.763	394.081	294.400	247.950	96.988
23.773	394.081	294.099	247.950	97.097
23.783	394.081	294.099	247.950	97.097
23.793	394.081	294.099	247.950	97.097
23.803	394.081	294.363	247.950	97.097
23.813	394.081	294.752	248.212	97.097
23.823	394.364	294.752	248.212	97.163
23.833	394.364	294.752	248.438	97.163
23.843	394.364	294.752	248.469	97.163
23.853	394.750	294.906	248.469	97.459
23.863	393.951	294.906	248.469	97.462
23.873	391.269	294.906	248.469	97.462
23.883	391.269	294.906	247.447	97.462
23.893	391.310	294.906	247.447	97.462
23.903	391.310	294.977	247.447	97.461
23.913	391.320	295.026	247.447	97.460
23.923	392.655	295.026	247.447	97.460
23.933	392.655	295.125	247.656	97.436
23.943	392.655	295.125	248.081	97.436
23.953	392.655	295.125	248.081	97.407
23.963	392.655	295.125	248.081	97.407
23.973	394.738	294.995	248.081	97.407
23.983	394.738	294.995	248.081	97.407
23.993	394.738	294.995	248.003	97.407
24.003	394.094	294.995	246.807	97.395
24.013	393.969	294.979	246.807	97.395
24.023	393.874	294.979	246.807	97.328
24.033	393.874	294.967	246.807	97.328
24.043	393.874	294.965	246.807	97.328
24.053	393.874	294.965	247.199	97.328
24.063	393.231	294.965	247.653	97.328
24.073	393.231	294.965	247.653	97.328
24.083	393.231	294.965	247.169	97.338
24.093	392.884	294.965	247.169	97.338
24.103	392.007	294.997	247.169	97.333
24.113	392.007	295.070	247.169	97.333
24.123	392.007	295.070	247.169	97.185
24.133	392.007	295.070	246.094	97.185
24.143	393.902	295.139	246.094	97.129
24.153	393.902	295.139	246.094	97.129
24.163	393.902	295.139	246.094	97.129
24.173	393.902	295.139	246.242	97.129
24.183	394.564	295.139	246.242	97.129
24.193	394.822	295.138	246.242	97.070
24.203	394.822	295.138	246.242	97.070
24.213	393.886	295.326	246.242	97.070
24.223	393.219	295.326	247.125	97.070
24.233	393.219	295.326	247.213	97.080
24.243	393.219	295.326	247.213	97.080
24.253	393.219	295.488	247.213	97.328
24.263	393.219	295.488	247.213	97.328
24.273	391.102	295.488	246.871	97.328
24.283	390.926	295.488	246.871	97.328
24.293	390.926	295.488	246.871	97.656
24.303	390.926	295.638	246.871	97.656
24.313	390.926	295.668	247.007	97.660
24.323	392.616	295.668	247.007	97.660
24.333	392.616	295.668	246.411	97.660
24.343	392.616	295.668	245.781	97.660
24.353	392.616	295.668	245.781	97.660
24.363	392.761	295.801	245.781	97.660
24.373	394.388	295.801	245.781	97.631
24.383	394.393	295.727	245.781	97.631
24.393	394.393	295.727	246.156	97.555
24.403	393.285	295.727	246.156	97.466
24.413	392.824	295.727	246.156	96.789
24.423	392.824	295.656	246.156	96.717
24.433	392.824	295.656	245.787	96.706
24.443	392.824	295.656	245.787	96.706
24.453	392.824	295.656	245.787	96.706
24.463	392.112	295.656	245.787	96.706
24.473	390.774	295.690	245.787	96.706
24.483	390.774	295.975	246.520	96.733
24.493	391.352	295.975	246.520	96.871
24.503	392.056	295.901	249.449	97.678
24.513	392.056	295.901	249.826	97.678
24.523	392.056	295.901	250.063	97.849
24.533	392.056	295.901	250.063	97.849
24.543	392.056	295.846	250.063	97.849
24.553	392.849	295.846	250.000	97.945
24.563	393.751	296.038	250.000	97.945
24.573	394.096	296.038	249.283	97.945
24.583	394.096	296.213	249.283	97.945
24.593	393.891	296.379	249.283	97.945
24.603	393.463	296.379	249.283	97.870
24.613	391.525	296.410	249.283	97.870
24.623	391.525	296.410	248.938	97.254
24.633	391.525	296.410	247.925	97.254
24.643	391.525	296.410	247.396	96.958
24.653	391.525	296.449	245.822	96.878
24.663	390.496	296.449	245.822	96.878
24.673	390.496	296.449	245.822	96.878
24.683	390.894	296.523	246.389	96.878
24.693	391.542	296.832	246.475	96.878
24.703	391.542	296.832	246.475	96.878
24.713	391.542	296.832	246.475	97.670
24.723	391.542	296.972	246.475	97.670
24.733	391.542	296.972	246.475	97.670
24.743	391.816	296.649	248.028	97.909
24.753	392.663	296.621	248.028	97.909
24.763	393.258	296.621	249.778	97.935
24.773	393.601	296.621	249.778	97.941
24.783	393.601	296.621	249.778	97.941
24.793	393.601	296.510	249.778	97.941
24.803	393.601	296.510	252.102	97.941
24.813	393.601	296.510	252.247	97.941
24.823	393.019	296.779	252.247	97.859
24.833	390.731	296.779	251.826	97.859
24.843	390.731	297.121	251.826	97.851
24.853	391.293	297.121	251.826	97.796
24.863	391.293	297.121	251.826	97.796
24.873	391.293	297.121	251.826	97.787
24.883	391.293	297.121	251.232	97.787
24.893	391.293	297.046	250.880	97.691
24.903	391.798	297.046	250.292	97.683
24.913	392.986	297.126	248.763	97.657
24.923	393.468	297.126	248.184	97.624
24.933	394.259	297.126	246.384	97.607
24.943	394.259	297.330	245.729	97.591
24.953	394.259	297.330	245.729	97.591
24.963	394.259	297.330	245.729	97.565
24.973	394.259	297.330	245.729	97.565
24.983	392.514	297.375	245.729	97.799
24.993	392.514	297.375	248.905	97.799
25.003	390.728	297.204	248.905	98.042
25.013	390.728	297.204	248.905	98.042
25.023	390.728	297.204	251.633	98.116
25.033	391.968	297.204	252.536	98.116
25.043	391.968	297.494	252.536	98.116
25.053	391.968	297.494	252.536	98.133
25.063	392.106	297.713	252.536	98.133
25.073	394.470	297.713	253.042	98.133
25.083	394.490	297.713	253.042	98.133
25.093	394.470	297.713	253.042	98.379
25.103	393.695	297.713	253.042	98.379
25.113	393.046	297.831	253.042	97.988
25.123	392.886	297.831	252.290	97.988
25.133	392.886	297.786	251.633	97.988
25.143	392.886	297.786	249.860	97.901
25.153
25.163
25.173
25.183
25.193
25.203
25.213
25.223
25.233
25.243
25.253
25.263
25.273
25.283
25.293
25.303
25.313
25.323
25.333
