0.023
0.033
0.043
0.053
0.063
0.073
0.083
0.093
0.103
0.113
0.123
0.133
0.143
0.153
0.163
0.173
0.183
0.193
0.203
0.213
0.223
0.233
0.243
0.253
0.263
0.273
0.283
0.293
0.303
0.313
0.323
0.333
0.343
0.353
0.363
0.373
0.383
0.393
0.403
0.413
0.423
0.433
0.443
0.453
0.463
0.473
0.483
0.493
0.503
0.513
0.523
0.533
0.543
0.553
0.563
0.573
0.583
0.593
0.603
0.613
0.623
0.633
0.643
0.653
0.663
0.673
0.683
0.693
0.703
0.713
0.723
0.733
0.743
0.753
0.763
0.773
0.783
0.793
0.803
0.813
0.823
0.833
0.843
0.853
0.863
0.873
0.883
0.893
0.903
0.913
0.923
0.933
0.943
0.953
0.963
0.973
0.983
0.993
1.003
1.013
1.023
1.033
1.043
1.053
1.063
1.073
1.083
1.093
1.103
1.113
1.123
1.133
1.143
1.153
1.163
1.173
1.183
1.193
1.203
1.213
1.223
1.233
1.243
1.253
1.263
1.273
1.283
1.293
1.303
1.313
1.323
1.333
1.343
1.353
1.363
1.373
1.383
1.393
1.403
1.413
1.423
1.433
1.443
1.453
1.463
1.473
1.483
1.493
1.503
1.513
1.523
1.533
1.543
1.553
1.563
1.573
1.583
1.593
1.603
1.613
1.623
1.633
1.643
1.653
1.663
1.673
1.683
1.693
1.703
1.713
1.723
1.733
1.743
1.753
1.763
1.773
1.783
1.793
1.803
1.813
1.823
1.833
1.843
1.853
1.863
1.873
1.883
1.893
1.903
1.913
1.923
1.933
1.943
1.953
1.963
1.973
1.983
1.993
2.003	265.385
2.013	265.324
2.023	265.293
2.033	265.262
2.043	264.666
2.053	267.741
2.063	535.482	264.666
2.073	535.482	264.666
2.083	535.482	264.666
2.093	523.765	264.452
2.103	529.331	264.345
2.113	529.331	264.207
2.123	523.644	264.666
2.133	524.219	264.666
2.143	535.482	261.626
2.153	264.666	524.340
2.163	261.626	535.482
2.173	263.050	535.482
2.183	264.666	528.873
2.193	262.868
2.203	264.666
2.213	264.666
2.223	261.626
2.233	262.579
2.243	263.324
2.253	263.339
2.263	263.415
2.273
2.283
2.293
2.303
2.313
2.323
2.333
2.343
2.353
2.363
2.373
2.383
2.393
2.403
2.413
2.423
2.433
2.443
2.453
2.463
2.473
2.483
2.493
2.503
2.513
2.523
2.533
2.543
2.553
2.563
2.573
2.583
2.593
2.603
2.613
2.623
2.633
2.643
2.653
2.663
2.673
2.683
2.693
2.703
2.713
2.723
2.733
2.743
2.753
2.763
2.773
2.783
2.793
2.803
2.813
2.823
2.833
2.843
2.853
2.863
2.873
2.883
2.893
2.903
2.913
2.923
2.933
2.943
2.953
2.963
2.973
2.983	330.772
2.993	330.810
3.003	330.829
3.013	330.848
3.023	326.652	264.666
3.033	337.332	263.035
3.043	262.883	331.959
3.053	261.626	328.867
3.063	264.666	327.426
3.073	261.626	330.944
3.083	264.666	333.458
3.093	261.626	331.116
3.103	261.626	331.231
3.113	261.626	331.346
3.123	261.626	331.441
3.133	261.626	330.581
3.143	262.488	331.384
3.153	261.626	330.867
3.163	261.626	333.458
3.173	264.666	329.628
3.183	261.626	333.458
3.193	264.727	333.458
3.203	261.626	331.920
3.213	262.079	331.920
3.223	261.626	331.939
3.233	261.626	331.959
3.243	262.777	331.939
3.253	262.913	330.218
3.263	261.626	330.390
3.273	264.666	333.188	130.813
3.283	264.666	333.458	131.396
3.293	264.666	332.055	395.909
3.303	396.001	263.248	332.131
3.313	396.550	332.458	263.217
3.323	396.550	332.342	263.141
3.333	396.550	332.400	263.004
3.343	396.550	332.477
3.353	396.550	332.496
3.363	396.550	329.894
3.373	394.494	333.458
3.383	394.631	333.458
3.393	396.550	333.458
3.403	396.550	333.458
3.413	396.550	333.458
3.423	330.199	394.471
3.433	333.458	393.311
3.443	330.333	392.494
3.453	330.696	396.550
3.463	329.990	394.243
3.473	331.307	393.766
3.483	331.078	130.813
3.493	330.906	132.333
3.503	330.753	131.078
3.513	330.638	131.040
3.523	333.458	131.002
3.533	329.628	130.813
3.543	333.458	390.730
3.553	323.366	391.000
3.563	391.407	330.180
3.573	390.481	330.237
3.583	392.426	333.458
3.593	391.611	329.628
3.603	391.792	330.199
3.613	391.950	110.000
3.623	391.882	110.000
3.633	392.970	330.180
3.643	393.379	329.551
3.653	392.267	329.666
3.663	391.249	330.333
3.673	392.426	330.333
3.683	391.995	329.628
3.693	391.995	333.458
3.703	392.834	329.647
3.713	392.698	329.628
3.723	392.267	330.447
3.733	392.335	330.581
3.743	392.154	330.676
3.753	392.562	330.734
3.763	393.538	329.628
3.773	397.032	330.772
3.783	396.550	329.628
3.793	330.963	393.902
3.803	333.458	393.902
3.813	333.458	393.857
3.823	330.772	391.995
3.833	329.628	394.061
3.843	329.628	393.220
3.853	392.041	329.342
3.863	393.402	329.799
3.873	396.550
3.883	393.788
3.893	393.834
3.903	393.902
3.913	394.016
3.923
3.933
3.943
3.953
3.963
3.973
3.983	498.959
3.993	498.959
4.003	498.959
4.013	498.959
4.023	499.622
4.033	499.622	391.860
4.043	499.622	392.041
4.053	494.911	392.177
4.063	499.622	392.267
4.073	499.622	391.995
4.083	499.622	392.222	297.077
4.093	498.267	392.449	296.580
4.103	499.622	393.356	296.511
4.113	499.622	392.517	297.077
4.123	499.622	392.811	297.077
4.133	494.054	392.879	296.289
4.143	494.283	391.995	296.203
4.153	499.622	392.358	294.548
4.163	494.740	293.665	392.313
4.173	494.568	297.077	391.995
4.183	494.397	297.077	391.995
4.193	495.741	297.077	391.995
4.203	494.568	295.947
4.213	495.598	295.912
4.223	499.622	297.077
4.233	494.254	295.264
4.243	494.597	293.410
4.253	494.483	295.964
4.263	495.483	296.066
4.273	495.483	392.199
4.283	494.626	392.267
4.293	499.622	392.313
4.303	494.026	392.358
4.313	495.226	391.995
4.323	495.083	391.995
4.333	494.140	394.084
4.343	494.026
4.353	391.995
4.363	392.539
4.373	392.539
4.383	392.539
4.393	392.539
4.403
4.413
4.423
4.433
4.443
4.453
4.463
4.473
4.483
4.493
4.503
4.513
4.523
4.533	349.148
4.543	349.168
4.553	349.168
4.563	348.463
4.573	349.228
4.583	349.228
4.593	350.097
4.603	349.309
4.613	349.228
4.623	349.329
4.633	349.329
4.643
4.653
4.663
4.673
4.683
4.693
4.703
4.713
4.723
4.733
4.743	527.256
4.753	527.439
4.763	527.561
4.773	527.530
4.783	525.918
4.793	529.331	116.669
4.803	523.614	116.682
4.813	529.331	116.541
4.823	529.331	116.541
4.833	529.331	116.541
4.843	529.331	116.541	392.834
4.853	527.043	393.084	116.878
4.863	523.251	391.995	117.895
4.873	523.402	394.471	116.541
4.883	393.538	529.331	116.541
4.893	392.743	526.465	117.054
4.903	388.928	526.313
4.913	391.995	130.956
4.923	392.743	130.813
4.933	391.995	131.009
4.943	392.948	130.813
4.953	396.550	130.813
4.963	393.197	130.813
4.973	391.995	132.333
4.983	393.425	131.229
4.993	393.493	131.267
5.003	394.631	525.796
5.013	525.310	393.675
5.023	526.769	265.385
5.033	526.982	265.262
5.043	264.666	525.948
5.053	267.741	526.039
5.063	264.666	526.130
5.073	264.666	526.221
5.083	264.666	523.826
5.093	263.872	523.251
5.103	263.582	529.331
5.113	263.278	523.402
5.123	261.626	528.354
5.133	261.626	535.482
5.143	262.322	529.117
5.153	264.666	529.239
5.163	261.626	529.392
5.173	262.352	535.482
5.183	261.626	529.331
5.193	262.579	529.270
5.203	261.626	529.331
5.213	264.666	524.340
5.223	263.613	392.585
5.233	263.141	392.948
5.243	264.666
5.253	264.666
5.263	263.689
5.273	263.811
5.283	263.948
5.293
5.303
5.313
5.323
5.333
5.343
5.353
5.363
5.373
5.383
5.393
5.403
5.413
5.423
5.433
5.443
5.453
5.463
5.473
5.483
5.493
5.503
5.513
5.523
5.533
5.543
5.553
5.563
5.573
5.583
5.593
5.603
5.613
5.623	97.999
5.633	97.999
5.643	97.999
5.653	97.999
5.663
5.673
5.683
5.693
5.703
5.713
5.723
5.733
5.743
5.753
5.763
5.773
5.783
5.793
5.803
5.813
5.823
5.833
5.843
5.853
5.863
5.873
5.883
5.893
5.903
5.913
5.923
5.933
5.943
5.953
5.963
5.973
5.983	133.053
5.993	132.792
6.003	132.647
6.013	132.555
6.023	132.486
6.033	134.203
6.043	133.870	886.274
6.053	132.333	882.494
6.063	130.813	883.463
6.073	130.813	881.374
6.083	130.813	879.035
6.093	131.776	881.577
6.103	261.626
6.113	264.666
6.123	262.913
6.133	262.868
6.143	262.807
6.153
6.163
6.173
6.183
6.193
6.203
6.213
6.223
6.233
6.243
6.253
6.263
6.273
6.283
6.293	445.395
6.303	443.931
6.313	442.063
6.323
6.333
6.343
6.353
6.363
6.373
6.383
6.393
6.403
6.413
6.423
6.433
6.443
6.453
6.463
6.473
6.483
6.493
6.503
6.513
6.523
6.533
6.543
6.553
6.563
6.573
6.583
6.593
6.603
6.613
6.623
6.633
6.643
6.653
6.663
6.673
6.683
6.693
6.703
6.713
6.723
6.733
6.743
6.753
6.763
6.773	349.188
6.783	349.208
6.793	349.430
6.803	348.483
6.813	349.228
6.823	349.773
6.833	349.269
6.843	349.269
6.853
6.863
6.873
6.883
6.893
6.903
6.913
6.923
6.933
6.943
6.953
6.963
6.973
6.983
6.993
7.003	116.541
7.013	116.541
7.023	116.541
7.033	116.541
7.043	116.541
7.053	116.541
7.063	116.541
7.073	116.541
7.083	116.541
7.093	263.750
7.103	263.248
7.113	262.807
7.123	262.458
7.133	262.170
7.143	261.626
7.153	261.626
7.163	261.626
7.173	261.626
7.183	261.626
7.193	261.686
7.203	261.626
7.213	261.762
7.223	261.807
7.233	261.852
7.243	261.913
7.253	261.746
7.263	262.004
7.273	262.989
7.283	261.626
7.293	261.958
7.303	261.928
7.313	261.883
7.323	261.837
7.333	261.807
7.343	261.626
7.353	396.550
7.363	396.550
7.373	396.550
7.383	396.001
7.393	396.024
7.403	396.024
7.413
7.423
7.433
7.443
7.453
7.463
7.473
7.483
7.493	264.345
7.503	264.223
7.513	264.100
7.523	264.666
7.533	264.666
7.543	264.666
7.553	264.666	330.657
7.563	264.666	333.458
7.573	261.626	330.295
7.583	261.626	330.123
7.593	262.610	329.704
7.603	261.626	329.628
7.613	261.626	328.829
7.623	262.231	329.628
7.633	261.626	329.285
7.643	261.913	329.628
7.653	261.626	329.875
7.663	261.626	329.570
7.673	261.626	329.589
7.683	262.807	329.628
7.693	262.231	329.685
7.703	261.626	329.628
7.713	261.626	329.628
7.723	261.626	329.628
7.733	329.685	261.626
7.743	329.628	262.519
7.753	329.628	263.948
7.763	329.628	263.004
7.773	329.628	262.670
7.783	329.628	262.761
7.793	330.447	262.868
7.803	329.628	262.959
7.813	329.628	263.020
7.823	329.628	263.476
7.833	329.628	264.666
7.843	329.628	261.626
7.853	329.628	261.746
7.863	329.666	263.506
7.873	329.628	263.065
7.883	262.944
7.893	262.928
7.903	262.913
7.913	262.883
7.923
7.933
7.943
7.953
7.963
7.973
7.983	244.769
7.993	244.995
8.003	245.208
8.013	245.392
8.023	241.301
8.033	241.301	394.494
8.043	249.177	397.353
8.053	249.249	396.550
8.063	248.674	394.448
8.073	247.070	394.312
8.083	247.213	391.995
8.093	246.942	394.243
8.103	246.942	97.999
8.113	249.811	99.138
8.123	246.942	99.138
8.133	246.942	98.989
8.143	246.942	99.138
8.153	249.811	99.138
8.163	246.942	99.138
8.173	247.127
8.183	247.241
8.193	247.541
8.203	247.527
8.213	247.470
8.223
8.233
8.243
8.253
8.263
8.273
8.283
8.293
8.303
8.313
8.323
8.333
8.343
8.353
8.363
8.373
8.383
8.393
8.403
8.413
8.423
8.433
8.443
8.453
8.463
8.473
8.483
8.493	701.529
8.503	701.773
8.513	701.935
8.523	702.016
8.533	700.274	296.631
8.543	701.448	297.077
8.553	698.456	390.391
8.563	706.572	390.639
8.573	702.300	386.353
8.583	706.572	391.136	117.514
8.593	392.698	702.097	117.582
8.603	390.076	116.541	702.097
8.613	391.995	118.777	702.097
8.623	391.995	117.895	701.165
8.633	391.995	117.895	697.811
8.643	396.321	117.895	702.340
8.653	391.046	117.895	700.638
8.663	391.995	117.895	702.584
8.673	391.272	702.827	117.895
8.683	392.086	701.975	117.820
8.693	392.063	711.528	117.773
8.703	391.995	706.572	117.718
8.713	391.995	701.894	117.630
8.723	696.040	392.063	117.609
8.733	702.827	391.226	117.895
8.743	702.584	391.543	117.895
8.753	706.572	391.995	117.650
8.763	701.975	393.425	116.541
8.773	706.572	392.766	116.541
8.783	702.259	392.902	117.963
8.793	696.925	393.084	118.113
8.803	698.456	391.995	117.895
8.813	699.304	396.550	119.686
8.823	391.995	696.764	662.003
8.833	396.550	701.529	663.419
8.843	391.837	701.084	661.811
8.853	391.520	699.022	661.697
8.863	392.879	701.691	666.915
8.873	393.857	701.691	664.032
8.883	396.550	702.097	664.147
8.893	391.995	698.456	666.915
8.903	711.405	391.995	661.506
8.913	711.939	393.425	666.915
8.923	698.779	394.585	663.802
8.933	706.572	396.550	663.611
8.943	691.352	393.447	111.015
8.953	700.598	391.995	110.000
8.963	700.881	392.766	112.571
8.973	699.062	391.385	111.452
8.983	699.870	390.978	111.555
8.993	698.456	392.539	112.571
9.003	700.113	391.905	111.009
9.013	700.719	391.226	111.490
9.023	699.062	130.488	392.675
9.033	700.598	130.564	674.664
9.043	690.434	127.685	664.454
9.053	698.295	127.825	666.646
9.063	701.327	130.813	666.723
9.073	699.627	132.333	666.646
9.083	701.935	132.333	666.607
9.093	700.234	133.870	264.666
9.103	703.274	264.666	131.487
9.113	701.408	263.658	660.513
9.123	697.932	264.666	665.491
9.133	261.626	702.868	666.915
9.143	264.666	674.664	701.408
9.153	264.329	659.979	701.529
9.163	262.944	666.915	701.610
9.173	261.626	664.646	701.691
9.183	261.626	666.915	703.355
9.193	261.626	662.117	701.732
9.203	261.535	660.780	703.030
9.213	262.564	661.467	698.941
9.223	264.406	662.156	701.691
9.233	262.352	666.915	701.610
9.243	261.626	663.151	701.610
9.253	264.666	663.112	701.732
9.263	264.666	662.998	701.691
9.273	264.666	661.200	701.610
9.283	264.345	704.046	662.921
9.293	264.666	661.467	131.403
9.303	264.039	132.333	663.227
9.313	264.024	130.813	663.457
9.323	264.666	396.550	666.915
9.333	263.841	396.550	663.879
9.343	263.704	395.270	664.109
9.353	261.626	396.550	664.224
9.363	392.109	264.666	659.255
9.373	393.561	264.666	666.915
9.383	393.152	263.248	660.170
9.393	396.550	264.666	666.915
9.403	396.550	261.626	666.915
9.413	396.550	261.626	666.915
9.423	396.550	261.626	666.915
9.433	393.970	263.841	666.915
9.443	396.550	263.339	659.865
9.453	396.550	261.807
9.463	394.403	261.626
9.473	393.379	264.666
9.483	396.550	263.080
9.493	394.904	263.172
9.503	394.654	264.666
9.513	263.308	394.426
9.523	263.308	394.198
9.533	261.626	333.458
9.543	333.458	263.324
9.553	329.628	264.452
9.563	333.458	263.902
9.573	332.131	264.666
9.583	330.676	262.034
9.593	333.458	261.626
9.603	333.458	262.944
9.613	333.458	262.913
9.623	329.628	262.868
9.633	331.518	262.807
9.643	329.685	262.716
9.653	331.307	130.813
9.663	329.913
9.673	333.458
9.683	329.628
9.693	330.887
9.703	330.791
9.713	330.734
9.723
9.733
9.743
9.753
9.763
9.773
9.783
9.793
9.803
9.813
9.823
9.833
9.843
9.853
9.863
9.873
9.883
9.893
9.903
9.913
9.923
9.933
9.943
9.953
9.963
9.973
9.983
9.993	446.065
10.003	445.730
10.013	445.550
10.023	449.998
10.033	446.580
10.043	444.984	349.127
10.053	443.598	347.879
10.063	441.604	349.228
10.073	349.390	445.113
10.083	349.228	443.598
10.093	349.228	440.000
10.103	349.228	111.278
10.113	350.724	110.458
10.123	351.028	110.509
10.133	349.228	110.000
10.143	349.228	110.000
10.153	348.966	110.325
10.163	352.511	440.890
10.173	349.672	440.000
10.183	349.592	440.000
10.193	349.228	440.203
10.203	348.543	440.127
10.213	349.228	441.579
10.223	445.113	349.228
10.233	440.305	349.027
10.243	445.113	349.228
10.253	445.113	349.228
10.263	441.630	349.228
10.273	437.339	349.168
10.283	440.000	349.168
10.293	442.856	499.622
10.303	442.370	496.773
10.313	440.483	494.254	116.541
10.323	440.000	494.340	116.541
10.333	440.636	499.622	109.873
10.343	496.572	440.000	109.981
10.353	496.457	440.000	109.994
10.363	499.622	440.381	110.000
10.373	494.083	440.000	110.019
10.383	494.369	110.000	348.342
10.393	495.312	109.924	526.404
10.403	499.622	529.331	110.229
10.413	530.923	493.883	351.211
10.423	518.138	495.684	351.312
10.433	525.857	495.455	353.286
10.443	526.343	493.883	351.211
10.453	529.331	116.541	350.927
10.463	523.251	117.094	350.643
10.473	524.159	117.040	350.279
10.483	525.098	116.986	349.228
10.493	523.251	113.498	349.592
10.503	529.331	116.541	349.208
10.513	529.331	118.784	348.724
10.523	524.310	119.486	590.937
10.533	524.068	116.541	590.834
10.543	524.038	116.541
10.553	523.251	590.698
10.563	523.251	594.154
10.573	594.154	524.674
10.583	587.805	131.578
10.593	594.154	130.813
10.603	587.363	132.333
10.613	587.397	130.813
10.623	589.437	131.070
10.633	587.873	130.813
10.643	130.813	589.948
10.653	133.561	589.266
10.663	130.609	588.484
10.673	127.825	587.330
10.683	127.825	588.076
10.693	130.405	587.941
10.703	586.990	130.813
10.713	587.330	662.385
10.723	659.865	587.873
10.733	666.915	587.907
10.743	666.915	587.907
10.753	664.685	131.479
10.763	131.753	665.069
10.773	132.012	665.453
10.783	130.813	662.538
10.793	132.333	700.113
10.803	132.333	698.456
10.813	700.113	133.870
10.823	697.529	132.333
10.833	698.941	117.324	132.317
10.843	700.760	117.895	132.172
10.853	700.234	117.698	131.997
10.863	706.572	116.541	661.506
10.873	701.124	116.339	658.494
10.883	701.084	117.324	661.238
10.893	706.572	116.541	661.238
10.903	701.367	119.265	666.915
10.913	698.456	117.440
10.923	697.086	117.446
10.933	700.881	117.895
10.943	699.951	116.541
10.953	698.739	117.487
10.963	698.456	117.881
10.973	698.981	117.589
10.983	699.830	117.582
10.993	699.910	117.569
11.003	700.193	353.286
11.013	700.558	353.286
11.023	700.922	353.286
11.033	701.205	353.286
11.043	706.572	139.394
11.053	701.408	132.333
11.063	700.274	124.905
11.073	697.932
11.083	701.003
11.093	124.696
11.103	124.646
11.113	124.596
11.123	124.545
11.133	124.502
11.143	112.072
11.153	112.571
11.163	112.571
11.173	111.923
11.183	111.845
11.193	110.000
11.203	112.571
11.213	111.774
11.223	111.748
11.233	111.710
11.243	705.879
11.253	705.756
11.263	705.634
11.273	705.553
11.283	714.782
11.293	700.962	117.895
11.303	695.839	117.250
11.313	706.572	117.169
11.323	714.782	117.087
11.333	698.456	117.027
11.343	703.518	117.000
11.353	703.112	116.541
11.363	702.665	117.209
11.373	706.572	116.474
11.383	698.779	116.959
11.393	699.547	117.440	661.735
11.403	701.367	116.973	666.915
11.413	706.572	116.541	658.989
11.423	693.993	117.000	661.200
11.433	699.102	117.895	654.928
11.443	700.274	666.915	116.541
11.453	700.558	110.000	661.391
11.463	698.456	110.121	658.836
11.473	700.113	110.000	661.391
11.483	110.000	702.665	661.429
11.493	110.000	700.113	661.467
11.503	110.000	700.719	661.467
11.513	110.000	661.620	699.991
11.523	110.000	666.915	175.940
11.533	175.869	594.154	659.484
11.543	176.643	594.154	661.085
11.553	174.614	591.517	659.750
11.563	176.643	594.154	660.742
11.573	176.643	588.042	660.208
11.583	176.643	594.154	660.475
11.593	174.614	589.743	660.513
11.603	175.149	587.330	263.415
11.613	174.614	587.567	261.626
11.623	174.614	587.635	263.537
11.633	174.614	587.737	264.666
11.643	176.643	588.280	261.626
11.653	172.609	587.397	264.024
11.663	174.614	587.330	268.112
11.673	175.160	588.110	264.406
11.683	174.755	587.974	264.497
11.693	174.614	587.771	117.895
11.703	174.866	587.771	117.895
11.713	174.614	587.330
11.723	174.614	587.839
11.733	174.675	587.873
11.743	174.624	587.941
11.753	174.614	587.330
11.763	176.643	497.232
11.773	176.643	497.290
11.783	175.829	493.883
11.793	176.643	499.622
11.803	176.154	496.171
11.813	499.622	176.643
11.823	497.865	176.449
11.833	497.893	176.561
11.843	496.515	176.643
11.853	496.257	176.643
11.863	497.721	176.694
11.873	493.883	176.643
11.883	493.883	176.643
11.893	495.684	176.113
11.903	493.883	177.769
11.913	494.369	176.358	445.653
11.923	494.711	176.215	443.701
11.933	493.883	176.083	442.293
11.943	440.051	176.643	494.683
11.953	440.000	175.798	494.711
11.963	440.000	174.614	494.740
11.973	445.113	176.643	493.883
11.983	442.242	174.614	493.883
11.993	442.268	174.705	498.728
12.003	442.217	174.392	495.054
12.013	445.113	176.643	493.883
12.023	440.000	175.372	495.083
12.033	440.000	175.352	165.730
12.043	442.293	165.826	392.063
12.053	443.726	392.063	165.922
12.063	445.113	391.995	164.871
12.073	441.834	391.995	166.008
12.083	440.738	392.585	166.729
12.093	440.000	391.995	166.825
12.103	440.000	391.995	166.729
12.113	391.995	440.000	166.190
12.123	391.633	166.729	440.000
12.133	391.995	164.814	445.113
12.143	391.882	166.729	440.000
12.153	391.995	164.814	445.113
12.163	396.550	164.814	445.113
12.173	164.814	391.995	439.238
12.183	391.995	165.081	442.166
12.193	391.588	165.970
12.203	392.222	165.941
12.213	391.995	165.635
12.223	391.995	165.052
12.233	391.995	164.814
12.243	392.449	165.224
12.253	392.041	164.814
12.263	392.403	164.814
12.273	395.589	165.252
12.283	391.995	445.113
12.293	392.449	445.113
12.303	392.403	443.163
12.313	391.995	445.113
12.323	445.113	391.995
12.333	443.983	391.995
12.343	445.113	392.199
12.353	443.265	391.973
12.363	442.881	391.995
12.373	445.113	110.000
12.383	440.000	110.000
12.393	445.113	110.000
12.403	440.000	110.000
12.413	436.154	110.000
12.423	440.000	110.000
12.433	441.043	110.000
12.443	440.636	110.000
12.453	440.636	110.000
12.463	440.000	110.000
12.473	440.000	498.757
12.483	499.622	164.852
12.493	164.823	499.622
12.503	164.795	494.969
12.513	164.814	530.004
12.523	535.482	164.814
12.533	533.228	165.721
12.543	527.622	164.757
12.553	529.331	164.814
12.563	529.331	162.376
12.573	526.891	165.415
12.583	523.251	164.776
12.593	523.251	110.000
12.603	525.493	110.248
12.613	523.281	110.000
12.623	529.331	111.278
12.633	529.331	110.000
12.643	525.068	113.610
12.653	523.826	119.045
12.663	524.007	117.895
12.673	523.463	117.895
12.683	523.251	594.154
12.693	524.734	594.154
12.703	587.839	524.674
12.713	589.369	524.674
12.723	587.330	130.813
12.733	587.397	131.252
12.743	587.771	130.813
12.753	587.635	130.813
12.763	588.960	130.458
12.773	590.050	130.436	660.589
12.783	129.310	588.110	659.331
12.793	127.825	587.941	662.423
12.803	586.584	130.813	659.255
12.813	587.839	130.813	661.850
12.823	587.805	130.767	659.255
12.833	587.330	132.333	662.730
12.843	587.465	663.304	132.333
12.853	589.403	666.915	131.206
12.863	587.907	664.071	131.275
12.873	666.915	586.347	131.350
12.883	664.339	587.330	131.434
12.893	666.915	587.533	131.464
12.903	661.009	714.782	131.396
12.913	663.534	702.746	132.333
12.923	666.915	700.841	132.333
12.933	692.311	666.030	131.396
12.943	692.631	661.888	117.372
12.953	714.782	656.747	117.270
12.963	697.449	660.627	117.196
12.973	703.071	116.541	658.532
12.983	703.112	116.730	658.076
12.993	706.572	116.487	1320.111
13.003	714.782	116.541	1323.088
13.013	706.572	116.541	1322.859
13.023	700.558	119.265	1325.459
13.033	700.234	117.379	1325.076
13.043	695.759	117.440	1323.623
13.053	699.304	117.895	130.813
13.063	700.558	117.895
13.073	698.618	117.650
13.083	698.739	129.984
13.093	698.456	127.825
13.103	699.466	131.093
13.113	700.962	129.917
13.123	701.489	129.872
13.133	702.016	129.819
13.143	702.543	129.759
13.153	712.309	117.047
13.163	709.271	116.541
13.173	699.425	117.895
13.183	698.456	116.925
13.193	698.456	116.878
13.203	704.006	116.844
13.213	704.087	116.811
13.223	704.128	116.541
13.233	116.541	704.087
13.243	116.541	706.572
13.253	714.782	116.541
13.263	698.739	117.895
13.273	706.572	116.406
13.283	706.572	116.541
13.293	698.456	116.548
13.303	697.529	116.507
13.313	701.894	659.255
13.323	698.456	659.255	115.202
13.333	659.255	700.800	116.433
13.343	661.009	701.205	108.160
13.353	659.827	701.003	109.600
13.363	661.085	700.881	110.000
13.373	666.915	110.000	701.205
13.383	661.391	110.000	702.137
13.393	659.255	109.797	701.894
13.403	661.544	110.000	704.128
13.413	661.659	590.698	110.000
13.423	666.915	590.527	109.892
13.433	588.076	659.255	131.799
13.443	587.771	660.055	134.172
13.453	587.771	660.895	130.813
13.463	590.288	131.586	659.255
13.473	594.154	130.813	660.360
13.483	594.154	130.813	660.208
13.493	594.154	130.813	660.055
13.503	587.737	132.333	659.827
13.513	588.008	131.571	659.255
13.523	587.330	131.586	164.871
13.533	587.330	164.814	131.601
13.543	588.620	164.814	522.074
13.553	587.330	164.899	524.825
13.563	588.042	165.109	524.159
13.573	164.928	587.839	524.128
13.583	164.938	586.584	524.886
13.593	164.814	587.228	263.719
13.603	164.814	263.902
13.613	164.814	264.666
13.623	164.814	263.872
13.633	165.166	262.701
13.643	165.692	525.675
13.653	164.814	527.561
13.663	164.814	523.251
13.673	164.814	526.860
13.683	164.814	527.195
13.693	164.814	529.331
13.703	165.548	527.804
13.713	165.233	528.079
13.723	164.814	529.331
13.733	164.814	505.427
13.743	165.233	502.894
13.753	164.814	443.752
13.763	164.814	443.649
13.773	164.919	445.113
13.783	164.814	445.113
13.793	444.547	164.814
13.803	443.009	164.852
13.813	441.375	164.766
13.823	440.000	164.814
13.833	445.113	164.414
13.843	440.000	165.090
13.853	445.113	164.007	110.000
13.863	445.113	164.386	110.000
13.873	445.113	163.628	110.000
13.883	440.000	164.814	110.000
13.893	445.113	164.814	110.000
13.903	445.113	161.049	110.000
13.913	445.113	161.049	392.925
13.923	445.113	161.049	391.995
13.933	441.757	392.811	162.968
13.943	440.000	396.550	163.005
13.953	445.113	392.018	163.090
13.963	445.113	392.426	163.184
13.973	445.113	391.995	163.307
13.983	391.995	439.340	165.396
13.993	391.995	445.113	164.852
14.003	391.995	445.113	163.751
14.013	391.995	445.113
14.023	391.995	349.228
14.033	396.550	353.286
14.043	353.286	393.288
14.053	353.286	393.470
14.063	349.228	392.857
14.073	353.286	393.948
14.083	353.286	147.982
14.093	353.286	148.538
14.103	349.733	146.832
14.113	353.286	147.931
14.123	349.228	148.144
14.133	353.286	148.538
14.143	349.228	148.538
14.153	349.531	148.538
14.163	349.430	146.832
14.173	349.349	146.832
14.183	348.946	148.076
14.193	349.228	148.538
14.203	349.228	146.832
14.213	349.430	146.105
14.223	349.329	146.832
14.233	349.228	145.742	523.856
14.243	349.228	146.832	524.340
14.253	349.228	146.240	523.886
14.263	349.228	146.147	785.986
14.273	349.228	145.919	785.033
14.283	353.286	145.784	392.562
14.293	350.016	145.146	392.585
14.303	349.228	143.479	392.630
14.313	351.698	144.535	391.995
14.323	350.036	391.995	148.538
14.333	391.995	349.996	145.852
14.343	392.517	349.228	143.736
14.353	396.550	349.228	146.054
14.363	391.995	350.724	148.753
14.373	391.995	349.632	146.341
14.383	392.630	349.410	443.188
14.393	393.288	442.907	347.739
14.403	391.995	445.113	97.148
14.413	391.995	445.473	130.972
14.423	443.906	392.358	132.333
14.433	442.268	392.267	130.813
14.443	440.178	391.995	130.767
14.453	440.000	391.995	129.310
14.463	440.000	392.018	130.813
14.473	440.000	391.995	130.760
14.483	440.000	391.679	111.278
14.493	440.890	391.995	110.000
14.503	440.738	391.995	110.204
14.513	440.610	110.344
14.523	441.936	110.344
14.533	440.509	110.350
14.543	440.000	497.175
14.553	499.622	110.350
14.563	499.622	110.000
14.573	499.622	110.000
14.583	494.626	110.522
14.593	496.371	110.439
14.603	496.199	110.478
14.613	494.169	111.278
14.623	493.883	110.740
14.633	494.254	110.000
14.643	495.913	110.407
14.653	499.622	523.765
14.663	529.331	493.883	110.325
14.673	529.331	495.483	110.274
14.683	526.009	110.210
14.693	526.282	110.153
14.703	524.280	110.000
14.713	523.251	110.000
14.723	524.219	110.153
14.733	524.946	110.038
14.743	523.251	110.000
14.753	529.331	113.879
14.763	524.704	116.131
14.773	535.482	116.541
14.783	524.068	592.030
14.793	524.098	594.154
14.803	523.251	591.825
14.813	523.251	587.873
14.823	594.154	525.341
14.833	587.771	132.333
14.843	594.154	130.813
14.853	130.813	594.154
14.863	130.813	594.154
14.873	131.153	591.176
14.883	130.813	587.907
14.893	130.813	589.777
14.903	133.870	589.130
14.913	130.835	590.016	661.620
14.923	127.825	589.607	660.322
14.933	130.813	589.266
14.943	130.669	588.960	666.915
14.953	129.310	588.790	659.255
14.963	587.330	132.333	662.768
14.973	589.403	130.843	662.844
14.983	587.941	130.934	662.883
14.993	589.062	131.032	666.915
15.003	587.160	131.123	662.806
15.013	589.471	131.275	662.423
15.023	131.426	590.050	698.900
15.033	130.813	699.062	594.154
15.043	699.991	130.813	590.152
15.053	698.456	133.069	660.284
15.063	698.456	132.333	659.827
15.073	697.529	130.813	117.128
15.083	698.900	117.081	131.502
15.093	697.852	117.895	131.373
15.103	700.719	116.541	656.292
15.113	706.572	116.952	659.636
15.123	701.124	117.115	658.532
15.133	699.304	116.966	660.856
15.143	706.572	116.541	661.467
15.153	701.610	116.946	660.170
15.163	706.572	116.541	662.653
15.173	698.456	663.266	116.952
15.183	699.425	659.255	117.895
15.193	695.638	674.664	116.541
15.203	700.719	666.915	110.000
15.213	700.922	659.255	110.000
15.223	700.962	665.415	110.000
15.233	665.530	702.827	110.000
15.243	666.915	701.043	110.000
15.253	665.453	701.003	110.000
15.263	666.915	700.638	110.000
15.273	666.915	110.000	701.691
15.283	666.915	588.960	110.000
15.293	664.186	588.008	702.300
15.303	594.154	666.915	702.381
15.313	587.974	659.407	702.421
15.323	588.144	662.844	702.462
15.333	587.703	659.255	132.012
15.343	587.363	660.055	131.974
15.353	587.363	130.813	661.467
15.363	587.635	132.333	661.009
15.373	587.567	131.974	660.627
15.383	587.703	132.333	660.399
15.393	587.771	130.813	528.140
15.403	587.533	132.333	535.482
15.413	529.331	587.669	132.027
15.423	524.038	588.008	133.870
15.433	529.331	587.873	130.903
15.443	523.705	117.895	587.669
15.453	523.826	117.895	587.669
15.463	526.252	117.555
15.473	523.584	117.895
15.483	523.251	117.895
15.493	529.331	116.541
15.503	529.331	116.541
15.513	524.461	117.270
15.523	526.404	248.530
15.533	248.401	526.586
15.543	249.811	147.181
15.553	249.811	148.538
15.563	246.942	145.146
15.573	249.811	148.538
15.583	246.942	147.147
15.593	246.942	146.832
15.603	246.942	146.832
15.613	246.942	146.832
15.623	246.942	146.832
15.633	249.811	146.832
15.643	246.942	146.832
15.653	247.184	146.875
15.663	247.856	146.875
15.673	246.942	146.841
15.683	246.942	146.832
15.693	247.441	146.832
15.703	247.227	146.832
15.713	247.570	146.866
15.723	247.127	146.815
15.733	246.984	146.832
15.743	247.156	146.832	442.421
15.753	247.127	146.832	442.574
15.763	246.543	146.714	445.113
15.773	246.785	146.832	442.830
15.783	247.099	146.832	445.113
15.793	246.571	148.538	441.757
15.803	246.942	145.146	396.550
15.813	245.917	144.243	391.995
15.823	247.384	391.995	146.815
15.833	246.728	392.698	146.926
15.843	246.942	392.335	148.538
15.853	246.828	391.995	147.155
15.863	391.995	246.799	146.832
15.873	392.063	246.386	148.942
15.883	391.995	246.942	99.138
15.893	391.995	247.327	99.138
15.903	391.995	246.942	99.138
15.913	246.942	396.550	350.724
15.923	246.984	392.811	349.228
15.933	246.942	391.995	350.663
15.943	247.013	353.286	392.902
15.953	353.286	247.584	392.970
15.963	348.845	247.042	393.016
15.973	349.309	247.027	393.061
15.983	349.228	246.999	393.879
15.993	350.218	246.657	123.471
16.003	350.198	246.942	131.115
16.013	349.228	131.191	246.956
16.023	350.157	131.229	333.034
16.033	349.228	131.229	332.861
16.043	129.310	333.458	352.736
16.053	131.161	332.534	349.511
16.063	132.302	337.332	262.276
16.073	132.333	333.458	262.337
16.083	132.333	329.628	261.626
16.093	131.654	329.628	258.621
16.103	130.813	329.628	264.666
16.113	130.813	332.900	264.666
16.123	130.067	331.729	264.666
16.133	132.333	329.628	261.626
16.143	132.333	333.458	260.826
16.153	131.495	329.628	263.020
16.163	130.813	331.614	264.666
16.173	131.017	330.887	264.666
16.183	132.333	329.628	261.626
16.193	130.813	329.628	263.872
16.203	130.813	329.628
16.213	130.813	330.390
16.223	130.813	330.047
16.233	132.333	329.628
16.243	131.343	333.458
16.253	131.685	329.628
16.263	131.025	330.485
16.273	130.813	331.652
16.283	130.813	329.628
16.293	132.333	329.628
16.303	130.813	353.286
16.313	130.813	349.228
16.323	130.813	353.286
16.333	132.333	352.003
16.343	132.333	351.657
16.353	132.333	351.434
16.363	130.813	353.286
16.373	130.813	349.228
16.383	132.333	351.170
16.393	130.813	351.739
16.403	130.813	349.996
16.413	132.333	349.228
16.423	132.333	349.228	396.550
16.433	130.813	349.874	396.550
16.443	130.813	356.360	396.298
16.453	130.813	347.940	396.550
16.463	130.813	349.228	396.550
16.473	130.813	349.228	396.550
16.483	130.813	350.056	396.550
16.493	129.310	355.641	396.550
16.503	130.813	347.377	396.550
16.513	130.813	396.550	347.117
16.523	391.995	132.333	346.215
16.533	391.995	349.208	131.055
16.543	392.381	349.168	131.100
16.553	393.538	443.112	350.441
16.563	441.018	393.175	349.248
16.573	440.000	392.857	348.000
16.583	441.604	391.995	349.309
16.593	440.000	392.313	350.097
16.603	441.426	392.199	110.000
16.613	440.000	111.278	391.995
16.623	441.273	111.278	391.995
16.633	110.000	445.113
16.643	110.000	441.094
16.653	110.293	440.000
16.663	110.248	440.916
16.673	110.204	440.000
16.683	110.153	497.146
16.693	110.000	499.622
16.703	110.000	499.622
16.713	494.340	110.000
16.723	496.199	110.000
16.733	493.912	110.000
16.743	493.883	110.000
16.753	494.112	110.000
16.763	494.969	110.000
16.773	110.025	495.827
16.783	110.057	499.622
16.793	526.586	110.083
16.803	526.769	110.114
16.813	526.647	110.146
16.823	526.647	110.172
16.833	523.251	110.000
16.843	523.251	110.000
16.853	525.462	110.000
16.863	529.331	111.278
16.873	529.331	110.000
16.883	529.331	110.293
16.893	524.946	590.766
16.903	525.705	594.154
16.913	524.128	590.016
16.923	523.614	589.709
16.933	588.110	523.251
16.943	594.154	131.070
16.953	587.771	130.813
16.963	587.703	131.070
16.973	587.363	131.517
16.983	130.972	587.397
16.993	130.813	587.703
17.003	130.715	587.635
17.013	130.813	589.130
17.023	132.333	590.220
17.033	128.076	588.076
17.043	127.825	587.907	662.079
17.053	127.825	586.685	659.255
17.063	130.813	588.246	663.572
17.073	130.157	588.518	659.255
17.083	587.330	132.333	663.572
17.093	587.533	666.915	130.813
17.103	589.301	660.093
17.113	587.601	663.611
17.123	586.313	663.572
17.133	587.330	663.534
17.143	601.058	666.915
17.153	594.154	666.915
17.163	588.382	663.611
17.173	588.314	132.218
17.183	594.154	133.870
17.193	587.873	134.064
17.203	587.941	130.813
17.213	591.142	131.867
17.223	594.154	130.813
17.233	594.154	130.813
17.243	594.154	130.813
17.253	587.771	132.333
17.263	590.186	131.609
17.273	587.771	132.333
17.283	589.573	131.464
17.293	589.266	523.553
17.303	523.614	587.669
17.313	523.705	119.265
17.323	523.674	117.081
17.333	523.856	118.059
17.343	524.007	118.052
17.353	523.372	117.895
17.363	523.251	118.222
17.373	523.463	117.895
17.383	523.584	118.339
17.393	526.343	117.895
17.403	527.043	117.521
17.413	525.523	117.338
17.423	525.796	499.622
17.433	497.491	527.317
17.443	499.622	527.926
17.453	498.498	526.617
17.463	495.627	526.891
17.473	493.883	105.033
17.483	494.768	105.033
17.493	496.199	110.000
17.503	499.622	164.871
17.513	499.622	164.880
17.523	494.026	164.880
17.533	164.814	445.113
17.543	164.814	444.778
17.553	164.814	442.779
17.563	164.871	441.298
17.573	164.814	440.000
17.583	440.000	165.510
17.593	445.113	164.814
17.603	440.000	164.814
17.613	440.000	164.814
17.623	440.000	164.814
17.633	440.000	164.814
17.643	440.000	164.814
17.653	445.113	161.049
17.663	445.113	164.814	392.607
17.673	445.113	164.452	391.995
17.683	445.113	164.566	391.995
17.693	445.113	391.995	164.719
17.703	440.000	396.550	164.871
17.713	445.113	391.995	164.814
17.723	445.113	391.701	165.052
17.733	439.340	392.698	166.277
17.743	445.113	391.882	164.814
17.753	445.113	392.041	164.814
17.763	392.925	440.000	166.402
17.773	349.228	391.995	166.729
17.783	353.286	393.288	164.957
17.793	353.286	396.550	130.669
17.803	351.251	393.720
17.813	353.286	393.970
17.823	349.228	394.221
17.833	353.286	393.834
17.843	350.117	394.745
17.853	353.286	394.973
17.863	353.286	394.289
17.873	349.228	395.361
17.883	353.286	394.699
17.893	349.248	396.550
17.903	349.228	163.609	395.749
17.913	349.309	166.729	395.886
17.923	350.481	164.814	396.550
17.933	164.814	349.289	396.550
17.943	166.729	343.308	396.230
17.953	164.814	345.217	396.550
17.963	166.431	349.027	264.666
17.973	164.890	355.476	264.666
17.983	164.814	349.228	331.078
17.993	165.424	334.712	349.208
18.003	165.462	330.906	349.228
18.013	164.814	333.458	264.666
18.023	164.814	326.180	220.242
18.033	161.198	327.881	220.165
18.043	164.919	333.034	220.102
18.053	164.814	220.993	297.077
18.063	220.000	296.648	330.047
18.073	220.000	295.195	329.875
18.083	220.000	297.077	176.062
18.093	220.000	293.665	176.643
18.103	220.000	295.144	175.798
18.113	220.000	293.665	176.643
18.123	217.964	296.923	176.643
18.133	293.665	220.000	174.846
18.143	293.665	220.000	175.271
18.153	296.580	219.924	174.614
18.163	293.665	220.000	174.614
18.173	293.665	220.356	174.614
18.183	294.582	219.771	174.614
18.193	293.665	219.657	174.473
18.203	293.767	220.038	175.463
18.213	294.633	220.000	174.614
18.223	297.077	219.975	174.957
18.233	294.225	220.000	176.449
18.243	294.055	220.000	175.494
18.253	297.077	220.000	176.643
18.263	295.417	220.000	175.758
18.273	293.665	220.407	175.890
18.283	293.665	220.534	86.304
18.293	220.611	294.531	335.002
18.303	220.662	294.429	334.886
18.313	220.000	337.332	294.310
18.323	222.556	334.577	293.665
18.333	221.070	337.332	164.814
18.343	222.556	329.628	164.814
18.353	220.267	333.843	164.814
18.363	337.332	220.356	164.814
18.373	331.059	219.429	164.814
18.383	333.458	218.796	164.814
18.393	332.938	219.657	164.814
18.403	333.458	219.467	164.814
18.413	333.458	219.898	176.663
18.423	329.628	219.835	176.643
18.433	333.458	176.643	219.568
18.443	176.643	329.628	219.797
18.453	177.174	220.713	331.901
18.463	176.643	220.000	331.805
18.473	176.643	219.898	329.628
18.483	176.643	220.000	331.863
18.493	175.514	219.429	333.458
18.503	176.643	220.000	348.664
18.513	176.643	220.000	348.523
18.523	175.423	219.150	348.523
18.533	175.382	219.962	349.228
18.543	174.947	220.636	341.252
18.553	174.614	396.550	348.825
18.563	175.281	396.481	352.837
18.573	175.200	396.550	349.511
18.583	174.614	396.550	349.733
18.593	174.614	396.550	350.076
18.603	396.550	175.342	350.441
18.613	396.550	175.372	354.206
18.623	396.550	174.745	221.338
18.633	396.550	176.296	442.396
18.643	396.550	174.614	442.370
18.653	392.245	175.180	440.840
18.663	391.995	443.855	175.160
18.673	393.697	443.444	175.129
18.683	393.334	442.115	175.038
18.693	391.995	440.280	174.947
18.703	391.995	445.113	175.697
18.713	391.995	174.735	442.191
18.723	392.199	175.555	440.000
18.733	174.483	391.995	442.038
18.743	174.060	391.995	110.000
18.753	174.614	110.000	391.543
18.763	174.231	110.274	441.732
18.773	110.318	172.549	441.604
18.783	110.356	174.131	440.000
18.793	110.395	499.622
18.803	110.000	499.622
18.813	494.426	112.571
18.823	499.622	110.000
18.833	494.511	110.000
18.843	497.462	110.395
18.853	497.520	110.369
18.863	499.622	110.000
18.873	494.083	110.000
18.883	494.340	110.471
18.893	499.622	558.447
18.903	493.883	560.807	110.369
18.913	505.427	560.807	124.862
18.923	505.427	555.166	124.718
18.933	560.807	494.511	126.357
18.943	554.814	493.883	126.357
18.953	555.006	123.471
18.963	557.480	123.957
18.973	560.807	123.471
18.983	554.365	123.471
18.993	554.525	123.471
19.003	554.686	123.471
19.013	123.471	560.807
19.023	120.651	560.807
19.033	123.150	560.807
19.043	123.471	594.154
19.053	123.172	590.391
19.063	594.154	123.207
19.073	587.330	123.471
19.083	589.335	123.471
19.093	587.330	123.471
19.103	587.330	123.471
19.113	588.790	123.471
19.123	594.154	123.471
19.133	594.154	444.239
19.143	588.144	450.285
19.153	594.154	440.000
19.163	590.186	445.498
19.173	589.709	443.829
19.183	587.330	442.370	110.057
19.193	440.000	594.154	110.089
19.203	445.113	588.484	110.114
19.213	445.113	587.669	110.000
19.223	440.000	589.369	110.140
19.233	445.113	588.382	110.000
19.243	445.113	587.330	110.000
19.253	445.113	586.245	110.000
19.263	445.113	110.000	588.416
19.273	442.600	111.278	596.734
19.283	440.000	110.503	589.777
19.293	445.113	110.541	499.622
19.303	440.814	110.573	496.343
19.313	442.166	110.000
19.323	494.311	112.701
19.333	494.454	110.235
19.343	496.343	110.580
19.353	496.400	110.541
19.363	493.883	110.561
19.373	494.054	110.000
19.383	499.622	110.000
19.393	499.622	110.165
19.403	493.883	557.770	110.274
19.413	495.827	560.807	110.216
19.423	505.427	555.231	124.740
19.433	560.807	494.654	126.357
19.443	560.807	493.883	126.357
19.453	555.070	123.471	496.400
19.463	554.718	124.122	493.684
19.473	554.365	123.614
19.483	554.429	123.471
19.493	554.621	123.471
19.503	560.807	123.471
19.513	123.471	560.807
19.523	123.492	560.807
19.533	123.471	559.609
19.543	123.471	594.154
19.553	123.400	590.425
19.563	123.357	594.154
19.573	587.330	123.471
19.583	589.471	123.471
19.593	587.330	123.471
19.603	587.330	123.471
19.613	588.824	123.471
19.623	589.471	123.264
19.633	587.330	120.651
19.643	590.903	123.350
19.653	588.688	123.471
19.663	589.743	123.621	662.385
19.673	594.154	660.513	118.386
19.683	589.845	659.255	117.895
19.693	589.811	666.915	119.265
19.703	594.154	663.304	118.482
19.713	587.330	663.457	110.000
19.723	589.301	110.000	663.572
19.733	588.688	110.000	663.687
19.743	586.245	110.000	666.915
19.753	587.330	110.000	663.802
19.763	588.926	110.000	663.649
19.773	110.000	589.437	666.915
19.783	110.191	702.868	588.484
19.793	699.951	110.261	658.000
19.803	714.782	110.344	661.697
19.813	698.456	661.085	132.333
19.823	697.529	660.475	132.333
19.833	698.981	659.865	117.521
19.843	706.572	117.569	659.255
19.853	700.193	119.162	659.255
19.863	706.572	116.541	658.418
19.873	701.732	116.541	658.456
19.883	701.448	119.265	657.430
19.893	701.084	116.541	657.582
19.903	701.327	117.385	655.799
19.913	698.456	117.345	120.651
19.923	698.456	117.284	787.349
19.933	700.841	117.895	792.185
19.943	700.072	116.541	786.213
19.953	698.658	117.054	785.804
19.963	700.396	116.541	783.493
19.973	700.760	116.986
19.983	699.708	116.932	786.576
19.993	701.691	116.946	174.665
20.003	174.654	699.223	116.946
20.013	174.614	350.907	114.797
20.023	174.634	353.286	116.703
20.033	174.614	342.852	714.782
20.043	174.887	357.391	116.332
20.053	174.614	351.393	786.531
20.063	174.614	342.872	786.486
20.073	174.614	351.393	790.950
20.083	174.614	351.434	785.895
20.093	174.614	353.286	783.629
20.103	174.010	353.286	785.305
20.113	174.614	351.414	785.078
20.123	173.899	353.286	991.425
20.133	174.423	353.286	991.597
20.143	176.643	347.357	981.624
20.153	176.643	993.202	347.458
20.163	174.745	993.317	350.582
20.173	176.643	992.055	350.441
20.183	176.643	999.244	349.874
20.193	174.614	999.244	348.966
20.203	174.614	993.030	99.138
20.213	174.614	989.480
20.223	176.643	990.337
20.233	176.643	992.800
20.243	174.614	992.743
20.253	174.614	992.456
20.263	174.614	992.112
20.273	174.614	991.769
20.283	176.643	993.087
20.293	174.151	990.452
20.303	175.008	991.711
20.313	174.846	992.571
20.323	174.614	990.395
20.333	174.614	994.005
20.343	174.614	994.752
20.353	174.614	995.499
20.363	174.614	996.189
20.373	174.614	996.592
20.383	174.614	994.637
20.393	174.614	1002.423
20.403	173.368	1001.035
20.413	173.178	995.154
20.423	176.643	992.514
20.433	174.897	999.244
20.443	176.643	999.244
20.453	174.221	999.244
20.463	176.643	989.537
20.473	175.322	990.395
20.483	173.990	992.972
20.493	174.614	990.395	349.127
20.503	174.251	990.051	349.087
20.513	176.643	991.482	348.926
20.523	176.643	991.310	348.805
20.533	176.643	989.880	348.724
20.543	176.643	990.051	348.684
20.553	176.643	991.024	348.523
20.563	174.614	990.452	348.402
20.573	176.643	990.337	348.302
20.583	176.643	990.738	349.269
20.593	176.643	990.109	348.221
20.603	176.643	347.217	989.994
20.613	174.614	348.141	989.823
20.623	176.643	349.733	989.594
20.633	176.643	348.845	990.910
20.643	176.643	345.217	988.509
20.653	176.643	111.742	347.839
20.663	176.643	112.571	347.779
20.673	176.643	111.613
20.683	175.626	111.278
20.693	173.839	110.000
20.703	174.614	112.571
20.713	174.282	111.278
20.723	174.614	111.452
20.733	175.129	111.433
20.743	175.089	111.413
20.753	175.089	705.838
20.763	705.227	196.758
20.773	704.697	196.678
20.783	714.782	196.621
20.793	701.084	198.275
20.803	714.782	195.998
20.813	195.998	693.712	393.584
20.823	197.315	698.456	393.129
20.833	195.998	701.448	396.550
20.843	195.998	699.022	390.752
20.853	195.998	699.304	390.143
20.863	195.805	699.062	389.918
20.873	195.998	698.900	390.008
20.883	195.839	698.860	391.159
20.893	195.998	699.587	390.414
20.903	194.745	706.572	390.888	666.915
20.913	197.076	706.572	389.423	666.915
20.923	196.122	698.456	662.844	391.226
20.933	195.998	699.102	659.255	391.475
20.943	195.998	696.724	666.915	391.928
20.953	195.998	700.638	658.038	392.381
20.963	196.485	701.570	659.255	389.603
20.973	195.998	702.097	660.971
20.983	195.998	702.868	661.200
20.993	195.998	702.827	660.856
21.003	195.998	700.760	660.437
21.013	698.456	196.974	220.025
21.023	711.528	198.275	219.962
21.033	710.583	220.000	196.655
21.043	703.924	220.000	196.724
21.053	698.578	219.644	110.000
21.063	714.782	220.000	110.000
21.073	220.000	698.456	110.000
21.083	221.773	699.587	110.000
21.093	221.172	701.773	110.000
21.103	215.249	700.355	110.000
21.113	220.000	700.719	110.000
21.123	225.142	698.739	110.000
21.133	220.993	699.749	110.000
21.143	222.556	699.022	110.000
21.153	220.000	701.286	110.000
21.163	222.556	697.167	110.000
21.173	221.492	698.456	110.000
21.183	220.051	698.820	110.000
21.193	221.441	698.456	110.000
21.203	222.556	698.739	110.000
21.213	220.382	698.739	109.803
21.223	220.000	698.779	109.727
21.233	222.556	698.699	109.645
21.243	222.556	697.529	110.000
21.253	222.556	699.022	110.000
21.263	222.556	698.658	442.370
21.273	220.000	698.658	445.113
21.283	218.771	700.719	440.000
21.293	220.000	698.618	441.298
21.303	222.556	698.618	441.043
21.313	222.556	701.286	109.531
21.323	222.556	693.872	109.683
21.333	222.556	698.335	109.810
21.343	222.556	110.000	697.287
21.353	222.556	109.695	697.771
21.363	222.556	110.000	700.719
21.373	222.556	110.000	698.376
21.383	222.556	110.000	698.335
21.393	222.556	110.000	698.376
21.403	221.517	110.000	787.713
21.413	220.000	112.571	444.393
21.423	219.695	110.656	445.087
21.433	220.000	112.571	445.113
21.443	222.556	110.000	445.576
21.453	220.981	110.000
21.463	220.000	111.278	445.807
21.473	220.000	110.605	445.113
21.483	220.000	110.548	446.091
21.493	220.866	110.000	445.113
21.503	222.556	110.000	446.529
21.513	222.556	110.000	704.819
21.523	222.556	704.697	110.229
21.533	220.700	714.782	110.184
21.543	219.074	700.881	110.184
21.553	698.456	219.353	110.178
21.563	706.572	220.000	110.172
21.573	698.456	220.000	110.184
21.583	706.572	220.140	110.000
21.593	706.572	220.025	110.000
21.603	699.506	219.581	111.278
21.613	706.572	219.898	110.000
21.623	698.860	219.987	110.000
21.633	698.779	220.102	110.000
21.643	699.466	220.000	110.210
21.653	701.651	219.226	110.210
21.663	696.563	220.000	110.210
21.673	706.572	220.815	110.210
21.683	699.102	220.000	110.204
21.693	220.000	700.638	110.197
21.703	222.556	700.800	110.000
21.713	222.556	698.013	110.000
21.723	220.000	700.841	111.278
21.733	221.096	702.908	110.000
21.743	701.124	110.000	222.556
21.753	701.124	110.000	221.351
21.763	700.436	110.000	221.415
21.773	701.367	220.000	588.858
21.783	587.397	703.680	184.997
21.793	594.154	184.997	701.570
21.803	587.974	185.115	660.170	221.799
21.813	587.941	184.997	660.055	222.556
21.823	185.929	587.839	659.903	221.966
21.833	184.997	587.771	659.979	223.729
21.843	184.997	587.533	659.941	220.000
21.853	184.997	587.330	659.255	222.004
21.863	184.997	587.771	659.903	222.556
21.873	184.997	587.941	660.399
21.883	184.997	587.873	659.598
21.893	184.997	588.416	131.487
21.903	187.147	587.330	521.742
21.913	185.414	587.771	524.371
21.923	184.219	523.463	588.314
21.933	184.997	523.463	117.650
21.943	185.339	523.705	117.895
21.953	187.147	524.098	116.541
21.963	184.997	523.463	117.650
21.973	187.147	523.463	117.895
21.983	187.147	523.433	117.895
21.993	184.997	523.251	117.895
22.003	187.147	523.372	117.895
22.013	187.147	523.251	117.745
22.023	187.147	523.251	117.766
22.033	186.758	524.522	93.094
22.043	524.946	187.147	93.120
22.053	92.499	98.050	499.968
22.063	97.999	93.573	497.663
22.073	97.999	92.499	498.354
22.083	97.999	93.573	494.711
22.093	97.999	93.573	499.622
22.103	97.999	93.573	498.469
22.113	97.999	92.499	498.526
22.123	97.999	93.573	500.720
22.133	97.999	93.573	496.830
22.143	97.999	92.499	498.613
22.153	99.138	93.126	247.141
22.163	97.999	92.499	247.170
22.173	98.743	93.991	246.942
22.183	99.138	246.942	93.061
22.193	100.289	246.913	93.034
22.203	98.498	246.942	93.051
22.213	98.972	247.599	92.499
22.223	100.133	248.372	93.174
22.233	100.289	247.742	93.260
22.243	97.869	247.441	92.499
22.253	97.999	246.942	92.499
22.263	100.081	246.942	94.661
22.273	97.999	249.811	93.682
22.283	96.873	249.623	93.752
22.293	99.138	249.811	94.557
22.303	99.138	248.731	94.661
22.313	98.549	93.839	248.889
22.323	97.474	93.573	249.811
22.333	98.561	93.573	249.134
22.343	99.138	93.741	442.677	110.000
22.353	98.720	93.660	445.113
22.363	98.743	442.089	94.661
22.373	97.999	440.992	92.386
22.383	99.138	440.865	93.282
22.393	100.289	441.910	93.142
22.403	97.999	445.113	92.499
22.413	97.999	442.089	92.943
22.423	100.289	441.859	198.275
22.433	100.289	441.604	195.998
22.443	97.999	441.400	197.612
22.453	96.873	440.865	197.589
22.463	100.289	440.967	197.521
22.473	99.138	441.120	200.579
22.483	97.999	441.375	197.167
22.493	96.873	440.000	195.998
22.503	99.138	440.280	195.998
22.513	100.289	440.254	198.275
22.523	99.138	440.102	196.496
22.533	99.138	442.319	196.360
22.543	98.350	450.285	195.998
22.553	99.138	441.910	195.444
22.563	97.999	441.808	659.255
22.573	97.999	437.921	659.255
22.583	97.999	438.807	660.093
22.593	97.999	660.704	442.038
22.603	97.999	660.895	445.113
22.613	99.138	660.360	442.242
22.623	98.118	666.915	440.585
22.633	99.138	660.551	438.706
22.643	99.138	660.971	446.477
22.653	97.999	661.162	445.113
22.663	99.138	661.009	442.907
22.673	99.138	660.895	443.163
22.683	99.138	661.429	443.342
22.693	97.451	661.353	94.661
22.703	99.138	661.162	93.379
22.713	98.016	661.200	93.244
22.723	97.999	661.429	93.126
22.733	97.176	661.659	92.499
22.743	99.138	661.620	92.499
22.753	99.138	661.735	516.763
22.763	97.999	662.347	524.855
22.773	96.873	661.888	525.341
22.783	96.873	657.734	535.482
22.793	97.294	666.915	165.912
22.803	96.873	166.238	524.068
22.813	96.021	166.729	524.916
22.823	97.999	165.692	524.734
22.833	97.999	165.501	523.765
22.843	96.873	166.729	523.493
22.853	96.873	164.814	524.310
22.863	97.344	164.814	524.068
22.873	95.761	164.814	523.251
22.883	95.761	164.814	524.159
22.893	100.289	164.814	523.886
22.903	98.470	166.729	523.251
22.913	99.637	165.778	523.523
22.923	95.761	168.666	523.584
22.933	99.138	164.814	523.251
22.943	95.761	165.855	103.826
22.953	95.761	166.633	103.826
22.963	97.999	164.814	104.295
22.973	95.761	165.826	105.033
22.983	97.999	166.729	103.826
22.993	97.999	164.814	523.251
23.003	95.761	164.814	523.765
23.013	97.999	166.729	526.556
23.023	100.289	165.472	523.826
23.033	99.138	166.498	519.007
23.043	97.999	164.814	523.916
23.053	98.470	164.814	526.221
23.063	98.271	164.814	523.251
23.073	98.316	164.938	525.341
23.083	97.999	164.833	524.219
23.093	97.999	164.576	524.249
23.103	97.999	166.729	525.159
23.113	97.999	161.133	524.249
23.123	97.999	164.814	523.251
23.133	97.999	164.414	524.552
23.143	99.138	164.814	524.371
23.153	97.999	164.386	198.355
23.163	97.999	164.367	197.909
23.173	97.999	248.085	164.357
23.183	97.999	247.999	92.906
23.193	99.138	249.811	93.013
23.203	97.999	247.270	91.436
23.213	97.999	247.742	93.417
23.223	97.999	246.942	94.661
23.233	97.999	247.684	93.822
23.243	97.999	247.642	93.849
23.253	97.999	247.627	93.882
23.263	97.999	247.299	94.661
23.273	97.999	246.942	191.521
23.283	97.999	247.613	193.746
23.293	97.999	195.027	247.627
23.303	96.873	195.365	442.984
23.313	97.778	441.885	195.692
23.323	96.349	441.400	195.998
23.333	97.937	440.992	195.998
23.343	99.138	441.783	200.579
23.353	98.140	441.757	197.201
23.363	97.221	442.191	197.509
23.373	97.999	441.783	197.703
23.383	97.999	440.789	197.738
23.393	99.138	445.113	197.669	92.975
23.403	100.289	439.137	197.543	93.573
23.413	99.138	442.344	197.452	93.573
23.423	97.999	198.275	442.702	93.244
23.433	99.138	200.579	442.984	131.464
23.443	97.999	197.327	440.407	131.259
23.453	97.999	194.588	439.924	129.310
23.463	97.999	193.746	450.285	131.108
23.473	97.999	198.275	445.113	387.874
23.483	97.999	198.275	444.137	131.100
23.493	97.999	194.195	444.291	132.547
23.503	97.999	198.275	444.419	131.017
23.513	99.138	196.599	450.285	130.941
23.523	99.138	196.928	440.102	133.538
23.533	99.138	196.974	442.166	130.813
23.543	98.572	443.675	198.275	659.369
23.553	99.138	443.419	195.998
23.563	97.999	441.426	659.674
23.573	97.999	443.086	659.255
23.583	97.999	450.285	660.055
23.593	98.777	441.451	660.132
23.603	99.138	442.089	660.933
23.613	99.138	660.322	440.331
23.623	99.138	660.246	440.610
23.633	98.169	660.513	438.680
23.643	97.999	660.895	445.113
23.653	97.999	660.856	445.113
23.663	99.275	660.818	442.626
23.673	99.138	660.895	442.574
23.683	99.138	661.085	258.695
23.693	97.999	661.200	258.621
23.703	99.138	661.238	258.621
23.713	99.138	661.506	258.905
23.723	99.138	259.054	661.697
23.733	99.006	259.144	662.194
23.743	99.138	259.249	662.003
23.753	97.277	258.621	662.653
23.763	97.999	258.621	662.576
23.773	95.761	259.863	165.501
23.783	95.761	261.626	165.510
23.793	97.750	165.482	260.344
23.803	97.784	165.922	260.555
23.813	97.999	165.558	261.626
23.823	97.920	165.376	523.281
23.833	100.591	165.912	523.584
23.843	164.814	96.873	523.463
23.853	164.880	96.873	523.251
23.863	100.289	165.109	523.251
23.873	96.049	166.729	523.251
23.883	97.988	166.729	523.312
23.893	100.434	523.251	166.729
23.903	98.419	523.947	162.921
23.913	99.138	524.855	164.852	329.628
23.923	97.999	523.765	164.747	105.069
23.933	97.999	523.765	164.633	103.826
23.943	99.138	523.705	162.620	106.253
23.953	97.999	524.038	164.509	103.826
23.963	97.999	523.251	163.628	105.336
23.973	97.999	523.402	162.817	106.253
23.983	98.248	523.312	164.861	106.253
23.993	97.999	523.251	167.182	392.494
24.003	97.999	523.130	164.814	392.154
24.013	97.999	526.952	166.729	387.493
24.023	98.430	520.538	165.625	390.278
24.033	99.138	519.127	165.759
24.043	98.157	523.705	165.893
24.053	97.999	524.068	168.121
24.063	97.999	522.768	165.951
24.073	97.999	525.341	165.730
24.083	97.999	525.341	165.702
24.093	97.999	164.814	525.857
24.103	97.999	164.814	525.401
24.113	97.999	165.348	535.482
24.123	97.999	165.281	527.286
24.133	97.999	164.814	524.886
24.143	97.999	165.185
24.153	98.027	166.729
24.163	97.999	164.814
24.173	97.999	164.310
24.183	98.078	165.166
24.193	98.237	164.814
24.203	98.016	165.014
24.213	97.999	164.995
24.223	97.999	164.966
24.233	97.971	164.938
24.243	98.072	164.814
24.253	98.180	198.573
24.263	98.203	198.275
24.273	97.999	198.275
24.283	97.999	198.608
24.293	97.999	198.630
24.303	97.999	199.954
24.313	97.999	198.275
24.323	97.999	198.562
24.333	97.999	198.275
24.343	97.999	198.516
24.353	97.999	198.493
24.363	98.061	198.275
24.373	97.999	198.275
24.383	99.138	198.424
24.393	98.493	293.546
24.403	98.379	293.546
24.413	99.138	293.665
24.423	99.138	293.665
24.433	99.138	293.190
24.443	99.138
24.453	97.999
24.463	98.646
24.473	98.601
24.483	98.527
24.493	98.441
24.503	98.328
24.513	196.553
24.523	196.633
24.533	195.998	495.770
24.543	195.862	499.622
24.553	198.275	493.883
24.563	196.066	494.768
24.573	195.998	495.712	98.050
24.583	195.998	494.254	98.084
24.593	198.275	494.283	97.999
24.603	198.275	494.112	97.999
24.613	198.275	499.622	97.999
24.623	198.275	493.855	97.999
24.633	198.275	97.999	499.622
24.643	198.275	97.999	494.140
24.653	198.275	97.999	499.622
24.663	195.998	99.138	496.945
24.673	195.998	99.138	497.060
24.683	97.999	198.275	494.197
24.693	97.999	198.275	499.622
24.703	97.999	198.275	499.622
24.713	97.999	198.275
24.723	97.999	198.275
24.733	97.999	198.275
24.743	97.999	198.275
24.753	97.999	198.275
24.763	97.999	198.275
24.773	97.999	198.275
24.783	97.999	198.275
24.793	97.999	198.275
24.803	97.999	198.275
24.813	97.999	198.275
24.823	97.999	198.275
24.833	97.999	198.275
24.843	97.999	200.579
24.853	97.999	198.275
24.863	97.999	198.275
24.873	97.999	198.275
24.883	97.999	198.275
24.893	97.999
24.903	97.999
24.913	97.999
24.923	97.999
24.933	97.999
24.943
24.953
24.963
24.973
24.983	391.656
24.993	392.245
25.003	392.743
25.013	393.175
25.023	391.995
25.033	393.879	97.999
25.043	387.493	98.010
25.053	394.585	97.999
25.063	97.999	396.550
25.073	97.999	396.550
25.083	97.999	396.550
25.093	97.999	396.550
25.103	97.999	396.550
25.113	97.999	396.550
25.123	98.089	396.550
25.133	98.231	396.344
25.143	98.237	198.275
25.153	98.203	198.275
25.163	98.152	197.293
25.173	97.999	198.275
25.183	97.999	197.429
25.193	97.999
25.203	97.988
25.213	98.209
25.223	97.999
25.233	97.999
25.243	98.123
25.253	97.999
25.263	97.999	197.350
25.273	97.999	197.601
25.283	97.999	198.275
25.293	98.005	198.275
25.303	97.999	198.275
25.313	97.999	198.275
25.323	97.999	198.275
25.333	97.999	197.042
25.343	97.999	191.521
25.353	97.999
25.363	97.999
25.373	97.999
25.383	97.999
25.393	97.999
25.403	97.999
25.413	97.999
25.423	97.999
25.433	98.078
25.443	97.999
25.453	98.016
25.463
25.473
25.483
25.493
25.503
25.513
25.523
25.533
25.543
25.553
25.563
25.573
25.583
25.593
25.603
25.613
25.623
25.633
25.643
25.653
25.663
25.673
25.683
25.693
25.703
25.713
25.723
25.733
25.743
25.753
25.763
25.773
25.783
25.793
25.803
25.813
25.823
25.833
25.843
25.853
25.863
25.873
25.883
25.893
25.903
25.913
25.923
25.933
25.943
25.953
25.963
25.973
25.983
25.993
26.003
26.013
26.023
26.033
26.043
26.053
26.063
26.073
26.083
26.093
26.103
26.113
26.123
26.133
26.143
26.153
26.163
26.173
26.183
26.193
26.203
26.213
26.223
26.233
26.243
26.253
26.263
26.273
26.283
26.293
26.303
26.313
26.323
26.333
26.343
26.353
26.363
26.373
26.383
26.393
26.403
26.413
26.423
26.433
26.443
26.453
26.463
26.473
26.483
26.493
26.503
26.513
26.523
26.533
26.543
26.553
26.563
26.573
26.583
26.593
26.603
26.613
26.623
26.633
26.643
26.653
26.663
26.673
26.683
26.693
26.703
26.713
26.723
26.733
26.743
26.753
26.763
26.773
26.783
26.793
26.803
26.813
26.823
26.833
26.843
26.853
26.863
26.873
26.883
26.893
26.903
26.913
26.923
26.933
26.943
26.953
26.963
26.973
26.983
26.993
27.003
27.013
27.023
27.033
27.043
27.053
27.063
27.073
27.083
27.093
27.103
27.113
27.123
27.133
27.143
27.153
27.163
27.173
27.183
27.193
27.203
27.213
27.223
27.233
27.243
27.253
27.263
27.273
27.283
27.293
27.303
27.313
27.323
27.333
27.343
27.353
27.363
27.373
27.383
27.393
27.403
27.413
27.423
27.433
27.443
27.453
27.463
27.473
27.483
27.493
27.503
27.513
27.523
27.533
27.543
27.553
27.563
27.573
27.583
27.593
27.603
27.613
27.623
27.633
27.643
27.653
27.663
27.673
27.683
27.693
27.703
27.713
27.723
27.733
27.743
27.753
27.763
27.773
27.783
27.793
27.803
27.813
27.823
27.833
27.843
27.853
27.863
27.873
27.883
27.893
27.903
27.913
27.923
27.933
27.943
27.953
27.963
27.973
