0.023
0.033
0.043
0.053
0.063
0.073
0.083
0.093
0.103
0.113
0.123
0.133
0.143
0.153
0.163
0.173
0.183
0.193
0.203
0.213
0.223
0.233
0.243
0.253
0.263
0.273
0.283
0.293
0.303
0.313
0.323
0.333
0.343
0.353
0.363
0.373
0.383
0.393
0.403
0.413
0.423
0.433
0.443
0.453
0.463
0.473
0.483
0.493
0.503
0.513
0.523
0.533
0.543
0.553
0.563
0.573
0.583
0.593
0.603
0.613
0.623
0.633
0.643
0.653
0.663
0.673
0.683
0.693
0.703	181.903
0.713	181.882
0.723	181.861
0.733	181.851
0.743	181.851
0.753	182.872
0.763	180.772
0.773	181.914
0.783	181.935
0.793	181.546
0.803	181.767
0.813	181.756
0.823	181.746
0.833	181.735
0.843
0.853
0.863
0.873
0.883
0.893
0.903
0.913
0.923
0.933
0.943
0.953
0.963
0.973
0.983	196.122
0.993	196.202
1.003	196.258
1.013	195.998
1.023	195.998
1.033	196.428
1.043	196.496
1.053	193.746
1.063	200.579
1.073	196.871
1.083	196.928
1.093	197.008
1.103
1.113
1.123
1.133
1.143
1.153
1.163	930.337
1.173	930.283
1.183	930.283
1.193	930.283
1.203	930.283
1.213	929.585	493.883
1.223	931.036	493.883
1.233	931.251	490.925
1.243	929.478	492.288
1.253	930.068	491.606
1.263	929.854	488.211
1.273	930.176	491.294
1.283	930.176
1.293	930.122
1.303	930.122
1.313	244.063
1.323	243.936
1.333	243.809
1.343	181.998
1.353	182.019
1.363	181.987
1.373	181.924
1.383	181.840
1.393	182.176
1.403	182.208	245.321
1.413	181.441	244.769
1.423	181.567	243.669
1.433	181.557	364.416
1.443	181.536	363.911
1.453	181.578	489.001	363.512
1.463	180.772	489.057	926.851
1.473	180.772	488.211	923.751
1.483	180.772	486.971	928.136	365.745
1.493	182.872	489.425	926.529	363.155
1.503	180.772	488.211	928.565	808.270
1.513	182.872	490.330	813.939	927.118
1.523	182.872	490.613	811.826	925.513
1.533	180.772	490.812	814.691	924.658
1.543	184.997	490.755	811.310	926.262
1.553	182.271	490.500	816.057	241.525
1.563	181.830	490.302	815.727
1.573	182.303	489.623	821.069
1.583	187.147	489.453	821.069
1.593	183.412	490.132
1.603	490.189	183.581
1.613	490.274	183.741
1.623	490.358
1.633	490.500
1.643	490.613
1.653	490.755
1.663	490.784	407.157
1.673	490.982	407.299
1.683	491.010	407.393
1.693	491.322	405.491
1.703	491.379	410.535	647.593
1.713	490.840	405.234	644.198
1.723	490.274	405.819	647.892
1.733	490.557	407.817	649.541
1.743	490.812	410.535	651.043
1.753	488.211	406.617
1.763	499.622	410.535
1.773	492.061	408.264
1.783	492.203
1.793	492.516
1.803	492.943
1.813	493.427
1.823	493.883
1.833	615.320
1.843	615.356
1.853	615.427	182.271
1.863	615.533	182.355
1.873	615.107	181.840
1.883	615.107	180.772	243.993
1.893	615.960	182.587	244.105
1.903	615.107	182.872	244.105
1.913	615.427	183.857	244.105
1.923	616.102	183.497	244.105
1.933	616.743	182.746	243.064
1.943	616.458	183.168	243.908
1.953	617.207	182.872	244.105
1.963	617.314	182.651	81.460
1.973	615.569	182.187	485.259
1.983	616.280	182.651
1.993	617.456	181.746
2.003	616.672	182.482
2.013	616.708
2.023	616.708
2.033	182.071
2.043	181.872
2.053	181.651
2.063	181.483
2.073	243.795
2.083	243.922	1164.996
2.093	244.105	1154.346
2.103	244.105	1167.826
2.113	243.036	1155.747	180.772
2.123	181.473	244.218	1171.068
2.133	587.330	181.536	244.260
2.143	590.971	180.772	244.303
2.153	588.824	181.662	244.345
2.163	590.971	181.735	244.373
2.173	594.154	180.772	246.942
2.183	595.666	183.295	246.942
2.193	594.154	183.020	242.083
2.203	587.330	181.609
2.213	591.927	182.050
2.223	592.201	182.019
2.233	592.577	181.956
2.243	592.851	181.903
2.253	593.023	181.809
2.263	592.920	181.725
2.273	592.577	181.651
2.283	594.154	182.029
2.293	594.154	182.176	491.635
2.303	592.235	491.692	181.127
2.313	594.154	489.849	180.772
2.323	594.154	489.623	181.054
2.333	594.154	493.883	181.379	406.805
2.343	587.330	493.883	406.946	202.910
2.353	587.330	492.402	407.016	205.267
2.363	580.583	491.635	407.087	202.910
2.373	491.862	580.583	405.819	198.275
2.383	492.004	594.154	408.571	193.746
2.393	491.379	589.573	408.029	193.746
2.403	492.231	589.709	244.105	181.368
2.413	492.203	589.709	243.767	181.379
2.423	492.089	601.058	244.105	182.872
2.433	499.622	244.105	587.330	180.772
2.443	485.651	608.042	243.458	180.772
2.453	499.622	615.107	243.795	181.232
2.463	487.619	615.107	242.517	181.002
2.473	488.803	615.000	243.387	180.772
2.483	605.658	489.199	243.415	181.462
2.493	619.671	489.481	243.443	181.358
2.503	618.634	241.301	491.181	181.431
2.513	615.107	241.301	489.707	181.494
2.523	617.777	244.105	181.567	493.883
2.533	622.254	246.942	181.389	491.351
2.543	620.531	244.105	181.504	493.883
2.553	619.815	244.105	182.008	491.493
2.563	620.746	244.105	182.176	1237.483
2.573	620.101	244.105	181.735	1237.412
2.583	617.028	244.105	182.345	1238.055
2.593	615.107	182.103	243.500	1236.268
2.603	181.546	618.599	243.795	1236.697
2.613	181.399	619.815	244.105	1235.126
2.623	181.473	620.567	244.105	1235.983
2.633	181.483	617.563	244.105	490.727
2.643	616.743	180.772	244.670	488.211
2.653	619.314	180.897	244.981	491.209
2.663	619.600	181.452	491.663	245.293
2.673	616.921	181.756	491.379	245.576
2.683	615.107	180.772	491.181	245.832
2.693	617.242	180.772	491.550	246.942
2.703	618.813	180.876	490.217	246.942
2.713	615.107	181.326	489.990	246.942
2.723	616.957	489.792	182.872	245.151
2.733	618.456	488.211	181.337	246.942
2.743	489.764	608.042	246.942	181.578
2.753	489.368	615.107	244.105	181.263
2.763	488.211	181.200	245.675	614.326
2.773	488.662	180.772	245.420	178.696
2.783	488.464	180.772	178.696	245.009
2.793	489.368	181.064	178.696	244.613
2.803	489.142	181.012	244.232	178.696
2.813	489.736	181.242	241.301	178.696
2.823	490.698	180.772	409.232	246.942
2.833	491.039	180.772	405.819	243.528
2.843	490.302	180.887	405.819	243.387
2.853	490.670	181.054	410.203	243.331
2.863	491.379	410.914	180.887	241.218
2.873	491.266	410.535	180.772	240.564
2.883	482.603	411.128	180.876	246.942
2.893	489.906	415.305	180.772	243.809
2.903	490.330	414.753	180.772	243.936
2.913	414.825	490.585	180.772	244.091
2.923	411.769	490.528	180.918	244.162
2.933	410.535	489.623	181.441	245.137
2.943	410.535	490.897	180.772	244.500
2.953	410.535	490.925	180.772	244.854
2.963	405.819	482.603	181.504	244.953
2.973	405.819	490.217	181.672
2.983	405.819	490.415	184.997
2.993	410.535	490.443	181.861
3.003	410.535	491.436	180.772
3.013	410.535	494.083	181.956
3.023	415.305	490.670	182.019
3.033	415.305	182.061	490.784
3.043	415.305	182.872	610.047
3.053	410.535	182.092	613.297
3.063	411.722	182.040	613.794
3.073	415.305	180.772	615.107
3.083	415.305	180.772	617.706
3.093	410.535	182.872	365.512
3.103	412.103	182.019	365.618
3.113	405.819	182.872	362.652
3.123	182.682	411.722	367.927
3.133	182.640	366.570	410.535
3.143	181.998	364.143	415.305
3.153	182.029	366.633	411.912
3.163	180.772	366.654	411.984
3.173	180.772	365.998	244.105
3.183	181.159	365.745	241.301	412.269
3.193	182.872	369.994	244.105	410.535
3.203	182.872	367.715	244.105	412.865
3.213	180.772	369.994	244.105	413.223
3.223	184.997	367.333	244.105	415.305
3.233	371.601	182.040	246.942
3.243	372.633	184.997	244.726
3.253	361.544	184.997	249.811
3.263	369.653	182.703	249.811
3.273	365.133	182.872	246.942
3.283	365.745	181.368	246.942
3.293	365.745	180.772
3.303	369.994	180.772
3.313	367.205	182.398
3.323	367.184	182.398
3.333	366.951	182.419
3.343	366.824	182.408
3.353	182.429	366.824
3.363	182.503	366.675
3.373	182.556	585.636
3.383	580.583	184.997
3.393	583.273	184.997
3.403	587.330	181.788
3.413	587.805	181.085	369.994
3.423	591.142	181.221	359.503
3.433	587.330	181.316	365.280
3.443	180.981	587.330	364.985
3.453	181.798	587.330	364.627
3.463	181.966	580.583	1161.502
3.473	182.040	584.723	1160.362
3.483	181.683	580.583	1153.146
3.493	180.772	585.264	1155.680
3.503	182.345	585.331	73.616
3.513	181.525	585.500
3.523	181.525	585.737
3.533	181.462	586.076
3.543	180.772	587.330	363.869
3.553	181.180	587.330	364.143
3.563	181.599	587.567	364.353
3.573	181.211	587.330	369.994
3.583	587.330	181.966	359.981
3.593	587.330	182.482	361.544
3.603	587.330	182.092	362.757
3.613	586.618	181.725	369.994
3.623	587.431	180.772	364.922
3.633	594.154	183.783	364.922
3.643	591.142	180.772	410.535
3.653	594.154	181.504	409.185
3.663	587.974	181.399	409.209
3.673	181.274	587.533	408.288
3.683	180.772	575.575	615.107
3.693	181.054	586.855	610.223
3.703	181.033	604.889	586.685
3.713	180.772	611.493	587.330
3.723	180.772	615.107	587.330
3.733	605.273	180.772	1238.341
3.743	610.364	180.970	1251.211
3.753	607.761	181.023
3.763	180.772	610.823
3.773	181.190	611.423
3.783	181.326	612.306
3.793	613.794
3.803	619.815
3.813	616.921
3.823	617.991
3.833	618.885	244.741
3.843	619.206	244.825
3.853	244.910	619.493
3.863	241.301	616.672
3.873	246.942	617.599	181.588
3.883	246.942	181.557	624.522
3.893	244.105	181.704	622.254
3.903	244.105	180.918	980.774
3.913	246.942	181.641	980.660
3.923	244.981	181.882	980.321
3.933	245.959	180.772	980.830	616.993
3.943	181.851	246.002	980.547	618.849
3.953	181.536	246.828	980.094	619.779
3.963	181.662	979.245	247.042	618.599
3.973	181.914	979.302	244.797
3.983	181.441	980.434	246.942
3.993	181.557	980.377	244.105
4.003	182.450	980.094	245.052
4.013	182.471	979.754	244.741
4.023	181.714	979.245	244.444
4.033	181.977	977.776	244.133
4.043	182.598	973.493	244.105
4.053	182.545	967.048	244.105	922.045
4.063	182.240	965.206	244.105	922.045
4.073	182.672	976.421	241.301	921.992
4.083	182.872	976.421	241.301	921.619
4.093	180.772	974.674	921.619	244.105
4.103	182.461	922.311	974.731	243.219
4.113	181.987	923.697	243.289	974.900
4.123	181.462	921.619	243.387	977.719
4.133	181.704	921.619	243.472	977.380
4.143	181.935	921.619	243.556	976.421
4.153	181.630	921.619	244.105	976.590
4.163	181.044	921.619	242.657	977.042
4.173	180.772	921.087	244.105	977.042
4.183	181.977	920.874	244.105
4.193	182.176	921.619	244.105
4.203	182.872	920.183	244.105
4.213	181.893	919.704	244.105
4.223	182.746	919.917	243.556
4.233	182.661	920.076	244.021
4.243	182.419	919.598	245.690
4.253	183.041	918.589	241.902
4.263	182.936	917.317	244.105
4.273	182.872	921.619	245.165	411.698
4.283	921.619	182.788	415.305	244.133
4.293	919.970	182.872	415.305	205.338
4.303	182.851	919.970	415.305	202.910
4.313	406.241	182.872	921.619	207.652
4.323	406.499	180.772	920.980	833.638
4.333	407.228	184.997	919.864	836.097
4.343	410.535	183.063	921.619	834.312
4.353	408.713	184.176	832.146	911.033
4.363	409.351	183.084	834.312
4.373	408.972	834.312	181.159
4.383	409.067	835.325	182.872
4.393	408.736	834.794
4.403	408.736	834.457
4.413	834.360	408.854
4.423	834.071
4.433	833.541
4.443	183.168
4.453	183.115
4.463	183.031
4.473	182.893
4.483	182.693	830.705
4.493	182.556	244.289
4.503	182.872	244.105
4.513	181.148	244.105
4.523	184.997	244.105	830.609
4.533	184.997	244.105	830.609
4.543	180.939	244.105	605.134
4.553	180.991	243.711	608.042
4.563	180.772	243.500
4.573	180.970	249.811
4.583	181.851	245.080
4.593	181.767
4.603	181.641
4.613	181.494
4.623	181.159
4.633	180.876
4.643
4.653	180.761
4.663	180.720
4.673	180.709
4.683	180.688
4.693	180.647
4.703	180.636	616.850
4.713	180.772	615.107
4.723	180.772	615.107
4.733	180.563	577.473	615.107
4.743	180.615	579.043	617.599
4.753	180.709	583.205	626.003
4.763	180.751	583.677	617.956
4.773	180.240	580.583	617.956
4.783	179.793	579.143	615.107	244.726
4.793	180.772	573.915	246.942	618.063
4.803	180.334	573.915	242.237	615.107
4.813	180.511	573.915	242.783	618.599
4.823	180.772	574.910	245.293	622.757
4.833	180.772	578.074	246.942	367.184
4.843	580.583	180.772	246.942	369.503
4.853	582.195	180.146	246.016	367.036
4.863	587.330	180.772	246.229	365.745
4.873	587.330	181.253	246.557	1182.420
4.883	588.858	180.772	246.728	1184.402
4.893	587.330	180.772	247.056	1174.456
4.903	583.778	180.772	247.441	1172.829
4.913	587.974	181.242	1169.581	178.696
4.923	580.583	181.379	404.602	178.696
4.933	580.583	181.525	407.110	204.050
4.943	575.110	184.741	204.203	406.781
4.953	580.583	205.267	406.617	180.772
4.963	580.583	202.910	406.687	181.662
4.973	594.154	202.910	407.393	181.609
4.983	587.330	202.910	406.805	195.376
4.993	583.677	205.267	406.476	195.998
5.003	573.915	205.267	195.998
5.013	584.217	205.267	1147.830
5.023	587.330	205.220	1158.688
5.033	585.162	208.988	1159.290
5.043	587.330	205.588	1159.826
5.053	586.618	1147.830
5.063	586.753	1172.422
5.073	585.839	1168.771
5.083	585.670	1162.039
5.093	585.703
5.103	585.737
5.113	585.298
5.123	243.950
5.133	244.077
5.143	244.162	615.213
5.153	244.218	615.213
5.163	244.105	615.249
5.173	240.633	612.200
5.183	246.942	617.920
5.193	244.105	615.676
5.203	244.105	615.925
5.213	246.942	615.107
5.223	244.529	615.107
5.233	244.430	615.107
5.243	244.712	615.356
5.253	244.769
5.263	244.854
5.273	244.967
5.283	615.498
5.293
5.303
5.313
5.323
5.333	618.849
5.343	618.849
5.353	618.777
5.363	618.706
5.373	181.075
5.383	180.730	618.634
5.393	180.720	619.636
5.403	180.772	616.957
5.413	180.157	412.031
5.423	180.772	410.535
5.433	180.730	410.535
5.443	180.772	410.535	617.385
5.453	180.772	412.245	617.742
5.463	180.772	413.462	617.635
5.473	180.772	415.305	617.492
5.483	181.012	414.418	615.107
5.493	414.059	180.772	617.385
5.503	415.233	180.772
5.513	415.113	180.626
5.523	414.921	180.772
5.533	415.305	179.970
5.543	415.545	180.772
5.553	415.305	180.772
5.563	415.041	180.657
5.573	414.897	180.657
5.583	414.753	614.432
5.593	415.305	615.107
5.603	415.281	615.107
5.613	414.059	207.652
5.623	413.796	207.652
5.633	415.305	205.267
5.643	410.155	205.897
5.653	415.305	202.980
5.663	410.203	207.652
5.673	415.305	205.267
5.683	412.674	205.267
5.693	409.563	205.647
5.703	412.269
5.713	412.245
5.723	412.198
5.733	412.150
5.743	362.946
5.753	363.134
5.763	363.218
5.773	363.218
5.783	363.239
5.793	184.240	363.323
5.803	184.997	361.544
5.813	180.772	369.994
5.823	184.997	361.544
5.833	184.997	361.544	238.530
5.843	184.997	361.544	239.607
5.853	184.997	361.544	239.773
5.863	361.544	184.997	238.847
5.873	365.745	184.997	238.957
5.883	366.189	184.997	239.870
5.893	365.745	184.709	239.496
5.903	366.654	182.872	239.427
5.913	369.034	184.325	238.530
5.923	374.294	182.872	241.301
5.933	369.994	184.219	244.105
5.943	368.842	241.301
5.953	369.119	241.301
5.963	369.631	241.916
5.973	241.944
5.983	241.930
5.993	241.916
6.003	241.902
6.013
6.023
6.033
6.043
6.053
6.063
6.073
6.083	1169.176
6.093	1169.446
6.103	1169.581
6.113	1169.649
6.123	1169.716	645.278
6.133	642.711	1166.612
6.143	644.905	1168.703
6.153	646.061	1172.084	216.833
6.163	646.882	1170.866	214.975
6.173	650.029	217.473	1172.219
6.183	644.198	391.995	217.473
6.193	644.198	391.995	217.473
6.203	647.069	391.995	217.473
6.213	387.493	647.406
6.223	390.233	651.683
6.233	391.995	649.016
6.243	390.730
6.253	390.526
6.263	390.166
6.273	389.738
6.283	389.220
6.293	648.229
6.303	647.742
6.313	647.294
6.323	646.920	387.672
6.333	648.454	387.493
6.343	647.705	410.558
6.353	648.004	410.558
6.363	647.481	410.535	231.753
6.373	645.688	410.535	233.082
6.383	644.198	410.535	231.124
6.393	644.198	410.629	231.445
6.403	644.198	410.772	231.365
6.413	644.198	410.535	231.298
6.423	645.240	410.535	230.312
6.433	646.733	410.535	231.499
6.443	646.584	410.535	230.858
6.453	646.621	410.535	233.082
6.463	648.716	410.535	229.329
6.473	648.903	412.341	230.738
6.483	649.016	410.535	230.591
6.493	645.986	405.819	205.267
6.503	645.613	408.713	205.267
6.513	644.198	409.445	205.267	230.046
6.523	644.198	409.185	205.267	229.740
6.533	407.793	644.198	611.988	1224.188
6.543	405.397	644.198	612.483	1224.047
6.553	403.762	644.198	608.042	1226.595
6.563	404.532	646.210	610.294	1225.745
6.573	408.949	617.028	1222.916	136.999
6.583	610.682	406.546	136.999	1224.047
6.593	608.991	136.999	1220.940	418.169
6.603	615.462	137.380	1221.645	416.289
6.613	622.254	136.762	1222.916	410.701
6.623	136.762	623.765	1224.542	129.310
6.633	136.999	615.107	1227.658	129.310
6.643	137.976	615.107	1224.188	129.550
6.653	136.999	615.107	1229.077	129.550
6.663	136.999	622.973	1230.214	129.550
6.673	137.435	615.107	1244.508	129.550
6.683	615.107	136.999	1244.508	129.609
6.693	622.254	135.426	1230.640	129.310
6.703	622.254	136.999	1230.071	129.310
6.713	622.254	138.591	1234.984	129.310
6.723	622.254	137.459	1216.083	129.917
6.733	622.254	136.999	1216.083	130.813
6.743	623.333	134.817	738.238	205.410
6.753	615.107	731.489	207.652	136.723
6.763	615.107	730.898	202.910	136.691
6.773	620.567	724.342	202.910	103.826
6.783	608.042	729.338	207.329	103.210
6.793	731.489	615.747	206.826	103.103
6.803	729.127	205.267	612.695	103.014
6.813	731.489	205.267	608.042	102.930
6.823	731.489	205.445	614.858	554.365
6.833	731.785	205.683	541.704	614.894
6.843	733.054	205.350	552.639	617.670
6.853	732.843	553.533	205.540	615.356
6.863	733.605	551.363	205.267	619.493
6.873	733.902	551.905	205.196	618.206
6.883	733.563	552.033	205.267	616.138
6.893	733.393	552.224	205.267	616.102
6.903	731.489	551.809	205.267	616.067
6.913	552.256	731.489	202.910	615.818
6.923	551.459	731.489	204.995	611.635
6.933	550.409	732.504	205.267	1220.799
6.943	551.236	731.489	205.267	1224.330
6.953	551.937	205.267	733.902	1229.006
6.963	551.555	205.267	732.504	1229.929
6.973	552.160	205.267	733.266	1236.983
6.983	552.288	732.504	205.267	612.943
6.993	731.489	552.192	205.149	616.458
7.003	559.189	733.520	611.811
7.013	734.029	551.905	614.929
7.023	734.538	110.656	276.144
7.033	110.746	275.968	615.782
7.043	110.829	275.793	616.245
7.053	488.211	111.278	274.791
7.063	482.603	275.586	617.706
7.073	487.675	274.934	617.670
7.083	487.760	618.063	275.666
7.093	487.957	618.277	275.714
7.103	489.199	619.600	274.664
7.113	489.877	618.384	276.351
7.123	489.029	617.706	276.032	734.580
7.133	617.777	488.352	276.176	734.114
7.143	618.313	488.211	733.732	275.841
7.153	619.063	488.211	733.393	277.183
7.163	618.992	488.211	738.409	277.872
7.173	617.314	731.489	488.211	464.175
7.183	616.993	731.489	476.950	488.436	136.841
7.193	617.563	731.489	466.864	488.380	136.912
7.203	616.458	457.230	731.489	136.999	488.211
7.213	460.809	615.107	731.489	137.094	207.652
7.223	460.809	614.503	732.800	136.999	207.652
7.233	458.261	614.503	734.071	135.426	230.405
7.243	460.809	614.148	136.999	733.605	229.038
7.253	459.348	614.965	136.999	732.885	229.025
7.263	459.321	616.067	138.591	731.489	228.998
7.273	460.809	616.921	136.999	733.181	227.758
7.283	458.235	618.349	138.591	733.393	205.837
7.293	463.104	138.591	622.254	734.411
7.303	463.693	138.591	622.254	736.322
7.313	135.426	461.769	619.743	733.393
7.323	136.124	460.809	619.707	731.489
7.333	137.404	460.863	619.349	731.489
7.343	138.591	466.164	731.489
7.353	136.999	466.164	739.604
7.363	137.253	463.586	733.775
7.373	137.197	463.881	733.690
7.383	137.134	464.229	733.563
7.393	137.094	655.913	204.971
7.403	136.999	655.913	435.399
7.413	136.999	656.140	440.000
7.423	654.966	136.999	429.950
7.433	656.292	435.751	136.999
7.443	656.367	434.946	136.999	107.488
7.453	655.799	436.330	108.737	136.999
7.463	655.875	434.946	107.488	548.409
7.473	656.747	437.415	108.737	549.583
7.483	654.777	438.073	549.742	110.000
7.493	656.557	440.000	549.139	109.076
7.503	655.950	440.000	550.631	109.190
7.513	654.701	551.236	434.946	110.000
7.523	654.663	549.329	440.000	109.423
7.533	654.285	551.013	440.814	110.000
7.543	654.588	551.077	443.188	99.539
7.553	654.739	550.091	445.113	99.499
7.563	653.681	550.377	445.113	99.138
7.573	654.663	551.141	443.957	99.396
7.583	651.683	550.250	441.681	219.492
7.593	549.837	655.269	440.610	220.000
7.603	550.536	655.345	437.971	219.543
7.613	549.139	655.307	435.977	219.568
7.623	549.646	440.000	656.860	217.473
7.633	550.981	435.298	656.443	220.000
7.643	441.655	550.981	655.988	220.000
7.653	434.946	551.109	220.000	657.202
7.663	444.419	551.746	220.000	656.633
7.673	444.111	220.000	554.365	657.848
7.683	443.957	220.000	554.365	656.747
7.693	441.681	220.000	554.365	656.822
7.703	434.946	220.000	541.704	656.860
7.713	225.142	439.111	550.695	656.898
7.723	225.142	443.086	550.600	656.898
7.733	221.466	450.285	550.441	657.962
7.743	221.428	442.677	550.282	467.323
7.753	221.351	470.383	442.881
7.763	220.000	466.164	551.618
7.773	466.164	221.045	548.663
7.783	466.164	220.000	618.599
7.793	466.622	220.649	618.992
7.803	466.541	220.432	619.600
7.813	466.487	220.216	620.280
7.823	466.164	614.077	218.241
7.833	466.164	621.751	222.556
7.843	466.164	618.777	220.191
7.853	620.459	466.406	135.426
7.863	623.045	466.164	138.591
7.873	629.484	140.202	466.164	220.000
7.883	136.999	622.865	466.164	280.403
7.893	140.202	629.484	466.757	274.300
7.903	140.202	629.484	468.188	277.663
7.913	140.202	629.484	466.891	277.183
7.923	137.047	620.674	466.164	280.403
7.933	138.591	615.782	467.242	233.230
7.943	138.591	615.107	468.918	233.149
7.953	137.682	610.646	466.433	235.790
7.963	136.258	614.823	467.296	233.082
7.973	136.960	615.107	466.730	232.651
7.983	136.999	622.254	467.323	230.405
7.993	136.999	624.919	466.164	232.289
8.003	136.478	629.266	466.164	232.155
8.013	136.999	629.484	466.918	232.007
8.023	135.168	629.484	469.325	230.405
8.033	138.591	632.327	469.271	231.847
8.043	136.999	629.484	469.922	1247.675
8.053	136.999	477.060	629.484	1265.165
8.063	136.999	477.060	625.208	1221.010
8.073	136.999	471.580	615.107	309.872
8.083	466.164	135.888	612.837	310.104
8.093	469.325	136.187	622.218	304.988
8.103	469.976	135.426	313.273	612.412
8.113	466.164	307.553	135.426	621.607
8.123	311.127	471.580	136.006	621.679
8.133	311.127	467.188	135.426	621.931
8.143	311.127	468.485	629.484	135.904
8.153	314.742	466.164	623.441	135.967
8.163	314.742	467.701	623.261
8.173	311.127	623.873	205.635
8.183	308.211	629.484	103.826
8.193	314.742	614.077	103.826
8.203	311.181	629.484	204.734
8.213	311.901	625.028	205.267
8.223	314.615	625.064	205.232
8.233	313.853	137.682	205.267
8.243	314.125	138.591	205.184
8.253	313.889	136.999	624.956
8.263	312.676	624.847	137.825
8.273	312.586	624.775	114.077
8.283	307.553	629.484	114.169
8.293	307.553	114.228	624.486
8.303	307.553	113.945	622.254
8.313	307.553	114.308	623.441
8.323	309.818	113.879	623.081
8.333	312.749	113.879	622.937
8.343	313.961	113.879	615.107
8.353	314.742	115.202	627.778
8.363	314.742	115.202	626.076
8.373	311.127	115.089
8.383	311.127	114.519
8.393	311.127	114.519
8.403	314.742	114.519
8.413	311.127	623.405
8.423	311.145	629.484
8.433	312.171
8.443	312.045
8.453	311.919
8.463	311.847
8.473	625.136
8.483	138.567
8.493	138.591	276.927
8.503	138.591	273.999
8.513	137.992	280.403
8.523	138.591	280.403
8.533	138.591	274.776
8.543	138.591	276.303	622.254
8.553	138.591	276.719	624.306
8.563	140.202	275.937	623.946
8.573	138.591	273.999	623.585
8.583	138.591	273.999	623.225
8.593	138.591	275.729	622.865
8.603	138.591	275.761	622.254
8.613	138.591	270.852	929.048
8.623	138.591	283.661	621.966
8.633	138.591	273.999	628.757
8.643	138.591	273.999	620.854
8.653	136.999	277.183	615.107
8.663	138.591	274.094	620.244
8.673	138.591	279.272	619.886
8.683	138.407	277.519	97.356
8.693	138.591	280.403	97.339
8.703	138.591	280.403	97.333
8.713	97.999	138.423	278.290
8.723	96.873	92.152	138.431
8.733	95.761	92.163	102.634
8.743	97.999	91.436	102.557
8.753	99.138	92.216	102.503
8.763	96.873	92.499	329.418
8.773	96.873	92.499	329.456
8.783	96.873	92.499	329.475
8.793	97.311	329.342	92.349
8.803	99.138	329.095	92.376
8.813	97.801	329.628	92.440
8.823	97.880	329.628	92.499
8.833	329.628	99.138	437.870
8.843	329.628	95.761	437.264
8.853	329.628	97.999	655.307
8.863	329.628	98.362	654.663
8.873	329.628	99.804	656.822
8.883	322.099	655.837	433.742
8.893	327.843	433.291	653.115
8.903	329.628	432.641	652.625
8.913	327.256	429.132	653.643
8.923	434.946	329.628	644.198
8.933	431.593	217.473	322.099
8.943	433.266	218.430	326.011
8.953	434.946	218.480	654.285
8.963	429.950	217.473	93.207
8.973	217.473	434.720	93.217
8.983	217.473	435.348	93.223
8.993	219.062	436.003	94.661
9.003	218.973	437.997	94.420
9.013	220.432	437.769	90.386
9.023	221.556	437.643	91.436
9.033	218.039	437.719	94.830
9.043	220.000	437.896	91.436
9.053	220.000	438.022	94.661
9.063	220.000	438.478	94.661
9.073	217.838	438.782	93.352
9.083	216.671	437.946	93.347
9.093	219.568	438.858	93.244
9.103	219.302	439.162	93.287
9.113	220.000	439.543	93.573
9.123	214.975	440.000	93.196
9.133	220.000	93.024	440.458
9.143	220.000	138.920	494.483
9.153	220.000	138.896	494.940
9.163	217.473	140.202	488.126
9.173	217.473	138.591	493.883
9.183	220.000	138.591	493.883
9.193	220.000	496.113	138.591
9.203	217.875	499.622	137.142
9.213	218.543	499.622	140.202
9.223	217.800	499.622	138.591
9.233	217.473	499.622	138.591
9.243	220.000	500.951	138.591
9.253	218.064	499.622	136.999
9.263	220.000	499.622	140.202
9.273	499.045	217.235	140.202
9.283	499.622	217.473	138.647
9.293	498.210	217.473	137.674
9.303	498.325	217.473	138.591	184.773
9.313	498.440	218.077	137.570	184.645
9.323	497.865	217.473	140.291	184.560
9.333	496.371	217.473	136.999	656.026
9.343	493.712	220.000	655.875	138.439
9.353	490.500	221.223	655.458	184.997
9.363	491.294	656.405	218.468	434.946
9.373	657.354	499.622	434.946	218.468
9.383	656.254	435.524	499.622	550.822
9.393	655.799	435.097	550.854	495.942
9.403	655.345	434.946	550.886	495.884
9.413	653.870	436.229	550.950	273.999
9.423	437.365	654.890	547.998	276.415
9.433	436.003	651.344	554.205	276.511
9.443	434.946	651.683	551.427	277.183
9.453	434.946	651.683	549.615	277.183
9.463	436.355	658.038	552.033	276.751
9.473	437.946	659.255	550.631	219.683
9.483	439.264	658.380	550.155	219.911
9.493	429.950	654.134	551.236	220.000
9.503	440.407	654.323	554.333	220.076
9.513	442.191	655.231	552.862	220.000
9.523	443.778	656.671	220.000	552.894
9.533	442.984	220.000	656.481	552.479
9.543	221.441	441.859	659.255	552.703
9.553	220.000	442.702	656.709	554.365
9.563	220.000	439.822	657.430	494.654
9.573	220.777	439.568	655.458	494.940
9.583	221.287	439.213	492.175	656.633
9.593	215.722	438.832	493.427
9.603	218.897	497.980	432.092
9.613	214.975	499.622	437.845
9.623	220.000	496.630	430.348
9.633	219.873	496.888	445.113
9.643	217.473	364.143	497.204
9.653	217.473	365.745	497.433
9.663	218.468	365.133	499.045
9.673	219.454	364.901	182.872
9.683	220.000	365.745	183.084
9.693	220.000	364.985	183.147
9.703	219.708	364.774	183.221
9.713	221.211	364.922	182.630
9.723	217.473	365.702	183.433
9.733	220.000	365.745	1108.731
9.743	220.000	365.491	1108.731
9.753	218.809	363.470	1108.731
9.763	217.473	363.009	1108.731
9.773	214.975	363.701	325.578
9.783	218.632	364.290	325.540
9.793	218.682	325.484	364.227
9.803	218.771	325.465	138.904
9.813	220.000	325.841	138.912
9.823	325.841	219.011	138.591
9.833	325.841	138.591	219.074
9.843	324.489	138.591	218.140
9.853	325.127	138.591	222.556
9.863	325.841	140.202	219.226
9.873	325.089	140.202	218.821
9.883	324.395	138.591	217.473
9.893	138.591	325.841	219.429
9.903	138.591	325.841	220.560
9.913	136.999	325.841	217.473
9.923	136.889	326.746	217.976
9.933	138.591	327.351	217.838
9.943	140.202	328.506	217.687
9.953	136.999	214.975	326.218
9.963	137.364	215.373	325.841
9.973	138.591	215.759	326.595
9.983	138.591	217.863	326.671
9.993	217.473	138.591	326.708
10.003	217.473	138.279	202.910
10.013	222.556	138.327	93.687
10.023	222.556	93.622	138.359
10.033	93.573	219.201	196.735
10.043	95.143	97.999	219.467
10.053	94.661	97.840	219.873
10.063	94.661	97.778
10.073	92.499	97.999
10.083	93.250	100.289
10.093	97.530	91.436
10.103	96.873	93.304
10.113	95.661	93.384
10.123	95.761	314.742
10.133	314.742	103.934
10.143	310.660	105.033	97.125
10.153	311.127	105.033	97.069
10.163	310.230	103.850	94.061
10.173	311.127	102.634	94.224
10.183	307.553	103.688	95.094
10.193	307.553	103.622	109.032
10.203	306.950	103.826	108.737
10.213	307.553	103.437	109.329
10.223	311.127	102.806	109.468
10.233	311.235	103.252
10.243	311.127	103.151
10.253	310.409	103.826
10.263	312.550	101.455
10.273	310.768	103.826
10.283	311.127	110.000
10.293	311.127	86.719
10.303	311.127	86.304
10.313	311.127	86.304
10.323	311.253	86.424
10.333	311.235	330.887
10.343	311.199	330.887
10.353	311.163	330.867
10.363	330.887	311.127
10.373	329.628	311.127
10.383	329.628	311.127
10.393	333.458	311.127	994.695
10.403	330.543	311.127	994.522
10.413	333.458	994.580	220.025
10.423	329.628	93.692	220.000
10.433	329.628	94.661	217.473
10.443	329.628	139.081	93.617
10.453	329.628	138.591	93.573
10.463	329.628	140.575	93.573
10.473	329.628	140.202	93.363
10.483	327.597	137.944	217.297
10.493	325.841	138.591	217.172
10.503	329.628	138.591	217.147
10.513	329.628	138.591	214.975
10.523	329.628	138.551	214.975
10.533	140.202	328.278	218.809
10.543	328.070	138.431
10.553	218.455	327.729
10.563	218.695	327.388
10.573	220.242	322.099
10.583	219.201	325.841	138.591
10.593	220.000	327.029	138.271
10.603	219.201	335.758	100.289
10.613	222.556	326.595	99.138
10.623	220.000	326.218	585.264
10.633	214.975	324.096	250.678
10.643	218.847	322.099	250.476
10.653	218.720	250.345	325.597
10.663	250.273	217.473	325.522
10.673	252.714	218.379	88.306
10.683	249.811	88.337
10.693	249.811	88.322
10.703	249.811	88.322
10.713	249.811	88.322
10.723	249.278	88.403
10.733	246.942	88.439
10.743	249.076	88.470
10.753	248.975	88.495
10.763	246.942	88.011
10.773	249.811	89.348
10.783	249.811	88.572
10.793	249.811	88.322
10.803	246.942	88.322
10.813	249.811	88.628
10.823	249.811	89.348
10.833	249.811	88.322
10.843	246.942	88.644
10.853	246.942	88.649
10.863	246.942	90.763
10.873	246.942	90.553
10.883	246.942	97.999
10.893	246.942	97.863
10.903	248.315	97.711
10.913	249.811	109.930
10.923	246.942	109.791
10.933	249.811	109.695
10.943	249.811	110.000
10.953	249.811	110.000
10.963	249.811	110.000
10.973	249.811	109.347	220.000
10.983	249.811	217.423	109.228
10.993	249.811	217.272	109.095
11.003	244.105	217.184	108.737
11.013	246.942	217.473	98.430
11.023	214.975	248.702	98.470
11.033	215.597	252.714	100.289
11.043	217.473	246.942	432.391
11.053	217.473	248.530	433.842
11.063	217.473	166.248	248.473
11.073	217.473	166.363	433.567
11.083	217.473	166.729	433.391
11.093	218.228	166.729	433.241
11.103	217.473	166.248	498.815
11.113	217.473	166.190	496.171
11.123	218.607	167.346	497.031
11.133	216.333	166.729	496.859
11.143	217.473	496.658	165.845
11.153	217.473	493.883	165.529
11.163	217.473	498.066	165.061
11.173	217.473	499.622	162.921
11.183	217.473	495.856	164.814
11.193	217.473	495.569	163.704
11.203	217.473	495.026	163.335
11.213	217.473	493.826	162.940
11.223	220.000	493.883	432.916
11.233	220.000	494.540	433.341
11.243	220.000	494.169	161.049
11.253	494.340	222.556	433.466
11.263	489.990	219.657	438.402
11.273	488.747	176.857	433.241
11.283	487.647	178.696	429.950
11.293	480.961	177.512	429.950
11.303	485.679	174.614	434.946
11.313	481.017	177.185	90.967
11.323	487.084	91.436	1227.233
11.333	485.062	90.904	1219.037
11.343	484.390	90.386	1224.896
11.353	480.878	91.436	1230.214
11.363	483.328	91.436	1228.155
11.373	482.603	90.386	1229.929
11.383	90.386	482.603	1230.214
11.393	90.679	483.719	242.433
11.403	90.386	241.301	483.524
11.413	241.301	91.115	483.580
11.423	241.301	91.241	484.530
11.433	244.105	91.389	88.322
11.443	244.105	91.552	88.322
11.453	244.105	91.436	88.265
11.463	244.105	92.499	88.214
11.473	244.105	93.573	88.169
11.483	244.105	86.304	92.168
11.493	242.882	92.200	88.153
11.503	241.301	92.205	88.751
11.513	241.301	91.436	88.204
11.523	242.952	92.157	89.793
11.533	243.106	91.521	1098.785
11.543	243.345	93.573	1101.072
11.553	241.301	1098.404	91.436
11.563	241.134	1098.214	729.717
11.573	244.133	1095.236	728.453
11.583	243.669	1098.341	730.434
11.593	246.942	1098.214	731.489
11.603	246.942	1095.996	731.489
11.613	246.942	1095.996	98.333
11.623	246.942	1099.293	98.356
11.633	246.942	1101.645	97.988
11.643	244.105	100.289	1099.674
11.653	241.301	96.873	1100.118
11.663	240.397	96.873	1106.491
11.673	241.301	100.289	182.830
11.683	240.800	183.836	122.561	98.481
11.693	241.301	182.978	122.618	98.487
11.703	244.105	182.872	120.651	367.481
11.713	243.781	181.546	122.053	369.994
11.723	244.105	182.872	123.471	364.101
11.733	182.872	123.471	246.102	368.374
11.743	123.471	182.872	249.710	367.715
11.753	123.471	180.772	244.345	369.098
11.763	123.471	184.858	244.105	552.990
11.773	123.471	186.974	244.148	553.853
11.783	122.053	184.997	246.244	552.703
11.793	122.053	183.634	241.301	553.725
11.803	120.651	180.063	246.942	553.054
11.813	120.435	183.815	240.161	552.511
11.823	120.651	184.229	240.467	552.224
11.833	120.651	183.613	243.387	551.873
11.843	184.997	241.301	122.053	551.555
11.853	242.377	184.997	122.053	551.714
11.863	242.840	183.730	122.053	551.332
11.873	246.942	182.872	121.827
11.883	183.836	244.698	123.471
11.893	182.872	245.434	549.869
11.903	184.997	246.942	547.998
11.913	182.872	244.105	547.365
11.923	182.872	244.105	91.860
11.933	182.872	244.204	92.499
11.943	183.232	92.499	241.301
11.953	91.436	493.883	184.166
11.963	91.436	493.883	183.105
11.973	91.436	489.906	181.830
11.983	91.436	487.647	244.105
11.993	91.436	487.365	182.904
12.003	91.436	487.534	182.851
12.013	92.499	490.245	182.872
12.023	92.499	488.211	182.872
12.033	92.499	491.124	244.628
12.043	92.499	491.379	246.942
12.053	92.499	493.883	244.458
12.063	92.499	492.146	244.204
12.073	92.499	488.211	991.081
12.083	92.499	493.883	984.520
12.093	92.104	492.744	984.122
12.103	92.499	493.712	983.042
12.113	92.499	494.397	981.057
12.123	92.499	493.883	242.671
12.133	92.211	493.484	245.066
12.143	92.499	493.171	244.105
12.153	493.883	92.499	245.789
12.163	493.883	92.499	249.811
12.173	500.951	93.573	245.732	370.615
12.183	496.486	246.386	92.499	370.636
12.193	246.942	493.142	92.499	370.658
12.203	246.942	492.516	369.994	92.638
12.213	248.731	490.443	369.994	92.611
12.223	246.942	372.288	488.973	103.826
12.233	246.942	372.267	103.826	490.443
12.243	244.642	371.365	103.551	489.594
12.253	245.534	371.644	105.033	482.603
12.263	245.236	103.485	365.745	92.184
12.273	244.105	102.634	92.067	370.208
12.283	244.105	93.573	102.634	370.165
12.293	244.105	90.386	103.264	1244.939
12.303	244.105	92.499	103.198	1245.299
12.313	244.119	91.950	1247.243	304.372
12.323	244.995	92.499	304.513	1253.816
12.333	92.499	243.809	304.742	1245.659
12.343	90.386	244.105	304.021	1244.508
12.353	90.386	304.021	244.840	1245.299
12.363	92.499	304.021	244.275	1242.999
12.373	304.021	91.876	244.275	1241.062
12.383	304.706	92.499	244.246	1244.580
12.393	307.553	93.573	244.246	97.999
12.403	305.588	91.907	244.105	365.787
12.413	307.553	244.204	91.436	366.019
12.423	309.925	244.105	90.386	366.316
12.433	244.105	309.335	361.544	92.008
12.443	244.105	361.544	308.354	92.157
12.453	244.105	364.437	308.853	92.285
12.463	245.335	367.417	92.499	312.315
12.473	242.769	369.141	92.499
12.483	244.939	370.765	92.622
12.493	244.105	374.294	92.697
12.503	244.105	374.294	92.793
12.513	244.105	371.751	93.573
12.523	244.105	371.408	93.573	309.657
12.533	244.105	374.294	92.670	309.496
12.543	246.942	369.994	92.557	309.496
12.553	244.840	374.294	92.499	309.532
12.563	241.301	93.573	309.174	368.352
12.573	241.301	307.553	92.237	371.794
12.583	308.407	249.811	90.386	371.708
12.593	307.553	92.051	246.942	371.558
12.603	310.786	90.386	246.073	927.279
12.613	311.127	92.499	249.811	186.424
12.623	311.127	92.499	186.553	246.600
12.633	314.742	186.639	92.499	102.847
12.643	311.127	187.147	102.634	92.152
12.653	309.710	187.147	102.634
12.663	187.147	307.553	103.826
12.673	185.190	309.067	102.634
12.683	187.147	308.799	102.634
12.693	187.147	308.514	102.634
12.703	185.897	307.553	103.192
12.713	186.661	307.553	103.306
12.723	186.726	305.182	103.407
12.733	307.553	186.402	103.527
12.743	307.553	186.607	103.652
12.753	307.553	186.402	105.033
12.763	307.553	186.219	105.033
12.773	314.742	185.607	102.634
12.783	307.553	185.339	92.499
12.793	311.127	185.072	92.499
12.803	311.001	184.805	91.436
12.813	304.021	185.790	92.322
12.823	304.021	182.872	374.294
12.833	304.021	182.872	374.294
12.843	304.865	182.872	367.927
12.853	307.553	186.877	367.163
12.863	307.838	182.872	366.548
12.873	308.425	182.872	366.062
12.883	311.127	186.058	362.673
12.893	311.127	182.872	359.565
12.903	186.015	311.127	361.899
12.913	186.112	309.478	365.850
12.923	182.872	307.553	362.506
12.933	182.872	306.755	369.994
12.943	182.872	304.021	374.294
12.953	182.872	304.021	367.205
12.963	186.026	304.021	366.337
12.973	182.872	304.021	367.906
12.983	184.997	303.775	369.290
12.993	184.997	304.021	365.745
13.003	184.997	307.553	368.161
13.013	184.997	307.553	368.352
13.023	184.997	307.553	368.714
13.033	184.997	308.318	368.225
13.043	308.514	186.080	369.332
13.053	308.799	186.058	368.182
13.063	307.784	184.997	368.204
13.073	307.553	184.997	644.309
13.083	307.553	184.997	644.421
13.093	307.553	186.273	644.198
13.103	307.553	186.155	644.198
13.113	307.553	184.997	644.198
13.123	306.047	184.997	644.458
13.133	306.578	184.709	644.198
13.143	307.553	646.322	184.474
13.153	307.553	648.753	184.997
13.163	307.553	644.198	184.784
13.173	308.211	644.905	184.997
13.183	309.371	649.916	182.872
13.193	310.051	649.691	182.872
13.203	308.247	649.503	180.772
13.213	307.553	651.495	180.772
13.223	311.127	651.683	183.634	163.279
13.233	311.127	649.841	183.900	162.921
13.243	311.127	650.029	184.229	162.921
13.253	309.174	651.683	163.279	189.321
13.263	308.960	166.729	649.353	184.848
13.273	308.692	161.049	554.237	650.630
13.283	306.436	163.118	347.578	172.609
13.293	311.127	162.460	347.538	173.398
13.303	306.206	349.067	162.921	173.468
13.313	307.927	345.217	102.699	174.614
13.323	308.247	348.060	101.455	173.528
13.333	102.960	308.354	349.228	173.558
13.343	103.234	304.021	346.936	174.614
13.353	101.455	307.553	347.016	173.608
13.363	101.455	307.553	345.217	173.608
13.373	104.151	309.889	346.636	172.609
13.383	102.634	316.712	346.576	172.609
13.393	105.033	310.463	345.217	173.739
13.403	105.033	313.853	346.456	173.819
13.413	105.033	310.534	345.217	173.910
13.423	105.033	311.127	345.217	620.531
13.433	105.033	313.998	346.456	629.484
13.443	105.033	349.228	310.624	625.244
13.453	103.826	349.228	619.028	304.021
13.463	103.826	346.315	620.244	308.675
13.473	105.033	345.936	619.135	308.069
13.483	105.033	345.217	617.278	304.021
13.493	105.033	608.042	345.956	306.773
13.503	104.120	345.217	609.659	306.047
13.513	102.634	345.217	614.468	691.871
13.523	105.033	345.516	619.421	691.432
13.533	103.826	345.217	615.107	695.357
13.543	103.826	345.217	615.889	690.833
13.553	103.826	342.793	619.099	691.671
13.563	102.634	345.217	622.254	690.155
13.573	101.455	349.228	615.925	686.735
13.583	101.455	349.228	469.677	682.898
13.593	104.808	341.252	477.060	690.474
13.603	104.193	341.252	466.164	691.032
13.613	103.509	469.650	345.357	691.831
13.623	103.008	469.922	345.217	698.456
13.633	102.865	468.350	345.038	691.791
13.643	103.826	466.379	345.217	693.552
13.653	101.842	466.164	694.113	345.337
13.663	101.361	466.379	694.634	345.516
13.673	101.707	468.025	693.111	345.756
13.683	103.826	468.621	693.993	346.255
13.693	103.826	469.406	694.915	347.157
13.703	102.634	470.275	702.421	235.681
13.713	102.634	470.737	694.434	235.681
13.723	103.515	470.057	693.832	235.681
13.733	103.826	467.971	693.271	235.532
13.743	102.770	477.060	692.711	235.790
13.753	102.634	467.377	235.654	692.111
13.763	102.634	477.060	235.790	688.483
13.773	102.634	474.422	241.301	687.410
13.783	103.826	466.703	240.106	691.432
13.793	103.826	471.580	241.301	206.099
13.803	102.634	240.203	471.553	207.652
13.813	102.634	207.652	240.245	471.580
13.823	102.634	206.313	240.884	695.116
13.833	103.826	205.897	692.991	412.436
13.843	102.634	202.910	693.231	412.531
13.853	103.336	207.652	697.368	410.535	241.065
13.863	103.826	206.946	693.552	410.535	1231.493
13.873	103.826	205.267	693.912	410.463	1238.985
13.883	103.826	206.468	698.456	410.155	1236.626
13.893	102.651	207.652	689.756	409.824	1233.914
13.903	102.634	689.995	206.683	411.603
13.913	102.681	688.284	208.831	405.819
13.923	103.014	691.552	205.267	405.819
13.933	105.033	698.456	206.707	1043.544
13.943	103.826	694.474	206.433	1043.665
13.953	104.960	694.714	1034.482	204.628
13.963	101.907	698.456	1046.502	206.266
13.973	101.455	698.456	1046.502	92.296
13.983	103.491	698.456	1048.560	93.051
13.993	103.826	693.071	1045.475	93.573
14.003	102.634	696.000	1046.502	227.758
14.013	103.856	692.951	1042.460	227.758
14.023	103.826	693.111	1045.475	228.972
14.033	102.634	691.312	1048.196	274.760
14.043	103.067	698.456	1046.502	274.903
14.053	103.826	698.456	1051.046	275.109
14.063	102.634	270.508	706.572	1052.686
14.073	101.455	277.183	355.066	697.731
14.083	277.375	101.455	357.391	698.013
14.093	274.141	357.391	104.693	109.550
14.103	273.999	357.391	102.859
14.113	277.183	354.390	102.812
14.123	277.183	353.286	110.000
14.133	275.507	353.286	110.076
14.143	280.403	353.286	116.064	110.248
14.153	280.403	345.217	116.165	112.571
14.163	280.403	345.217	116.238	110.471
14.173	280.403	345.217	113.879	110.509
14.183	277.183	345.217	113.879	110.427
14.193	277.183	353.286	116.541	362.024
14.203	273.999	119.265	348.624	361.544
14.213	277.183	119.265	348.342	361.544
14.223	273.999	116.993	362.171	348.080
14.233	273.999	116.939	362.254	110.000
14.243	276.879	117.895	364.080	109.417
14.253	273.999	116.804	361.544	109.246
14.263	276.943	116.703	110.000	362.317
14.273	280.403	116.649	107.488	318.362
14.283	280.403	117.895	109.158	319.892
14.293	277.663	115.202	318.179
14.303	280.403	115.202	318.399
14.313	115.202	277.503	315.999
14.323	115.202	280.403	349.228
14.333	116.541	277.183	353.143
14.343	117.895	277.455	353.429
14.353	115.202	273.999	357.391
14.363	119.265	276.176	353.286
14.373	119.265	274.728	368.416	349.228
14.383	119.265	273.999	359.711	354.083
14.393	274.474	115.202	369.994	359.337
14.403	273.999	115.202	369.994	354.595
14.413	273.999	115.202	374.013	354.779
14.423	115.202	277.183	369.994	355.066
14.433	114.037	276.911	369.994	230.858
14.443	115.202	277.183	369.994	230.951
14.453	113.879	278.161	369.994	231.031
14.463	115.189	275.030	368.757	231.098
14.473	113.879	277.183	365.745	230.405
14.483	115.202	277.183	368.267	231.178
14.493	116.541	276.128	367.863	231.298
14.503	116.541	367.099	276.000	231.165
14.513	115.202	365.745	231.592	275.825
14.523	115.455	369.183	231.659	409.351
14.533	115.482	366.421	408.595	231.258
14.543	115.202	366.104	410.535	231.673
14.553	115.202	365.745	407.275	230.818
14.563	115.202	365.745	410.535	230.924
14.573	115.202	365.745	409.729	231.218
14.583	115.202	365.745	275.173	410.440
14.593	115.202	365.977	275.252	231.071
14.603	115.109	366.464	276.623	230.991
14.613	115.202	359.773	275.379	231.472
14.623	115.222	364.880	276.016	230.405
14.633	115.716	366.718	275.507	734.580
14.643	115.202	368.438	275.045	734.920
14.653	115.202	369.994	275.570	737.258
14.663	114.844	369.994	275.682	737.258
14.673	115.202	273.999	368.800	734.962
14.683	115.202	275.109	369.994	731.532
14.693	115.202	275.729	366.316	734.920
14.703	276.671	115.202	364.080	122.462
14.713	277.744	115.202	367.545	122.540
14.723	277.279	113.879	369.994	122.053
14.733	276.959	113.879	368.012	122.053
14.743	277.952	113.879	122.053	368.076
14.753	277.183	113.879	122.053	618.599
14.763	275.077	114.990	125.818	614.255
14.773	273.999	117.155	305.729	123.008
14.783	113.879	274.601	306.206	610.646
14.793	304.021	117.895	275.857
14.803	304.021	115.415	275.729
14.813	304.021	184.997	115.536
14.823	305.094	183.624	92.173
14.833	307.553	92.600	183.613
14.843	311.127	91.982	183.571
14.853	311.127	91.918	182.872
14.863	311.127	92.499	183.401
14.873	314.742	91.849	1255.193
14.883	310.373	92.499	1252.730
14.893	307.553	91.436	1252.224
14.903	307.553	90.110	1249.261
14.913	91.436	307.553	87.985
14.923	91.436	307.358	88.041
14.933	92.253	303.915	89.348
14.943	92.035	308.443	88.046
14.953	92.205	311.127	86.304
14.963	93.573	308.407	88.322
14.973	92.499	308.407	322.099
14.983	91.436	308.479	325.841
14.993	94.661	307.553	325.033
15.003	90.386	311.127	326.576
15.013	91.436	308.639	1236.483
15.023	91.436	307.553	1246.666
15.033	91.436	311.127	1210.687
15.043	91.436	308.407	1247.747
15.053	90.925	307.553	1234.057
15.063	91.436	307.553	1232.917
15.073	90.146	307.553	1232.062
15.083	91.436	307.553	1227.233
15.093	91.178	307.553	1226.878
15.103	90.480	307.553	1230.498
15.113	90.402	308.603	1230.071
15.123	90.386	307.553	620.244
15.133	91.515	311.127	620.567
15.143	91.436	311.127	620.818
15.153	90.386	311.127	621.069
15.163	90.386	309.085	623.729
15.173	91.309	309.067	625.389
15.183	91.115	309.014	96.873
15.193	90.297	304.021	96.627
15.203	90.297	311.127	86.304
15.213	90.386	308.996	87.853
15.223	90.386	87.991	308.960
15.233	94.661	89.348	613.581
15.243	90.386	88.158	612.695
15.253	93.573	88.322	608.042
15.263	93.573	610.364	88.250
15.273	93.573	611.458	233.082
15.283	91.120	611.635	233.082
15.293	91.791	611.741	233.082
15.303	91.436	611.140	233.082
15.313	90.219	612.802	233.082
15.323	90.417	233.082	612.129
15.333	90.868	233.082	613.510
15.343	91.315	233.082	612.660
15.353	91.357	233.082	614.645
15.363	91.283	233.082	611.317
15.373	90.386	233.082	609.695
15.383	90.815	233.082	612.660
15.393	91.436	233.082	612.979
15.403	90.459	233.082	464.605
15.413	90.815	466.164	233.082
15.423	90.073	455.517	700.477
15.433	90.443	466.164	699.022	615.960
15.443	90.611	466.164	698.456	613.439
15.453	90.386	465.195	699.183
15.463	466.164	91.436	698.456
15.473	466.164	91.067	698.456
15.483	466.164	698.456	91.489
15.493	467.485	698.456	91.309
15.503	466.218	702.381	93.573
15.513	468.269	699.910
15.523	466.164	698.618
15.533	466.164	699.385
15.543	466.676
15.553	466.730
15.563	466.757
15.573	466.783
15.583
15.593
15.603
15.613
15.623
15.633
15.643
15.653
15.663
15.673
15.683
15.693
15.703
15.713
15.723
15.733
15.743
15.753
15.763
15.773
15.783
15.793
15.803
15.813
15.823
15.833
15.843
15.853
15.863
15.873
15.883
15.893
15.903
15.913
15.923
15.933
15.943
15.953
15.963
15.973
