0.023
0.033
0.043
0.053
0.063
0.073
0.083
0.093
0.103
0.113
0.123
0.133
0.143
0.153
0.163
0.173
0.183
0.193
0.203
0.213
0.223
0.233
0.243
0.253
0.263
0.273
0.283
0.293
0.303
0.313
0.323
0.333
0.343
0.353
0.363
0.373
0.383
0.393
0.403
0.413
0.423
0.433
0.443
0.453
0.463
0.473
0.483
0.493
0.503
0.513
0.523
0.533
0.543
0.553
0.563
0.573
0.583
0.593
0.603
0.613
0.623
0.633
0.643
0.653
0.663
0.673
0.683	293.665
0.693	293.665
0.703	293.665
0.713	293.665
0.723	293.665
0.733	293.665
0.743	293.665
0.753	293.665
0.763	293.665
0.773	293.665
0.783	293.665
0.793	293.665
0.803
0.813
0.823
0.833
0.843
0.853
0.863
0.873
0.883
0.893
0.903
0.913
0.923
0.933
0.943
0.953
0.963
0.973
0.983
0.993
1.003
1.013
1.023
1.033
1.043
1.053
1.063
1.073
1.083
1.093
1.103
1.113
1.123
1.133
1.143
1.153
1.163
1.173
1.183
1.193
1.203
1.213
1.223
1.233
1.243
1.253
1.263
1.273
1.283
1.293
1.303
1.313
1.323
1.333
1.343
1.353
1.363
1.373
1.383
1.393
1.403
1.413
1.423
1.433
1.443
1.453
1.463
1.473
1.483
1.493
1.503	294.565
1.513	294.821
1.523	295.042
1.533	295.178
1.543	295.281
1.553	295.127	222.325
1.563	293.851	222.556
1.573	293.665	220.000
1.583	293.665	221.889
1.593	299.230	222.556	110.618
1.603	297.077	225.142	111.278
1.613	297.609	222.839	109.240
1.623	297.094	109.373	223.716
1.633	297.214	111.278	223.703
1.643	111.278	300.390	217.473
1.653	111.278	298.522	222.633
1.663	111.278	298.022	222.814
1.673	111.278	297.077	337.118
1.683	111.278	296.923	337.332
1.693	111.278	297.077	337.332
1.703	111.278	297.077	337.060
1.713	111.278	293.868	336.379
1.723	111.278	295.093
1.733	111.387	293.665
1.743	111.884	294.616
1.753	111.278	294.378
1.763	111.278	296.169
1.773	111.761	297.077
1.783	111.278
1.793	111.439
1.803	111.445
1.813	111.452
1.823
1.833
1.843
1.853
1.863
1.873	280.744
1.883	280.744
1.893	280.727
1.903	280.711
1.913	280.695	335.641
1.923	280.403	333.458
1.933	280.403	337.332
1.943	282.077	335.428	225.142
1.953	280.403	223.574	335.331
1.963	280.403	337.332	223.523
1.973	280.646	337.332	223.123
1.983	280.468	333.458	225.142
1.993	280.403	334.731	222.556
2.003	280.403	333.458	222.968
2.013	280.890	333.458	222.556
2.023	280.403	333.593	224.195
2.033	280.646	334.326	222.556
2.043	280.938	334.383	223.032
2.053	281.149	334.557
2.063	280.744	335.331
2.073	280.403	333.458
2.083	280.403	333.458
2.093	280.403	334.693
2.103	280.630	334.905
2.113	280.403	335.099
2.123	280.890	336.884
2.133	280.403	335.622
2.143	281.068	336.593
2.153	280.792	333.458
2.163	280.776	335.777
2.173	280.420	335.971
2.183	280.403	83.364
2.193	280.403	83.533
2.203	280.890	83.969
2.213	280.403	167.724
2.223	280.517	167.066
2.233	280.403	166.979
2.243	280.403	166.912
2.253	280.452	166.488
2.263	280.403	166.729
2.273	280.403	166.729
2.283	280.403	166.767
2.293	280.403	170.626
2.303	280.403	173.689	347.759
2.313	280.403	348.000	174.614
2.323	280.403	340.622	174.614
2.333	280.403	345.217	174.614
2.343	280.403	355.435	174.614
2.353	349.228	280.403	174.141
2.363	349.349	280.403	74.299
2.373	350.299	280.403	74.269
2.383	350.988	280.403	74.269
2.393	350.076	280.403	75.132
2.403	349.390	280.403	70.101
2.413	349.753	70.101	293.665
2.423	349.228	70.101	293.665
2.433	349.228	70.101	293.665
2.443	349.228	70.101
2.453	349.228	70.101
2.463	349.228	70.101
2.473	349.228	70.101
2.483	349.289
2.493	70.101
2.503	70.101
2.513	70.101
2.523	70.101
2.533
2.543
2.553
2.563
2.573
2.583
2.593
2.603
2.613
2.623
2.633
2.643
2.653
2.663
2.673
2.683
2.693	295.571
2.703	295.742
2.713	295.844
2.723	295.912
2.733	295.947
2.743	293.665
2.753	297.077	75.102
2.763	295.212	75.102
2.773	297.077	75.132
2.783	297.077	75.132
2.793	297.077	75.028
2.803	296.511	75.093
2.813	296.580
2.823	296.648
2.833	296.768
2.843	296.923
2.853	297.077
2.863	264.666
2.873	263.902
2.883	263.902
2.893
2.903
2.913
2.923
2.933
2.943
2.953
2.963
2.973
2.983
2.993
3.003
3.013
3.023
3.033
3.043
3.053	294.633
3.063	294.803
3.073	295.059
3.083	295.366
3.093	293.665
3.103	293.665	222.942
3.113	293.665	222.556
3.123	297.077	111.079
3.133	297.077	111.278
3.143	297.077	111.278
3.153	111.278	297.128	325.841
3.163	111.278	300.529	329.628
3.173	111.278	300.529	329.628
3.183	110.000	297.180	331.097
3.193	110.000	297.678	335.680
3.203	111.278	297.077	329.628
3.213	111.278	325.841	296.477
3.223	111.278	337.332	295.742
3.233	111.278	337.332	295.554
3.243	111.278	295.690	331.882
3.253	111.278	293.665	331.805
3.263	112.571	293.665	332.938
3.273	112.571	293.665	329.628
3.283	112.571	293.665	329.628
3.293	111.278	297.077	329.628
3.303	111.278	297.077	331.346
3.313	110.000	296.374	332.381
3.323	111.278	297.077	329.628
3.333	112.013	299.610	329.628
3.343	111.974	297.077	331.786
3.353	112.571	297.077	333.458
3.363	112.571	297.077	332.170
3.373	111.587	297.077	332.304
3.383	111.278	297.077	338.230
3.393	111.278	297.077	332.246
3.403	112.571	295.298	329.628
3.413	110.836	297.077	336.593
3.423	111.278	331.441	297.077
3.433	329.628	111.278	297.077
3.443	329.628	111.278	297.077
3.453	329.628	111.278	296.871
3.463	329.628	111.349	296.871
3.473	333.150	279.805	111.336
3.483	333.573	279.821	222.556
3.493	333.458	280.403	222.556
3.503	337.332	280.403	222.286
3.513	337.332	278.386	222.556
3.523	337.332	278.821	222.556
3.533	280.403	337.332	222.004
3.543	280.403	337.332	221.940
3.553	279.708	335.041	221.902
3.563	280.403	333.458	221.889
3.573	279.837	333.169	222.556
3.583	280.403	333.458	217.473
3.593	280.403	333.150	222.556
3.603	278.885	333.458	222.556
3.613	279.111	333.458	222.556
3.623	279.111	335.447	222.556
3.633	280.322	334.364	222.556
3.643	279.821	333.458	223.445
3.653	279.046	333.458	222.556
3.663	280.403	337.332	222.556
3.673	280.403	333.458	222.711
3.683	280.403	333.997	222.826
3.693	280.403	333.843	223.045
3.703	279.708	333.458	222.878
3.713	280.403	333.419	222.891
3.723	280.403	333.150	223.381
3.733	280.015	332.919	166.729
3.743	280.112	332.707	166.883
3.753	280.403	331.020	166.767
3.763	280.144	166.758	331.173
3.773	279.530	166.758	333.785
3.783	280.047	166.748	332.285
3.793	280.403	166.748	332.246
3.803	280.403	166.738	222.556
3.813	280.403	166.729	221.709
3.823	280.209	166.729	221.517
3.833	280.403	166.729	221.390
3.843	280.403	166.729	221.274
3.853	280.403	166.729	220.000
3.863	280.403	166.729	220.000
3.873	280.403	166.941	370.615
3.883	280.403	370.465	167.008
3.893	279.465	374.294	73.675
3.903	372.288	280.403	73.680
3.913	369.994	74.269	274.442
3.923	368.097	73.416	265.125
3.933	365.893	73.416	267.741
3.943	369.994	73.416	266.630
3.953	369.994	73.416	265.738
3.963	368.310	73.416	264.803
3.973	369.994	74.269	265.984
3.983	74.269	372.331	264.666
3.993	73.416	374.294	264.666
4.003	74.730	263.735	374.294
4.013	73.991	261.626	374.294
4.023	74.269	261.626	373.193
4.033	74.269	261.626	369.994
4.043	73.416	261.626	369.994
4.053	261.626	73.416	365.745
4.063	264.666	72.573	370.465
4.073	263.689	72.573	370.444
4.083	264.666	75.132	364.143
4.093	264.666	73.416	370.636
4.103	264.666	74.877	370.979
4.113	264.666	74.699	371.429
4.123	264.666	73.957	373.646
4.133	264.666	74.501	374.294
4.143	264.009	73.416	374.294
4.153	264.666	73.416
4.163	263.978	74.269
4.173	261.626	74.269
4.183	261.626	71.694
4.193	261.626	75.132
4.203	261.626	75.132
4.213	75.132	264.666
4.223	75.132	264.620
4.233	75.132	261.928
4.243	74.609
4.253	74.639
4.263	74.635
4.273	74.626
4.283	74.609
4.293	74.531
4.303	74.269
4.313	74.269	249.811
4.323	249.811	74.269
4.333	249.811	74.269
4.343	250.345	75.132
4.353	249.811	74.269
4.363	249.811	74.295
4.373	249.811	74.269
4.383	249.811	74.244
4.393	249.811	74.269	263.126
4.403	249.811	73.416	263.324
4.413	74.269	249.811	258.621
4.423	74.269	249.811	263.780
4.433	74.269	249.811	264.666
4.443	74.269	265.308	249.811
4.453	74.269	264.666	249.811
4.463	74.213	265.033	249.811
4.473	74.269	264.666	370.465
4.483	74.269	264.666	371.129
4.493	74.269	264.666	371.451
4.503	74.269	264.666	371.773
4.513	74.265	264.666	372.288
4.523	74.269	261.626	372.331
4.533	74.269	264.666	372.589
4.543	74.269	374.294	264.146
4.553	372.956	290.292	74.269
4.563	371.858	293.275	74.269
4.573	372.762	293.665	74.269
4.583	373.689	293.665	74.269
4.593	372.417	294.497	74.269
4.603	295.161	371.708	531.691
4.613	294.106	374.294	531.506
4.623	293.665	374.294	397.077
4.633	293.665	374.294	401.158
4.643	293.665	374.294
4.653	294.395	373.667
4.663	294.531	392.766
4.673	294.667	392.177
4.683	396.550	293.665	227.758
4.693	391.995	230.405	297.352
4.703	391.995	230.405	293.665
4.713	388.389	233.082	297.077
4.723	386.666	233.082	295.366
4.733	386.576	235.790	308.996
4.743	387.493	233.405	309.103
4.753	390.662	235.790	307.553
4.763	392.970	235.790	309.532
4.773	396.550	235.790	309.710
4.783	401.158	232.141	307.553
4.793	401.158	232.115	306.206
4.803	401.158	233.082	311.127
4.813	401.158	233.082	311.127
4.823	396.550	233.082	311.127
4.833	391.995	233.082	314.488
4.843	235.790	391.995	314.742
4.853	235.790	391.995	311.379
4.863	235.790	387.493	311.325
4.873	234.595	396.550	311.289
4.883	235.790	392.313	311.271
4.893	238.117	391.995	311.127
4.903	235.790	393.606	310.068
4.913	237.732	394.312	311.127
4.923	235.790	395.133	310.445
4.933	233.986	401.158	308.960
4.943	233.082	401.158	310.373
4.953	233.082	392.471	311.127
4.963	233.082	391.995	311.127
4.973	234.107	392.630	313.653
4.983	235.790	311.847	391.995
4.993	235.681	314.742	391.995
5.003	235.790	314.742	391.995
5.013	235.790	391.995	315.124
5.023	235.790	391.995	314.742
5.033	237.142	391.995	312.622
5.043	238.530	393.016	311.127
5.053	238.530	393.470	309.746
5.063	238.530	396.550	311.127
5.073	235.790	396.550	311.127
5.083	235.790	401.158	311.127
5.093	235.464	311.127	396.550
5.103	234.161	311.235	396.550
5.113	233.082	311.145	396.550
5.123	233.540	311.127	397.054
5.133	234.405	311.127	397.261
5.143	233.082	311.127	396.550
5.153	235.790	311.127
5.163	235.790	311.127
5.173	234.839	311.127
5.183	234.920	311.127
5.193	235.056
5.203	235.790
5.213	235.790
5.223	235.532
5.233	396.184
5.243	395.795
5.253	395.498
5.263	395.270
5.273	395.361
5.283	395.452
5.293	395.544
5.303	395.612	117.311
5.313	115.202	313.128
5.323	117.895	314.742
5.333	117.895	313.182
5.343	117.895	314.742
5.353	117.895	313.653
5.363	117.895	314.742
5.373	117.895	314.742
5.383	117.250	314.742
5.393	117.637	314.379
5.403	415.401	117.677
5.413	415.257	117.732
5.423	420.130	117.711
5.433	415.305	82.789
5.443	415.305	82.774
5.453	415.065	82.808	292.091
5.463	410.535	83.364	293.665
5.473	410.535	82.407	292.142
5.483	415.305	82.407	292.125
5.493	414.777	82.407	290.292
5.503	415.305	83.364	248.473
5.513	415.377	82.994	248.990
5.523	420.130	83.014	249.811
5.533	421.759	82.407	248.832
5.543	415.305	84.333	246.942
5.553	415.305	84.333	247.042
5.563	418.362	83.134	247.956
5.573	415.305	82.407	248.659
5.583	415.305	82.407	248.789
5.593	82.407	410.535	249.148
5.603	82.407	405.819	249.263
5.613	83.364	410.535	249.609
5.623	83.364	412.412	249.019
5.633	82.918	414.921	250.461
5.643	83.364	415.305	249.004
5.653	83.364	420.130	248.918
5.663	83.364	420.130	250.736
5.673	83.119	410.535	248.544
5.683	83.364	420.737	246.942
5.693	83.364	421.491	246.942
5.703	82.407	421.199	248.257
5.713	84.333	419.354	246.771
5.723	82.407	420.130	248.688
5.733	82.407	422.882	248.947
5.743	82.407	422.296	249.206
5.753	83.042	248.272	419.451
5.763	83.364	248.645	412.079
5.773	83.408	249.177	420.130
5.783	83.364	250.693	297.077
5.793	83.393	252.714	293.512
5.803	83.364	252.714	293.665
5.813	83.364	252.058	293.258
5.823	83.364	290.292	248.774
5.833	83.297	292.024	249.941
5.843	83.364	291.249	249.710
5.853	83.364	293.072	167.530
5.863	83.499	293.512	164.814
5.873	83.364	293.292	165.970
5.883	83.364	295.008	165.797	329.628
5.893	83.364	297.077	165.692	331.231
5.903	83.364	297.077	167.134	333.284
5.913	83.364	297.077	166.941	333.573
5.923	83.364	297.506	162.921	336.748
5.933	83.403	297.077	164.063	337.644
5.943	83.557	297.077	162.921	331.575
5.953	83.364	297.077	168.666	375.268
5.963	83.364	294.191	374.294	164.026
5.973	83.364	293.665	375.051	165.081
5.983	83.364	294.344	375.246
5.993	83.364	291.838	376.092
6.003	83.364	293.648	375.333
6.013	83.364	291.249	375.832
6.023	83.364	292.395	376.418
6.033	83.364	292.886	375.398
6.043	83.364	293.665	374.467
6.053	83.364	294.327	374.294
6.063	83.364	295.178	375.094
6.073	83.625	294.225	375.008
6.083	296.118	83.364	420.494
6.093	296.066	83.364	419.888
6.103	295.383	84.333	420.130
6.113	294.906	84.333	420.956
6.123	294.055	84.333	421.102
6.133	293.665	420.883	84.333
6.143	292.801	420.616	83.364
6.153	292.699	420.470	84.333
6.163	290.728	420.130	84.046
6.173	293.665	420.422	166.931
6.183	420.130	293.665	167.047
6.193	420.373	293.106	438.731
6.203	420.324	439.086	167.105
6.213	445.113	220.942	420.130
6.223	442.472	222.556	168.219
6.233	221.415	441.043	166.796
6.243	219.962	434.946	167.221
6.253	220.000	438.858	262.473
6.263	219.264	440.712	262.610
6.273	221.045	437.997	261.626
6.283	220.000	441.451	262.868
6.293	222.556	441.808	262.716	704.738
6.303	222.556	440.000	261.626	705.390
6.313	225.142	263.476	448.597	706.123
6.323	225.142	263.780	440.000	704.575
6.333	225.142	262.291	702.421	447.717
6.343	225.142	264.666	703.355	446.503
6.353	222.556	264.666	702.705	443.240
6.363	222.556	264.421	706.572	440.000
6.373	263.035	706.572	221.159	440.000
6.383	264.223	708.698	220.000	445.113
6.393	264.666	707.471	222.556	439.543
6.403	698.456	264.666	221.505	440.000
6.413	698.456	263.689	220.000	443.803
6.423	698.456	261.626	222.556	450.285
6.433	700.922	261.626	222.556	446.271
6.443	261.626	697.972	222.878	450.285
6.453	262.837	225.142	698.456	444.188
6.463	261.626	225.142	698.456	440.000
6.473	225.142	262.352	698.456	440.000
6.483	225.142	263.263	704.250	440.000
6.493	222.556	263.491	704.534
6.503	222.556	264.666	705.716
6.513	221.223	264.666	353.286
6.523	221.032	264.666	353.286
6.533	220.000	264.666	352.797
6.543	220.000	264.666	351.840
6.553	220.560	264.666	353.286
6.563	221.096	264.666	353.286
6.573	264.666	219.670	349.228
6.583	261.626	222.556	349.228
6.593	261.626	222.556	350.157
6.603	261.867	225.142	351.251
6.613	262.004	349.228	220.000
6.623	262.579	349.228	222.556
6.633	261.626	352.715	222.556
6.643	264.116	353.286	221.825
6.653	264.666	352.186	221.876
6.663	264.666	353.286	221.722
6.673	264.666	352.960	221.671
6.683	264.864	353.286	221.594
6.693	264.666	353.286	220.445
6.703	353.286	264.834	220.000
6.713	353.286	264.666	220.051
6.723	222.556	264.146	353.286
6.733	222.556	264.666	353.286
6.743	222.556	264.009	352.125
6.753	222.556	262.458	353.286
6.763	222.556	263.735	349.228
6.773	222.955	261.626	349.228
6.783	222.556	264.666	351.312
6.793	222.556	263.384	351.231
6.803	221.262	264.666	350.279
6.813	264.467	223.290	349.814
6.823	264.666	220.000	350.724
6.833	264.666	221.045	352.145
6.843	264.666	221.940	352.349
6.853	264.666	222.556	353.286
6.863	267.077	222.145	351.942
6.873	264.666	222.556	352.125
6.883	264.666	222.556	353.286
6.893	266.245	222.556
6.903	264.666	222.556
6.913	264.375	222.415
6.923	261.626	222.505
6.933	264.497	222.621
6.943	264.467	222.582
6.953	264.436	110.363
6.963	110.191	264.406
6.973	110.083	442.958
6.983	110.025	445.113
6.993	108.737	279.934
7.003	110.000	279.902
7.013	110.000	280.403
7.023	110.000	280.403
7.033	109.962	279.756	198.298
7.043	110.000	279.385	198.275
7.053	280.403	110.554	198.241
7.063	278.885	110.746	198.275
7.073	279.579	111.278	198.275
7.083	111.278	278.643	198.275
7.093	111.278	280.403	196.860
7.103	111.278	280.403	447.950
7.113	111.278	280.403	443.803
7.123	111.092	280.403	446.452
7.133	111.278	283.661	440.000
7.143	111.278	273.999	442.396
7.153	111.278	249.811	440.000
7.163	111.278	252.714	441.553
7.173	110.070	252.714	441.349
7.183	110.669	252.714	440.381
7.193	110.000	249.811	434.946
7.203	111.278	249.811	442.293
7.213	111.278	249.811	443.112
7.223	110.433	246.942	444.137
7.233	111.278	251.839	445.267
7.243	111.066	250.273	446.374
7.253	111.278	447.536	250.186
7.263	112.571	452.684	223.975
7.273	112.571	451.509	222.556
7.283	112.571	450.701
7.293	112.571	449.038
7.303	112.571	447.820
7.313	111.981	446.400
7.323	111.832	444.701
7.333	111.574	442.830
7.343	111.246	295.930
7.353	110.893	295.930
7.363	110.580	295.861
7.373	110.376	293.665
7.383	110.000	295.690
7.393	110.000	297.077
7.403	110.000	297.077	184.997
7.413	110.000	297.077	182.872
7.423	110.000	297.077	182.872
7.433	110.000	295.964	183.348
7.443	110.000	293.665	183.285
7.453	111.278	292.852	184.666
7.463	111.278	292.953	180.772
7.473	112.000	293.665	183.010
7.483	112.039	293.665	183.105
7.493	111.278	293.546	447.045
7.503	111.813	293.665	447.924
7.513	111.916	293.665	445.113
7.523	111.310	294.735	443.470
7.533	111.278	297.077	443.035
7.543	111.098	297.077	441.477
7.553	110.000	297.077	439.213
7.563	110.000	297.077	438.782
7.573	110.000	295.844	441.834
7.583	110.191	297.077	223.136
7.593	110.000	297.077	223.071
7.603	110.000	297.077	222.248
7.613	110.000	293.665	222.556
7.623	110.134	294.242	222.839
7.633	111.278	293.665	222.749
7.643	112.571	294.429	222.595
7.653	111.478	293.665
7.663	111.278	295.451	222.132
7.673	112.571	294.786	221.979
7.683	112.571	297.799	106.253
7.693	112.571	293.665	106.253
7.703	111.484	293.665	106.253
7.713	110.000	294.361	106.253
7.723	111.445	293.665	333.766
7.733	111.278	293.665	333.785
7.743	110.000	293.970	333.785
7.753	110.000	293.834	167.695
7.763	111.278	293.750	167.762	445.138
7.773	111.278	168.666	293.767	445.293
7.783	111.009	166.729	293.665	445.113
7.793	166.729	111.034	294.072	445.524
7.803	166.729	291.906	111.085	445.113
7.813	168.666	293.665	111.278	445.988
7.823	168.666	293.665	111.278	446.632
7.833	168.666	293.665	111.227	446.219
7.843	168.666	294.991	111.278	445.988
7.853	168.666	297.077	111.278	446.039
7.863	168.666	297.077	111.278	445.473
7.873	168.666	111.278	297.077	445.267
7.883	111.278	298.022	166.729	445.010
7.893	111.278	297.077	166.729	335.622
7.903	111.278	295.793	164.814	327.710
7.913	111.278	297.077	166.565	333.073
7.923	111.278	297.077	164.814	333.400
7.933	111.278	295.195	166.440	444.214
7.943	111.278	293.546	444.522	166.267
7.953	111.278	292.683	444.830	334.441
7.963	111.278	292.547	445.653	337.274
7.973	111.471	293.665	445.113	335.176
7.983	111.278	291.838	445.370	593.948
7.993	111.433	293.665	445.395	593.057
8.003	111.278	297.077	445.885	218.442
8.013	112.000	297.043	446.529	220.000
8.023	111.813	297.902	446.374
8.033	112.318	297.077	446.374
8.043	111.278	297.077	445.910
8.053	111.574	297.867	445.215
8.063	111.317	298.694	440.000
8.073	111.452	297.077	450.285
8.083	111.278	297.077	440.534
8.093	111.278	297.077	445.113
8.103	111.278	297.077	445.241	221.326
8.113	111.278	297.077	445.395	220.000
8.123	111.278	293.665	445.601	220.000
8.133	111.278	293.665	446.039	220.000
8.143	111.278	448.390	297.077	220.000
8.153	111.278	448.571	220.000	295.964
8.163	111.278	440.000	278.869	220.140
8.173	111.278	446.477	277.183	220.114
8.183	112.571	445.113	277.183	220.102
8.193	450.102	111.278	280.403	168.462
8.203	446.658	111.587	279.546	168.345
8.213	447.252	280.403	111.613	168.267
8.223	446.580	279.772	111.278	168.666
8.233	278.966	446.864	112.571	168.666
8.243	279.369	448.623	112.571	168.666
8.253	280.403	112.571	449.245	168.666
8.263	280.403	109.924	448.027	168.666
8.273	280.290	110.000	449.323	166.729
8.283	280.403	111.015	450.128	166.729
8.293	280.403	112.571	449.557	166.729
8.303	279.127	112.571	449.038	899.373
8.313	112.571	280.047	449.167	898.283
8.323	112.571	280.209	449.297	897.920
8.333	112.571	279.385	448.856	898.231
8.343	112.571	278.434	449.323	898.283
8.353	112.571	277.888	449.323	897.246
8.363	112.571	278.660	449.401	898.491
8.373	112.363	278.869	449.142	898.543
8.383	112.571	278.821	449.998	899.373
8.393	112.571	278.386	449.895	898.750
8.403	112.571	278.595	449.375	898.802
8.413	112.571	278.434	449.479	898.802
8.423	112.571	280.403	448.675	899.166
8.433	112.571	280.403	446.993	898.491
8.443	112.571	280.403	448.778	899.114
8.453	112.571	280.403	449.401	898.024
8.463	112.571	280.403	448.597	552.798
8.473	112.571	280.403	448.079	552.383
8.483	112.409	280.403	449.297	554.365
8.493	280.403	112.571	447.484	554.365
8.503	280.403	112.571	447.071	547.998
8.513	280.403	112.474	446.761	547.239
8.523	280.209	111.729	450.285	550.631
8.533	280.403	112.571	445.113	550.600
8.543	278.386	445.113	112.571	550.568
8.553	280.403	442.881	112.571	550.536
8.563	280.403	441.936	112.000	550.472
8.573	280.403	440.000	112.571	296.100
8.583	280.403	450.285	111.955	295.981
8.593	448.053	280.403	110.000	295.844
8.603	448.312	280.225	111.787	295.776
8.613	449.116	273.999	297.077	111.735
8.623	449.921	273.999	297.077	111.690
8.633	447.820	297.077	273.999	592.920
8.643	293.665	450.259	589.062	276.943
8.653	293.665	449.349	588.008	1176.628
8.663	293.665	445.113	591.620	1185.497
8.673	297.077	150.264	587.330	448.442
8.683	293.665	150.264	573.915	1179.759
8.693	297.077	150.264	588.858	1183.855
8.703	297.077	150.264	589.403	1183.376
8.713	297.077	150.264	590.084	1198.926
8.723	297.077	150.264	590.664	1174.659
8.733	293.665	148.538	603.110	449.012
8.743	300.772	148.538	587.330	449.142
8.753	295.981	148.538	601.058	449.349	1174.659
8.763	300.529	148.538	587.330	449.531
8.773	297.077	148.307	587.330	450.285
8.783	300.529	148.187	587.330	449.583
8.793	297.713	587.330	148.667	450.285
8.803	293.665	601.058	148.538	449.116
8.813	297.077	591.483	146.832	450.128
8.823	297.077	598.529	148.290	448.234
8.833	300.009	587.330	148.538	449.453
8.843	300.529	587.330	148.538	449.427
8.853	297.077	587.330	150.264	449.401
8.863	297.077	587.330	150.264	138.583
8.873	297.077	587.330	150.264	1181.669
8.883	297.077	601.058	148.960	885.047
8.893	297.077	598.079	149.011	885.660
8.903	300.529	587.330	148.538	886.428
8.913	293.665	601.058	148.538	869.892
8.923	293.665	601.058	148.538	888.478
8.933	300.529	587.330	148.538	889.968
8.943	300.529	587.330	148.538	893.987
8.953	300.529	148.538	587.330	893.832
8.963	298.160	148.538	587.330	900.569
8.973	297.077	150.264	592.133	893.161
8.983	297.077	149.175	592.133	220.879
8.993	297.077	149.244	598.840	222.556
9.003	300.529	148.538	592.577	225.142	894.607
9.013	297.077	150.264	587.330	220.000
9.023	297.077	150.264	593.160	1179.691
9.033	297.077	149.779	597.009	1177.648
9.043	297.077	150.264	598.909	1161.167
9.053	297.077	149.097	587.330	1179.895
9.063	297.077	146.832	596.768	1202.115
9.073	297.077	150.264	587.330	1181.464
9.083	293.665	149.166	601.058	1181.600
9.093	298.074	146.951	596.113	529.820
9.103	297.489	147.419	596.630	529.698
9.113	298.246	601.058	148.659	529.331
9.123	298.281	597.458	528.567	150.264
9.133	297.799	529.331	597.009	148.538
9.143	297.764	531.169	601.058	148.504
9.153	297.403	532.244	601.058	148.521
9.163	297.730	529.973	598.183	148.538
9.173	298.263	529.331	587.330	150.264
9.183	298.315	529.331	146.832	601.058
9.193	297.077	523.251	148.676	601.058
9.203	297.077	146.832	531.906	598.252
9.213	297.077	148.805	529.331	601.058
9.223	298.781	148.538	456.834	529.545
9.233	298.798	148.538	455.517	598.494
9.243	297.850	150.865	460.304	594.154
9.253	300.529	148.667	466.164	598.805
9.263	297.695	150.586	473.956	599.186
9.273	297.730	150.264	475.657	599.290
9.283	300.529	148.538	477.060	599.117
9.293	300.529	148.538	477.060	602.448
9.303	297.352	149.175	470.356	602.065
9.313	298.332	149.123	470.655	601.058
9.323	298.177	150.264	467.917	595.288
9.333	300.529	148.538	597.838	467.782
9.343	300.529	148.538	597.492	471.471
9.353	297.077	149.123	597.044	445.164
9.363	298.074	148.538	587.330	445.627
9.373	298.350	148.538	601.058	440.585	670.624
9.383	299.005	148.538	440.000	596.734	670.120
9.393	298.608	148.538	450.389	674.664	596.837
9.403	297.077	450.285	148.659	671.205	597.044
9.413	298.574	447.252	670.856	225.142	597.423
9.423	300.529	447.407	225.142	672.175	597.044
9.433	299.091	223.161	451.144	667.532	596.320
9.443	299.524	223.432	450.285	664.762	596.975
9.453	298.401	222.556	450.285	662.156
9.463	299.403	221.390	445.113	659.255
9.473	298.556	220.000	445.113	666.607
9.483	298.401	220.000	666.761	601.058
9.493	300.529	220.000	661.811	599.775
9.503	297.953	222.556	664.224	601.058
9.513	297.077	222.556	674.664	601.058
9.523	297.077	222.556	674.664	596.630
9.533	297.077	222.646	668.728	600.294
9.543	298.126	225.142	669.076	600.364
9.553	298.022	225.142	669.656	600.398
9.563	297.077	225.142	666.915	601.058
9.573	298.315	222.556	673.380	599.948
9.583	297.077	225.142	659.674	601.058
9.593	298.539	220.000	674.664	601.058
9.603	299.247	220.000	674.664	601.058
9.613	298.884	220.000	670.740	598.874
9.623	299.022	220.000	670.585	601.058
9.633	298.057	220.000	666.915	597.699
9.643	298.798	223.561	674.664	598.045
9.653	298.902	222.556	674.664	587.330
9.663	298.988	222.826	674.664	597.699
9.673	298.074	222.556	676.186	598.218	443.829
9.683	297.077	225.142	659.255	599.186	443.624
9.693	297.077	225.142	666.492	598.287	440.000
9.703	297.077	225.142	659.255	445.807	599.878
9.713	297.077	224.286	666.607	440.000	601.058
9.723	297.077	225.142	666.915	440.000	597.768
9.733	297.077	225.207	443.316	659.255	597.734
9.743	297.541	222.556	448.286	663.496	110.000
9.753	297.077	447.381	217.473	658.684	112.942
9.763	297.077	443.598	220.000	656.709	112.571
9.773	443.547	300.529	220.000	664.762	567.880
9.783	438.883	297.077	665.953	567.323	221.594
9.793	439.746	298.315	672.641	567.323	189.321
9.803	442.677	297.077	567.946	667.455	189.321
9.813	450.285	568.701	297.369	667.609	189.321
9.823	445.576	568.734	667.609	297.231	189.321
9.833	445.395	568.537	676.342	188.884	297.060
9.843	674.664	567.487	446.323	188.994	296.871
9.853	674.664	567.323	446.916	188.939	300.668
9.863	666.915	567.880	448.908	188.884	290.292
9.873	659.255	567.552	451.170	189.321	295.981
9.883	659.255	567.487	447.872	189.321	176.144
9.893	658.570	567.388	447.976	188.557	176.623
9.903	655.837	567.323	446.813	188.438	176.929
9.913	659.065	566.570	450.285	189.321	176.643
9.923	667.995	567.323	445.370	189.321	177.574
9.933	664.992	566.406	448.157	189.321	178.696
9.943	567.061	672.563	445.113	189.321	177.820
9.953	567.323	665.453	447.769	188.187	178.696
9.963	674.664	567.323	452.422	188.296	177.779
9.973	674.664	567.323	447.665	189.321	177.728
9.983	674.664	567.323	445.113	189.321	178.696
9.993	665.799	450.285	567.585	188.645	177.523
10.003	661.467	445.113	567.323	189.321	337.332
10.013	660.704	445.113	567.388	189.321	336.165
10.023	661.085	450.285	567.323	188.994	335.932
10.033	666.915	447.743	567.323	189.146	337.332
10.043	661.697	445.910	567.323	189.321	335.428
10.053	661.811	567.257	447.820	335.176	189.321
10.063	567.323	664.800	452.187	166.267	333.458
10.073	567.323	664.877	166.729	447.846
10.083	567.192	166.729	665.107	445.164
10.093	567.323	166.729	665.491	334.403
10.103	167.240	567.323	665.914	329.628
10.113	165.262	565.883	674.664	333.458
10.123	164.814	567.323	666.915	333.612
10.133	164.814	567.323	666.915	333.419
10.143	164.814	567.323	663.534	703.558
10.153	165.558	567.192	665.645	703.315
10.163	166.729	567.323	704.819	176.012
10.173	166.729	567.323	178.696	706.164
10.183	168.666	176.643	704.901	567.323
10.193	174.614	701.975	166.200	280.403
10.203	174.614	700.274	166.171	298.643
10.213	703.477	174.614	300.529	166.171
10.223	696.000	174.614	300.529	283.661
10.233	704.128	300.529	174.614	283.154	595.632
10.243	701.327	298.384	178.696	595.700	283.661
10.253	704.128	297.077	176.643	595.219	283.236
10.263	295.964	707.634	176.205	594.154	666.915
10.273	297.919	710.871	176.296	594.738	166.729
10.283	297.077	712.844	590.698	176.470	164.814
10.293	295.059	706.572	593.845	177.913	197.418
10.303	706.572	297.077	591.312	176.817	195.998
10.313	707.920	296.923	594.120	176.786	198.275
10.323	696.965	300.529	594.532	198.275	176.663
10.333	698.456	300.529	597.320	176.470	197.612
10.343	693.792	300.529	596.561	176.643	197.623
10.353	698.981	298.057	601.718	176.062	283.661
10.363	701.570	297.799	595.425	175.930	283.661
10.373	704.616	297.077	578.575	283.661	175.818
10.383	698.456	297.386	596.045	283.661
10.393	702.908	297.077	601.058	283.661
10.403	706.572	296.768	601.058	283.661
10.413	297.077	704.128	283.661	176.643
10.423	297.077	707.838	283.661	175.890
10.433	293.665	707.471	283.661	166.681
10.443	293.665	707.430	166.056	283.661	175.818
10.453	297.077	706.491	166.729	283.661	175.798
10.463	297.077	166.181	706.572	283.661	175.798
10.473	293.665	166.037	706.450	175.788	283.661
10.483	296.237	166.729	176.643	706.327	283.661
10.493	297.077	166.729	177.093	706.042	283.661
10.503	297.214	164.814	174.614	707.185	283.661
10.513	300.529	164.814	175.545	707.103
10.523	296.700	164.814	172.609	706.572
10.533	296.803	164.044	175.463	704.738
10.543	296.665	164.814	176.643	704.372
10.553	300.529	164.395	176.643	694.514
10.563	300.529	175.119	164.234	594.978
10.573	297.403	175.352	602.100	162.921
10.583	297.077	587.330	175.281	161.049
10.593	293.665	594.154	176.643	166.729
10.603	293.665	594.154	174.221	351.921
10.613	293.665	594.154	174.614	353.286
10.623	293.665	594.635	174.614	353.286
10.633	293.665	595.288	353.286	174.988
10.643	587.330	298.677	353.286	174.897
10.653	587.330	298.401	351.556	176.643
10.663	596.251	296.272	349.228	172.609
10.673	601.058	293.665	530.218	348.261
10.683	595.288	296.306	532.090	146.832	351.048
10.693	597.941	296.494	530.218	148.538	220.000
10.703	298.143	600.156	530.525	148.281	219.822
10.713	529.178	298.263	595.735	148.350	218.531
10.723	529.484	300.529	595.425	148.538	219.454
10.733	530.004	297.077	601.058	148.444	219.277
10.743	529.331	290.292	148.839	597.872	219.087
10.753	529.331	298.108	148.538	594.223	706.572
10.763	526.617	296.083	148.538	587.330	706.572
10.773	528.445	293.665	148.538	593.434
10.783	296.100	529.331	587.330	148.538
10.793	296.135	587.330	531.691	148.538
10.803	293.665	593.742	535.482	148.538
10.813	297.077	587.330	530.739	148.556
10.823	297.077	598.183	471.580	530.923
10.833	297.077	599.497	477.060	531.169
10.843	297.077	601.996	475.272	531.414
10.853	297.077	601.648	475.519	531.721
10.863	298.229	596.355	475.766	235.790
10.873	297.077	596.251	477.060	235.790
10.883	297.180	594.154	477.060	235.790
10.893	293.665	596.596	477.060	235.790
10.903	297.283	594.154	477.060	235.790
10.913	300.529	594.772	474.668	235.790	608.042
10.923	300.529	596.389	476.592	436.784	235.790
10.933	297.077	593.639	437.365	477.060	220.879
10.943	297.077	434.946	593.228	220.866	476.564
10.953	297.077	431.642	217.473	590.152	666.107
10.963	293.665	434.946	222.556	590.016	674.664
10.973	296.785	434.946	220.318	587.330	671.011
10.983	295.673	223.084	442.805	659.255	593.811
10.993	297.077	222.556	446.968	659.255	594.497
11.003	297.077	222.556	440.000	659.255	595.288
11.013	220.000	297.077	447.303	666.107	597.907
11.023	218.897	297.369	444.085	604.365	666.530
11.033	220.000	296.546	440.763	597.078	667.031
11.043	222.055	297.077	440.000	597.147	674.664
11.053	219.252	296.717	440.967	594.154	671.826
11.063	222.556	293.665	438.351	597.078	682.504
11.073	220.000	296.631	434.946	602.657	682.504
11.083	222.556	299.558	440.000	596.148	682.504
11.093	218.758	298.005	440.000	595.563	682.504
11.103	222.556	297.283	601.058	441.961	662.576
11.113	217.473	296.871	591.312	442.523	664.646
11.123	220.000	296.820	589.811	662.041	448.986
11.133	225.142	655.685	293.665	591.517	443.829
11.143	225.142	655.799	593.914	293.665	445.113
11.153	218.379	659.255	587.330	444.984	295.759
11.163	222.556	658.418	596.734	443.035	295.622
11.173	222.556	659.255	595.150	450.285	198.275
11.183	225.142	666.915	595.735	445.910	198.275
11.193	222.556	674.664	594.154	198.757	445.859
11.203	220.000	674.664	596.802	198.275	444.214
11.213	223.290	664.646	601.058	198.275	445.730
11.223	222.556	663.227	601.058	198.275	450.285
11.233	225.142	659.255	597.665	200.579	443.547
11.243	659.255	225.142	598.459	445.704	200.579
11.253	666.915	225.142	601.058	440.000	199.286
11.263	666.915	225.142	601.058	445.833	164.814
11.273	655.913	225.142	593.160	445.782	162.639
11.283	655.117	225.142	445.807	593.228	161.049
11.293	655.647	449.401	218.922	597.389	164.443
11.303	656.178	448.649	214.975	166.729	597.182
11.313	659.255	447.846	221.902	560.807	166.729
11.323	665.838	445.113	559.933	165.195	221.633
11.333	674.664	445.113	557.416	184.997	200.509
11.343	445.138	672.408	556.643	184.997	200.579
11.353	445.601	674.664	556.643	200.579	184.997
11.363	434.946	664.800	552.288	200.452	185.051
11.373	446.555	674.664	551.268	200.579
11.383	445.113	552.065	664.071	200.579
11.393	448.260	554.205	659.255	186.090
11.403	445.113	558.415	659.255	186.338
11.413	450.285	560.807	655.610	186.510
11.423	450.285	567.323	655.004	187.147
11.433	445.113	567.323	656.595	189.321
11.443	445.113	554.365	659.979	189.321
11.453	567.323	447.148	663.112	186.349
11.463	547.998	445.113	666.915	189.321
11.473	187.147	567.323	674.664	445.113
11.483	187.147	558.641	674.664	446.400
11.493	187.147	557.029	674.664	445.113
11.503	184.997	567.323	674.664	445.190	166.652
11.513	184.997	559.448	667.339	440.000	166.729
11.523	560.807	664.800	183.126	444.727	166.787
11.533	560.807	662.998	448.079	183.497	166.835
11.543	554.365	661.773	445.113	182.872	166.931
11.553	551.555	662.576	445.113	184.997	166.989
11.563	554.365	664.608	445.524	184.347	168.666
11.573	560.321	666.261	440.000	166.729	184.304
11.583	560.807	664.416	166.729	450.285	184.315
11.593	560.807	668.304	166.729	450.285	333.438
11.603	560.807	164.814	663.879	333.458	446.374
11.613	560.807	166.893	659.255	333.458
11.623	559.383	166.922	335.002	662.959
11.633	554.942	168.666	333.458	663.841
11.643	560.807	166.729	333.650	655.610
11.653	560.807	166.729	329.628	674.664
11.663	560.807	166.729	337.332	445.344
11.673	559.739	166.729	329.628	445.395
11.683	167.501	561.098	334.190	445.113
11.693	166.729	560.807	443.240	337.917
11.703	168.394	557.351	445.859	748.068
11.713	164.814	567.323	445.113	751.099
11.723	166.729	443.240	567.323	751.099
11.733	444.650	164.814	750.405	563.795
11.743	448.053	748.414	164.814	529.331	563.046
11.753	449.453	746.040	165.692	532.982	563.307
11.763	449.765	743.932	530.218	165.529	563.599
11.773	449.687	741.829	535.482	164.814	184.645
11.783	448.675	740.331	533.044	165.281	184.997
11.793	448.105	739.818	535.482	165.243	184.997
11.803	447.536	739.305	535.327	165.233	184.741
11.813	447.200	739.562	535.141	177.062	164.282
11.823	447.536	739.989	533.259	176.643	184.752
11.833	448.571	743.502	533.660	176.796	180.772
11.843	449.453	747.248	532.151	176.735	184.997
11.853	449.895	752.011	530.801	176.643	165.529
11.863	449.973	757.285	533.198	176.684	165.577
11.873	449.531	757.285	533.999	176.653	168.666
11.883	448.778	757.154	533.044	176.643	165.472
11.893	448.416	755.887	531.598	174.614	165.310
11.903	447.820	748.587	534.277	176.643	162.921
11.913	447.123	739.989	533.691	176.796	164.814
11.923	446.658	739.989	532.674	176.888	165.004
11.933	445.962	733.393	533.290	178.737	297.077
11.943	736.790	445.833	532.551	176.643	297.816
11.953	738.366	446.916	531.936	176.643	297.919
11.963	739.562	447.278	533.290	178.696	299.299
11.973	742.944	447.355	532.674	176.643
11.983	748.587	447.278	532.182	176.643
11.993	757.285	447.588	529.331	177.082
12.003	757.285	447.924	532.182	176.643
12.013	739.989	448.571	529.637	176.990
12.023	757.285	448.519	529.331	176.929	183.634
12.033	757.285	447.588	535.482	176.643	183.137
12.043	756.236	448.079	534.771	176.358	163.364
12.053	739.989	448.312	529.331	163.571	176.042
12.063	739.006	447.717	538.117	163.836	176.643
12.073	739.989	445.113	533.536	163.392	175.372
12.083	734.835	446.761	532.797	161.049	300.529
12.093	739.989	447.355	533.444	162.921	297.334
12.103	739.989	447.019	165.300	532.767	504.319
12.113	739.989	447.278	164.814	525.462	504.261
12.123	748.457	446.632	162.921	531.875	505.427
12.133	757.285	445.113	168.666	504.115	531.629
12.143	757.285	168.666	446.606	503.766	531.384
12.153	757.285	168.666	446.916	506.655	531.046
12.163	757.285	168.666	446.348	507.182	1475.113
12.173	757.285	168.666	446.116	493.883	206.242
12.183	756.324	446.245	168.666	503.271	206.218
12.193	739.989	446.142	168.666	505.427	207.652
12.203	743.631	446.813	168.666	505.427	206.063
12.213	739.989	446.658	501.443	168.666	205.956
12.223	734.071	445.859	500.113	168.666	202.910
12.233	739.989	445.576	503.126	168.666	207.652
12.243	743.030	440.000	505.427	168.666	529.331
12.253	745.696	447.045	505.427	533.567	168.666
12.263	748.587	447.071	505.427	533.783	189.321
12.273	757.285	447.820	497.606	535.482	184.997
12.283	739.989	445.113	535.482	503.388	187.147
12.293	759.300	535.482	445.601	503.533	148.538
12.303	761.100	535.482	445.576	505.427	148.538
12.313	760.617	535.482	445.576	503.010	148.538
12.323	757.285	529.331	445.756	504.173	167.520
12.333	748.587	529.331	445.447	504.319	168.666
12.343	739.989	535.482	444.599	504.494	168.666
12.353	739.989	537.651	444.933	504.931	164.814
12.363	736.577	528.811	445.885	505.427	166.729
12.373	736.875	508.649	446.013	505.106	297.283
12.383	745.480	526.161	296.683	445.988	505.427
12.393	739.989	296.546	446.477	525.037	505.427
12.403	745.825	297.077	446.606	537.682	505.194
12.413	748.587	297.077	446.839	522.225	505.223
12.423	747.507	301.154	446.864	511.300	505.223
12.433	748.587	297.077	148.581	505.427	450.285
12.443	754.055	297.077	148.607	505.194	200.024
12.453	753.098	297.077	150.264	200.035	504.552
12.463	752.576	293.665	148.538	199.943	465.384
12.473	752.880	148.538	296.785	199.827	466.379
12.483	755.538	148.538	199.723	296.631	466.164
12.493	200.579	748.933	148.110	467.890	296.460
12.503	200.579	466.164	748.068	148.538	206.802
12.513	200.579	471.580	747.032	146.832	207.425
12.523	200.579	469.650	210.065	800.141	739.989
12.533	199.931	471.580	785.396	208.494	739.989
12.543	197.692	472.371	793.100	210.065	296.049
12.553	195.998	471.580	793.100	210.065	297.077
12.563	198.275	470.655	780.918	210.065	293.665
12.573	198.275	468.973	781.008	209.556	294.667
12.583	198.275	471.580	776.734	207.652	296.597
12.593	198.791	471.172	779.070	209.677	296.854
12.603	195.998	468.431	786.576	210.065	297.111
12.613	198.275	471.580	787.122	210.065	298.194
12.623	198.275	471.580	787.577	210.065	620.424
12.633	200.579	471.553	791.224	622.254	209.774
12.643	198.275	471.580	802.316	626.220	209.786
12.653	200.579	468.404	788.897	627.089	314.742
12.663	200.579	466.164	783.991	627.959	314.742
12.673	199.770	470.900	789.398	628.830	314.016
12.683	195.998	469.244	793.100	632.473	314.016
12.693	793.100	195.998	466.972	633.167	313.925
12.703	786.395	200.579	466.164	632.400	313.671
12.713	782.136	198.172	468.891	313.436	631.633
12.723	774.986	198.126	468.918	313.291	632.108
12.733	779.565	198.275	468.431	314.742	632.619
12.743	802.316	195.998	470.247	314.742	1091.510
12.753	787.167	195.998	470.030	312.749	1091.447
12.763	195.998	470.574	789.079	311.127	1091.384
12.773	198.080	467.404	802.316	311.127	1088.802
12.783	200.579	469.460	791.499	311.127	1092.835
12.793	200.579	472.890	791.956	311.127	1093.087
12.803	200.579	468.675	783.991	314.742	1091.573
12.813	200.579	467.242	792.780	314.742	634.009
12.823	198.275	469.000	802.316	311.127	636.798
12.833	200.579	468.891	790.174	635.586	312.460
12.843	195.998	469.623	793.100	634.999	212.506
12.853	195.998	468.918	793.100	636.798	208.855
12.863	195.998	466.487	640.007	793.742	205.267
12.873	195.998	466.164	636.798	794.017	205.267
12.883	195.998	466.918	636.798	802.316	208.085
12.893	197.076	466.164	636.798	783.991	208.037
12.903	198.275	466.164	629.484	783.991	208.073
12.913	195.998	466.164	623.585	794.797	208.109
12.923	195.998	464.685	622.254	802.316	398.594
12.933	195.998	466.164	622.793	802.316	398.571
12.943	195.998	466.972	622.254	798.017	401.158
12.953	467.107	195.998	622.254	802.316	394.494
12.963	468.675	195.998	625.136	802.316	398.479
12.973	470.546	195.998	628.540	798.156	401.158
12.983	470.519	198.275	627.017	797.833	398.479
12.993	468.891	195.998	630.285	797.649	397.169
13.003	466.972	195.998	636.798	802.316	398.387
13.013	466.164	195.998	636.798	802.316	210.065
13.023	466.271	195.998	636.798	795.348	210.065
13.033	466.164	195.998	636.798	787.031	210.065
13.043	465.222	195.941	636.798	788.077	210.065
13.053	464.497	196.758	631.050	793.100	210.065
13.063	466.298	191.521	632.948	793.100	210.065
13.073	463.613	196.054	632.546	793.100	318.399
13.083	466.164	198.275	636.798	792.871	1592.719
13.093	467.917	195.998	623.189	792.826	1593.640
13.103	467.998	196.440	631.305	793.009	1593.916
13.113	466.460	195.998	631.195	793.421	1592.719
13.123	466.487	195.998	627.959	793.100	1592.076
13.133	466.703	198.275	627.524	794.522	1589.227
13.143	467.188	629.484	198.275	794.981	78.822
13.153	469.108	631.560	197.327	793.100	79.416
13.163	468.783	636.798	195.998	793.329	78.686
13.173	465.652	633.094	197.498	794.751	79.600
13.183	462.917	636.798	198.275	798.525	78.822
13.193	466.164	636.798	198.275	802.316	78.804
13.203	463.452	196.690	636.798	796.176	78.790
13.213	466.864	200.579	634.192	811.638	78.749
13.223	466.164	197.543	640.155	821.449	209.411
13.233	472.507	197.486	830.609	209.230	622.254
13.243	477.060	202.910	823.349	197.464	634.375
13.253	210.065	823.729	195.998	470.030	634.449
13.263	830.609	210.065	193.746	470.574	634.449
13.273	830.609	208.747	197.623	472.344	634.412
13.283	824.681	207.652	198.711	471.826	638.345
13.293	824.967	210.065	198.275	470.682	634.119
13.303	823.587	210.065	198.275	473.054	597.044
13.313	821.069	205.267	197.955	165.577	601.058
13.323	821.069	207.808	200.579	163.647	497.577
13.333	821.069	198.275	207.736	165.998	495.770
13.343	821.069	166.171	207.652	198.275	488.211
13.353	827.879	164.814	205.267	594.154	503.039
13.363	830.609	166.729	594.326	496.830	205.267
13.373	839.533	168.666	586.956	496.974	207.796
13.383	168.666	849.190	592.475	497.146	212.506
13.393	169.555	850.024	594.154	502.748	208.181
13.403	168.666	850.024	594.154	503.039	249.811
13.413	167.918	850.024	594.154	499.622	246.942
13.423	167.627	830.609	597.734	493.883	246.742
13.433	166.729	830.609	601.579	492.004	242.643
13.443	164.814	830.609	600.364	497.635	246.272
13.453	164.814	819.458	602.448	484.558	246.130
13.463	164.814	821.069	603.354	499.622	1214.188
13.473	164.814	821.069	603.911	499.622	1250.561
13.483	166.729	821.069	601.058	505.427	1250.200
13.493	166.729	840.261	601.058	499.478	994.924
13.503	167.259	837.886	505.427	601.058	198.275
13.513	168.666	849.239	499.449	597.251	197.795
13.523	168.666	850.024	502.719	596.320	197.555
13.533	168.910	850.024	503.504	595.356	197.475
13.543	166.729	850.024	505.427	587.330	197.441
13.553	166.729	850.024	493.883	587.330	197.418
13.563	165.749	842.156	493.883	594.154	195.998
13.573	168.666	850.024	493.883	587.330	198.275
13.583	164.814	840.261	495.255	594.154	1181.396
13.593	164.814	845.910	488.211	594.154	336.146
13.603	164.814	840.261	488.211	599.082	333.727
13.613	164.814	849.779	488.211	602.657	334.596
13.623	166.729	851.941	495.112	596.837	333.477
13.633	166.373	845.323	505.427	597.354	333.323
13.643	166.729	493.883	850.024	597.699	333.188
13.653	166.729	493.883	850.024	597.699	333.092
13.663	168.666	500.864	850.024	604.470	326.916
13.673	166.729	497.635	601.579	848.797	337.332
13.683	166.729	505.427	329.628	601.058	850.024
13.693	165.644	499.391	333.458	594.154	849.190
13.703	166.729	498.469	337.293	594.154	847.719
13.713	164.814	333.458	505.427	593.331	850.024
13.723	168.345	587.330	333.458	493.883	672.874
13.733	168.666	587.330	333.169	493.883	672.525
13.743	168.666	587.330	333.458	493.883	672.486
13.753	168.666	587.330	333.458	493.883	672.525
13.763	167.879	591.927	499.622	329.628	672.486
13.773	168.666	592.714	499.622	329.628	671.593
13.783	166.729	594.154	498.267	337.332	671.321
13.793	166.729	601.787	508.208	334.538	674.664
13.803	167.192	595.769	497.663	333.805
13.813	166.729	602.518	503.417	739.989
13.823	168.316	602.622	493.883	739.989
13.833	166.729	601.058	741.615	496.658
13.843	167.269	601.058	742.729	496.285
13.853	168.501	594.154	743.330	490.528
13.863	168.666	594.154	743.545	488.211
13.873	168.666	589.096	743.803	494.426
13.883	168.666	587.330	744.276	493.883
13.893	167.153	587.330	744.878	493.883
13.903	167.269	587.092	745.179	508.150
13.913	168.666	587.330	745.265	496.802
13.923	167.375	588.688	745.007	499.622	840.406
13.933	166.729	595.666	741.315	497.635	840.552
13.943	168.666	594.154	739.989	487.028	840.261
13.953	168.666	601.058	742.129	499.622	840.261
13.963	168.666	594.154	739.989	499.622	840.261
13.973	168.432	601.058	739.989	500.315	840.261
13.983	168.666	601.058	739.989	840.261	499.622
13.993	168.666	601.058	741.658	840.455	502.894
14.003	168.637	596.561	841.767	744.405	502.836
14.013	168.666	587.330	842.350	743.459	502.748
14.023	168.666	594.429	843.178	742.515	500.980
14.033	168.666	601.058	843.714	741.743	500.864
14.043	168.501	596.802	840.018	742.386	501.588
14.053	168.666	599.948	854.306	742.258	890.225
14.063	167.966	594.154	853.271	888.684	742.386
14.073	168.666	596.699	890.225	846.398	446.116
14.083	168.666	890.225	597.458	446.297	846.887
14.093	168.666	882.341	445.113	596.699	106.253
14.103	168.666	440.000	880.915	106.253	1421.905
14.113	168.666	449.427	106.253	879.390	109.550
14.123	168.666	449.869	106.253	111.568	869.892
14.133	168.423	112.201	106.253	447.174	869.892
14.143	112.571	168.394	106.038	448.830	869.892
14.153	112.571	105.996	166.729	448.390	707.593
14.163	111.845	106.253	447.303	168.666	713.709
14.173	111.278	106.253	447.743	168.666	714.782
14.183	111.387	106.253	447.458	168.394	715.732
14.193	111.652	105.033	447.484	168.666	714.411
14.203	111.852	445.113	105.033	715.732	168.413
14.213	111.942	446.452	105.623	714.576	168.384
14.223	111.278	447.148	105.033	716.063	533.506
14.233	111.278	447.588	106.253	533.228	714.782
14.243	110.000	448.079	105.489	536.224	218.910
14.253	108.737	447.071	532.459	105.428	874.325
14.263	108.737	450.285	534.277	105.033	881.628
14.273	112.747	450.285	533.259	884.689	177.400
14.283	112.571	445.113	531.783	869.892	176.643
14.293	112.571	445.113	528.415	885.456	177.205
14.303	110.000	448.856	527.256	887.094	177.123
14.313	447.820	108.523	527.652	176.643	888.478
14.323	445.113	108.737	532.213	176.643	897.246
14.333	434.946	111.278	530.341	177.123	900.569
14.343	434.946	110.000	535.482	177.154	889.917
14.353	442.932	536.472	109.613	176.643	889.608
14.363	443.880	537.620	109.423	178.696	900.569
14.373	445.576	533.752	107.488	177.297	885.353
14.383	446.968	533.691	176.643	887.043	107.488
14.393	447.717	535.636	885.763	176.643	110.000
14.403	440.000	533.352	876.854	178.696	102.634
14.413	449.038	536.224	880.000	177.564	101.995
14.423	535.482	440.000	882.800	177.625	101.925
14.433	533.259	450.285	879.086	101.455	177.687
14.443	530.310	444.599	880.000	222.608	101.831
14.453	527.804	444.522	222.556	101.795	886.889
14.463	526.982	444.419	222.556	101.455	708.902
14.473	527.043	222.556	443.855	101.455	713.009
14.483	529.331	222.556	442.702	101.455	713.297
14.493	222.556	535.482	434.946	714.782	102.634
14.503	222.556	533.475	444.933	714.039	101.778
14.513	222.556	523.251	447.665	712.597	98.458
14.523	222.556	531.875	448.882	714.700	98.612
14.533	222.556	532.428	449.843	96.873	717.678
14.543	222.556	532.951	98.777	446.735	718.217
14.553	222.608	537.030	99.138	445.113	715.154
14.563	222.556	536.410	99.138	447.795	455.306
14.573	99.138	536.131	222.556	448.493	455.306
14.583	100.289	536.162	222.556	452.475	455.411
14.593	99.138	535.482	223.316	449.609	455.438
14.603	99.138	534.061	222.556	455.438	713.957
14.613	99.246	530.127	222.685	455.517	713.792
14.623	99.138	529.331	222.685	713.586	455.517
14.633	99.138	529.331	709.722	222.556	448.157
14.643	98.812	529.331	714.782	450.285	222.685
14.653	95.761	529.331	447.123	713.792	890.225
14.663	529.331	96.873	446.580	713.874	261.293
14.673	529.331	98.231	446.116	261.716	716.725
14.683	535.482	99.138	254.604	447.174	714.163
14.693	532.305	99.138	258.621	439.365	94.661
14.703	538.304	261.626	99.138	445.061	93.013
14.713	536.503	264.666	445.113	98.084	92.986
14.723	267.741	533.013	445.138	97.999	92.895
14.733	266.707	523.251	446.735	97.784	92.809
14.743	267.741	537.030	448.105	97.603	89.142
14.753	264.055	535.141	444.522	89.348	97.463
14.763	266.938	533.567	444.342	89.239	97.350
14.773	261.626	440.000	533.475	89.348	666.492
14.783	261.626	445.113	534.956	663.956	88.992
14.793	264.177	666.261	442.472	95.761	880.254
14.803	261.626	880.610	666.915	88.322	97.513
14.813	264.666	890.225	661.391	96.873	90.386
14.823	880.000	264.039	660.322	93.277	97.993
14.833	880.102	264.055	644.198	94.661	98.260
14.843	879.339	264.666	658.304	93.779	99.138
14.853	878.629	264.666	93.953	661.009	100.411
14.863	878.629	264.666	94.077	565.066	100.289
14.873	880.000	94.661	264.406	567.323	98.960
14.883	882.137	94.661	566.439	265.033	657.240
14.893	883.974	94.661	567.323	265.017	657.088
14.903	890.225	94.393	554.365	265.063	222.865
14.913	890.225	94.661	567.323	265.017	222.801
14.923	94.661	884.893	566.635	264.971	222.556
14.933	94.661	893.367	565.295	268.469
14.943	94.175	884.842	224.324	264.482
14.953	92.499	884.689	222.556	264.070
14.963	885.149	94.661	221.773	264.666
14.973	880.000	94.322	223.729	267.741
14.983	880.000	94.344	222.120	255.650
14.993	883.872	220.000	94.661	261.127
15.003	880.000	260.389	221.697	94.661
15.013	880.000	259.668	221.556	511.625
15.023	883.412	263.232	221.479	512.868
15.033	885.865	258.621	222.556	512.276
15.043	257.741	890.225	221.543	511.300
15.053	255.650	220.000	885.251	445.113
15.063	255.650	220.000	445.113	892.439	514.321
15.073	445.113	255.650	220.000	886.582	525.310
15.083	435.701	222.286	255.650	886.991	514.262
15.093	450.285	220.000	255.650	887.299	513.965
15.103	445.730	225.142	255.650	882.494	513.639
15.113	447.071	225.142	256.138	888.068	511.300
15.123	447.820	225.142	255.650	880.000	512.927
15.133	448.338	225.142	256.671	888.838	512.601
15.143	448.286	223.290	257.220	511.300	899.062
15.153	448.493	223.355	257.830	511.300	899.321
15.163	448.753	225.142	258.411	511.300	880.000
15.173	448.778	220.000	258.964	511.300
15.183	448.442	220.000	255.650	889.505
15.193	449.687	223.161	258.621	591.654
15.203	445.113	225.142	591.517	264.681	888.222
15.213	223.226	448.364	587.330	260.690	887.043
15.223	223.303	592.338	450.285	267.741	885.865
15.233	225.142	594.154	448.364	893.780	86.874
15.243	222.556	594.154	883.412	448.286	87.307
15.253	594.154	222.556	882.545	86.304	448.209
15.263	591.449	220.000	885.302	88.322	448.079
15.273	590.357	225.142	879.593	352.084
15.283	587.330	225.142	876.449	352.654
15.293	225.142	587.330	878.020	358.052
15.303	225.168	584.217	880.000	447.355
15.313	225.142	587.330	880.814	446.864
15.323	222.556	587.330	883.055	446.735
15.333	222.556	587.330	446.142	880.865
15.343	222.556	589.948	450.285	880.915	1188.308
15.353	225.142	593.845	446.555	880.763	335.622
15.363	225.142	591.381	440.000	333.458	880.763
15.373	225.142	591.927	446.684	333.458	880.915
15.383	220.000	592.372	446.271	337.332	881.068
15.393	222.556	601.058	450.285	337.332	887.504
15.403	220.000	595.013	444.368	337.332	881.068
15.413	220.000	594.223	877.868	450.285	337.332
15.423	223.406	594.154	878.426	447.071	335.447
15.433	222.736	594.154	879.593	446.890	341.252
15.443	220.000	588.756	869.892	446.684	341.252
15.453	220.000	587.330	890.225	349.228	450.285
15.463	222.556	587.330	881.272	341.923	446.323
15.473	224.843	587.330	883.872	344.142	445.113
15.483	225.142	591.996	884.893	350.501	446.477
15.493	225.142	594.154	892.645	296.357	341.252
15.503	225.142	587.635	297.077	886.530	341.252
15.513	225.142	587.330	297.077	887.196	434.946
15.523	225.142	601.058	297.077	897.298	447.252
15.533	225.142	601.058	297.077	447.588	888.119
15.543	223.910	601.058	297.077	898.698	446.271
15.553	225.142	589.130	297.077	869.892	446.632
15.563	225.142	601.058	295.417	890.225	446.968
15.573	218.329	587.330	297.077	448.623	889.917
15.583	222.556	592.167	293.665	890.637	448.804
15.593	224.143	586.448	295.366	891.203	447.536
15.603	222.852	587.330	877.817	450.285	295.076
15.613	222.556	594.154	892.336	450.285	292.530
15.623	222.556	594.154	900.569	447.381	293.665
15.633	225.142	588.110	896.572	447.097	332.611
15.643	225.142	587.737	901.193	445.704	329.628
15.653	222.672	588.348	900.569	441.502	329.628
15.663	225.142	589.641	898.127	333.747	446.632
15.673	225.142	594.154	891.975	333.458	442.753
15.683	222.556	594.532	885.558	336.807	450.285
15.693	220.000	595.013	333.458	886.787	450.285
15.703	220.000	601.058	336.437	876.348	444.188
15.713	218.607	601.058	333.458	869.892	446.632
15.723	601.058	219.138	333.458	869.892	448.468
15.733	601.058	217.473	333.458	882.087	448.338
15.743	601.058	222.556	329.628	884.229	446.864
15.753	601.058	220.000	333.284	888.017	443.931
15.763	594.154	221.364	333.458	900.569	447.019
15.773	589.369	225.142	333.458	889.865	447.019
15.783	587.330	902.704	221.466	332.074	446.813
15.793	587.330	900.569	221.940	333.381	82.407
15.803	587.330	895.124	222.158	332.727	83.326
15.813	587.330	900.569	221.262	333.169	83.326
15.823	589.777	892.645	220.000	334.326	445.627
15.833	594.154	880.000	222.556	335.699	450.285
15.843	869.892	594.154	222.981	335.971	444.368
15.853	869.892	220.000	333.458	595.528	443.778
15.863	220.000	333.458	601.058	889.608	442.089
15.873	220.343	333.458	601.058	886.633	442.447
15.883	222.556	332.823	601.058	900.569	441.400
15.893	218.796	332.016	601.058	893.677	441.451
15.903	220.000	331.556	601.058	897.142	445.113
15.913	220.000	333.458	596.802	872.711	440.789
15.923	221.326	331.097	594.154	903.330	434.971
15.933	220.000	333.458	594.154	900.569	440.407
15.943	222.904	337.332	592.064	894.090
15.953	222.608	337.332	594.051	894.710
15.963	222.929	337.332	594.841	884.944
15.973	220.000	337.332	596.561	900.569
15.983	220.000	594.154	337.332	442.830
15.993	220.102	594.154	336.146	450.285
16.003	225.142	594.154	336.418	442.344
16.013	225.142	596.768	333.458	442.396	896.987
16.023	220.000	595.528	333.458	441.706	900.569
16.033	220.000	594.566	331.882	450.285	893.780
16.043	225.142	593.125	333.458	441.987	891.615
16.053	218.607	594.154	334.615	443.957	889.454
16.063	225.142	587.330	332.919	443.803	563.795
16.073	225.142	594.154	333.458	440.000	567.323
16.083	225.142	334.712	599.671	563.599	884.893
16.093	220.000	337.332	596.458	563.372	888.838
16.103	225.090	334.731	560.807	597.009	882.596
16.113	225.142	337.332	562.754	880.000	601.058
16.123	225.142	562.104	337.332	880.305	601.058
16.133	225.142	563.567	338.249	880.000	601.058
16.143	225.142	564.088	333.458	884.791	445.988
16.153	225.142	565.262	333.458	887.760	446.194
16.163	225.142	563.534	329.628	885.660	445.447
16.173	222.556	562.851	329.628	450.285	886.377
16.183	221.492	566.243	331.173	445.859	887.094
16.193	220.000	566.733	337.332	444.060	887.965
16.203	218.783	337.332	564.544	443.496	888.940
16.213	219.011	333.053	563.469	450.285	897.194
16.223	219.924	337.332	564.871	450.285	893.264
16.233	222.556	337.332	565.034	440.000	887.350
16.243	220.000	337.332	561.325	444.470	885.302
16.253	222.556	336.282	560.807	440.000	891.666
16.263	222.248	337.332	560.807	441.451	892.130
16.273	222.505	560.807	335.816	443.188	892.594
16.283	222.338	560.127	335.447	444.419	893.058
16.293	220.394	560.807	337.332	450.285	893.625
16.303	225.142	560.807	329.628	444.933	888.786
16.313	222.556	562.819	329.628	445.113	900.569
16.323	222.556	561.552	329.628	434.946	900.569
16.333	220.726	562.949	328.203	450.285	1188.308
16.343	220.891	564.512	329.076	450.285	1189.750
16.353	225.142	560.807	332.765	447.123	1184.881
16.363	225.142	560.807	333.920	442.421	1177.104
16.373	220.000	564.707	337.332	450.285	1184.197
16.383	222.556	565.066	337.332	450.285	1184.060
16.393	222.556	563.860	337.060	449.064	667.570
16.403	220.000	564.805	337.976	447.924	672.796
16.413	222.556	560.807	338.758	450.285	659.255
16.423	220.000	562.786	333.458	445.473	667.532
16.433	221.045	560.807	450.285	337.332	667.840
16.443	220.000	562.461	450.285	336.593	671.593
16.453	220.000	562.104	450.285	337.332	667.840
16.463	220.000	562.396	337.332	443.444	667.493
16.473	220.000	563.144	337.332	445.113	667.146
16.483	225.142	563.079	329.628	440.000
16.493	220.000	564.544	337.332	445.113
16.503	222.556	560.807	337.683	440.000
16.513	225.142	567.815	338.621	444.753
16.523	222.556	563.990	337.332
16.533	222.556	565.785	337.332
16.543	223.781	338.484	560.807
16.553	222.917	337.254
16.563	223.045	337.371
16.573	223.136
16.583	337.683
16.593	337.391
16.603	336.884
16.613
16.623
16.633
16.643
16.653
16.663
16.673	297.077
16.683	297.300
16.693	297.317
16.703	297.163
16.713	296.923
16.723	296.768
16.733	296.683	594.978
16.743	296.700	595.322
16.753	298.350	595.700
16.763	296.785	597.907
16.773	297.077	587.330	440.000
16.783	297.077	587.330	450.285
16.793	293.665	601.058	445.756
16.803	293.665	601.961	446.013
16.813	297.077	601.683	222.415	445.087
16.823	297.077	601.058	222.659	444.984
16.833	300.529	594.154	222.556	444.804
16.843	300.529	602.970	222.556	444.624
16.853	300.529	594.154	222.556	444.393
16.863	300.529	587.330	222.556	444.162
16.873	297.077	597.768	223.110	443.906
16.883	296.186	225.142	598.148	440.000
16.893	293.665	222.556	594.154	443.547
16.903	225.142	293.665	595.150
16.913	225.142	293.665	597.907
16.923	222.556	293.665	601.058
16.933	222.556	300.529	596.113
16.943	218.619	297.077	596.079
16.953	222.556	300.529
16.963	222.839	296.306
16.973	222.749	296.135
16.983	222.646	295.998
16.993	295.861	222.569
17.003	295.656	222.479
17.013	295.451	222.441
17.023	293.665	603.737
17.033	293.665	600.052	222.556
17.043	293.665	599.809	172.111
17.053	294.208	603.493	172.131
17.063	297.077	601.058	170.626
17.073	297.077	601.058	172.609
17.083	297.077	601.058	172.758
17.093	293.665	601.058
17.103	297.077	587.330
17.113	300.529	587.330
17.123	296.820	595.769
17.133	297.111
17.143	297.455
17.153	297.764
17.163	297.988
17.173	298.194
17.183	298.350
17.193	147.615
17.203	150.264	525.948
17.213	146.832	527.012
17.223	146.832	526.556
17.233	146.832	526.526
17.243	146.832	526.130
17.253	146.832	529.331
17.263	147.121	527.104
17.273	147.096	527.195
17.283	147.062	527.317
17.293	147.028	465.868
17.303	146.994	466.379
17.313	466.837	147.036
17.323	460.809	146.832
17.333	460.809	146.832
17.343	468.837	147.249
17.353	470.737	146.832
17.363	471.390	148.538
17.373	471.580	146.832
17.383	470.139	529.331
17.393	471.580	528.842
17.403	471.580	529.331
17.413	471.580	529.331
17.423	470.981	528.934
17.433	471.281	147.504
17.443	471.362
17.453	147.147
17.463	146.977	445.704
17.473	445.395	146.883
17.483	445.318	146.849
17.493	448.131	146.832
17.503	450.285	148.538
17.513	441.171	144.043
17.523	445.113	146.832	133.646
17.533	445.113	146.832	133.623
17.543	440.000	146.883	133.870
17.553	440.000	146.909	133.870
17.563	445.113	146.832	133.870
17.573	450.285	148.538	132.333
17.583	445.395	146.748	133.438
17.593	445.421	146.544	133.415
17.603	445.344	146.307	661.888
17.613	450.285	146.139	659.255
17.623	446.839	145.902	892.491
17.633	444.188	145.717	900.569
17.643	450.285	145.146	891.975
17.653	445.113	145.146	891.409
17.663	434.444	145.389	890.842
17.673	445.113	145.146	890.379
17.683	445.113	145.146	222.646
17.693	434.946	146.122	220.000
17.703	440.000	223.523	145.414
17.713	445.113	225.142
17.723	441.936	222.556
17.733	441.528	222.955
17.743	441.222	222.981
17.753	441.171	223.007
17.763	449.921	223.058
17.773	445.113	98.299
17.783	437.744	331.480
17.793	434.946	331.978
17.803	434.595	140.234
17.813	434.946	140.113
17.823	437.415	140.048	331.595
17.833	445.113	140.202	331.690
17.843	450.285	140.859	331.441
17.853	140.202	450.831	328.753
17.863	140.202	443.214	333.458
17.873	140.202	443.240	332.131
17.883	140.210	443.240	331.116
17.893	137.110	450.285	332.381
17.903	136.999	448.338	333.092
17.913	140.202	440.789	335.525
17.923	140.202	440.000	332.842
17.933	140.202	436.507	332.957
17.943	138.591	434.946	333.169
17.953	434.595	138.591	251.592
17.963	443.086	140.202	251.592
17.973	440.000	139.459	249.811
17.983	450.285	138.591	252.714
17.993	450.285	139.539	253.767
18.003	450.285	140.202	148.401
18.013	445.113	150.264	139.628
18.023	449.375	150.264	139.709
18.033	448.286	148.538	139.700
18.043	445.113	147.862	140.202
18.053	442.677	147.615	139.370
18.063	440.000	147.342	139.588
18.073	439.771	146.832	108.737
18.083	434.946	110.000	143.479
18.093	439.416	110.669	146.485
18.103	440.000	111.278	146.248
18.113	443.009	111.278
18.123	450.285	111.009
18.133	440.000	112.571
18.143	441.936	111.118
18.153	442.319	111.098
18.163	442.856	111.079
18.173	443.419
18.183	444.034
18.193	444.393
18.203	444.624
18.213	444.701
18.223	443.009
18.233	445.113
18.243	446.968
18.253	445.653
18.263	445.885
18.273	446.323
18.283	711.774
18.293	712.968	148.324
18.303	713.174	148.281
18.313	712.844	148.256
18.323	148.538	712.227
18.333	718.300	148.256
18.343	715.732	146.832	102.634
18.353	712.762	148.538	103.778
18.363	714.782	148.538	353.286
18.373	714.782	148.538	354.840
18.383	714.782	148.538	354.963
18.393	691.631	148.538	354.779	139.644
18.403	693.632	148.538	354.554	140.202
18.413	697.207	148.538	354.369	102.930
18.423	714.782	148.538	353.286	92.755
18.433	706.572	357.391	148.504	92.745
18.443	715.484	353.899	91.436	148.521
18.453	706.572	357.391	94.661	148.504
18.463	708.411	92.499	353.327	148.496
18.473	708.575	92.729	354.390	148.487
18.483	717.222	92.702	345.217	148.478
18.493	714.782	94.661	352.064	148.478
18.503	714.782	91.436	352.430	148.478
18.513	714.782	92.616	148.316
18.523	697.610	148.538	92.600
18.533	696.040	147.948	97.733
18.543	699.425	148.538	96.873
18.553	705.471	148.994	95.761
18.563	709.927	147.862	97.869
18.573	713.874	147.760	99.666
18.583	714.782	147.649	99.138
18.593	714.782	147.547	98.146
18.603	698.456	143.479	294.991
18.613	716.311	146.832
18.623	714.782	150.264
18.633	714.782	148.538
18.643	712.350	147.615
18.653	712.556
18.663	712.680
18.673	712.721
18.683	712.885
18.693
18.703
18.713
18.723
18.733
18.743
18.753
18.763
18.773	148.650
18.783	148.453
18.793	148.350
18.803	148.281
18.813	148.230
18.823	148.538	714.782
18.833	150.264	707.471
18.843	148.538	714.782
18.853	148.538	714.782
18.863	143.479	698.456
18.873	148.538	709.804
18.883	147.589	709.312
18.893	147.393	530.923
18.903	147.079	530.801
18.913	146.697	530.678
18.923	146.257	530.555
18.933	145.919	530.433
18.943	145.717	530.004
18.953	146.832	529.331
18.963	146.832	471.580	534.091
18.973	146.832	471.580	529.331
18.983	471.580	143.653	529.331
18.993	468.702	143.181	529.331
19.003	471.580	144.685	528.201
19.013	471.553	143.686	527.743
19.023	466.783	146.832	529.331
19.033	466.164	145.768	517.241
19.043	466.164	146.063	526.191
19.053	468.918	146.350	132.754
19.063	146.654	468.945
19.073	146.917	469.000
19.083	147.164	132.946
19.093	150.264	329.628	133.870
19.103	148.538	329.628	441.579
19.113	148.538	329.628	441.910
19.123	147.053	329.951	442.856
19.133	146.832	329.628	445.113
19.143	143.479	439.365	329.628
19.153	145.146	438.047	329.628
19.163	145.146	440.000	329.628
19.173	146.832	329.628	443.444
19.183	146.832	329.628	450.285
19.193	148.538	336.204	441.502
19.203	148.538	331.154	450.285
19.213	150.264	331.269	445.113
19.223	146.883	331.365
19.233	146.782	331.480
19.243	146.731	331.575
19.253	146.621	331.671
19.263	145.146	334.171
19.273	145.146	329.628
19.283	145.146	329.628
19.293	145.146	445.113
19.303	145.146	442.217
19.313	146.832	434.946
19.323	148.538	441.604
19.333	150.264	445.113
19.343	443.291	146.866
19.353	443.419	146.875
19.363	443.547	330.524
19.373	445.113	329.628
19.383	444.547	329.152
19.393	450.285	333.458
19.403	444.239	331.575
19.413	433.817	330.848	139.257
19.423	445.113	329.628	139.225
19.433	438.934	332.534	139.217
19.443	440.000	329.628	135.426
19.453	445.113	335.467	140.202
19.463	445.910	140.202	337.332
19.473	450.285	140.202	333.978
19.483	450.285	140.202	334.190
19.493	450.285	140.202	339.228
19.503	449.843	140.202	334.809
19.513	448.416	136.999	329.628
19.523	445.113	337.332	140.202
19.533	440.000	332.688	140.202
19.543	437.794	334.615	140.202
19.553	433.567	329.628	139.402
19.563	433.516	337.332	139.273
19.573	434.946	334.132	139.137
19.583	439.187	333.458	136.999
19.593	445.113	333.458	139.442
19.603	450.285	334.596	138.872
19.613	450.285	337.332	81.460
19.623	450.285	333.747	81.460
19.633	450.285	333.458	81.460
19.643	445.885	333.361	668.999
19.653	446.039	333.111	110.407
19.663	447.200	328.184	110.497
19.673	440.000	110.567	332.323
19.683	450.285	110.000	333.458
19.693	437.289	110.000	331.882
19.703	450.285	110.000	331.633
19.713	450.285	110.000	331.460
19.723	441.196	112.571	223.084
19.733	443.393	111.278	222.942
19.743	440.000	111.278	225.142
19.753	447.536	111.278	221.645
19.763	448.286	111.278	222.441
19.773	448.312	111.278
19.783	448.882	112.571
19.793	446.839	111.536
19.803	446.942	111.600
19.813	447.174	111.645
19.823	447.536	704.331
19.833	704.006	447.769
19.843	703.802	147.657
19.853	698.456	146.832
19.863	708.657	146.832
19.873	709.271	148.538
19.883	706.572	148.538
19.893	702.787	147.956
19.903	702.462	148.016
19.913	690.434	148.538
19.923	702.990	148.179
19.933	703.884
19.943	704.860
19.953	705.675
19.963	705.879
19.973	705.634
19.983	705.186
19.993	148.538	711.939
20.003	148.538	712.309
20.013	711.363	148.538
20.023	708.534	148.538
20.033	703.965	148.538	447.252
20.043	698.456	148.538	440.000
20.053	690.434	145.146	223.381
20.063	686.101	148.538	224.402
20.073	689.637	145.146	225.142
20.083	690.434	146.832	218.594
20.093	690.434	146.832	225.142
20.103	699.830	146.926	222.672
20.113	706.858	145.146	222.531	1395.381
20.123	714.782	146.832	222.402	1391.035
20.133	714.782	146.832	222.286	1386.302
20.143	714.782	146.832	222.171	1388.707
20.153	713.256	146.832	222.556	1390.794
20.163	712.268	148.538	219.860	1391.598
20.173	708.984	148.538	221.773	1395.623
20.183	714.782	148.538	222.068	1390.633
20.193	695.116	148.538	220.496	293.665
20.203	690.434	145.146	225.142	297.077
20.213	690.434	146.832	222.556	294.157
20.223	696.000	147.495	222.415	290.711
20.233	701.124	147.572	222.479	293.817
20.243	705.593	147.657	222.543	290.292
20.253	708.575	145.146	222.621	293.750
20.263	709.312	148.538	222.685	293.784
20.273	709.968	148.033	222.556	293.665
20.283	712.844	150.264	222.556	297.077
20.293	714.741	148.538	222.389	1420.428
20.303	713.215	148.538	223.393	1407.442
20.313	709.763	147.453	222.556	227.758
20.323	714.782	148.538	222.441	227.758
20.333	714.782	148.538	227.758	222.659
20.343	706.572	147.802	227.758	222.659
20.353	690.434	148.538	227.758	1398.043
20.363	697.529	150.264	227.758	167.201
20.373	694.875	150.264	166.729	345.217
20.383	683.135	150.264	168.666	351.718
20.393	690.115	167.172	353.286	149.321
20.403	684.873	166.729	353.286	1384.462
20.413	682.504	352.450	166.729	1369.825
20.423	685.665	353.286	166.729	172.878
20.433	683.214	353.286	166.729	172.778
20.443	353.286	685.942	172.758	167.733
20.453	352.674	176.643	682.504	167.356
20.463	170.626	353.286	686.061	167.143
20.473	170.626	353.286	687.171	167.143
20.483	170.626	353.286	685.348	299.679
20.493	170.626	353.286	688.006	300.529
20.503	170.626	711.898	350.907	1198.926
20.513	170.626	688.204	349.228	299.610
20.523	171.367	687.807	299.524	350.846
20.533	176.643	300.529	682.504	1196.781
20.543	176.643	295.383	682.504	1198.164
20.553	176.643	300.529	687.529	1196.573
20.563	176.643	300.529	682.504	1197.680
20.573	176.643	300.529	682.504	1199.618
20.583	176.643	300.529	685.704	1198.233
20.593	176.643	295.810	690.434	598.667
20.603	176.643	300.529	597.182	684.675
20.613	176.643	298.832	601.058	685.111
20.623	176.643	299.576	598.218	355.004
20.633	176.643	300.529	599.117	349.107
20.643	176.643	599.186	299.731	349.148
20.653	176.643	599.220	300.529	345.217
20.663	176.643	599.220	349.228	692.071
20.673	176.643	599.532	692.991	349.228
20.683	175.910	599.428	682.504	349.753
20.693	599.497	176.643	682.504	890.225
20.703	599.809	171.495	709.025	890.585
20.713	599.705	174.614	116.905	890.637
20.723	599.047	119.928	175.636	889.505
20.733	598.840	118.298	175.707	886.684
20.743	598.736	113.879	175.798	889.043
20.753	598.736	117.895	175.900	888.940
20.763	116.811	598.667	178.221	293.665
20.773	116.844	597.976	176.643	297.077
20.783	116.912	175.961	597.976	300.529
20.793	117.895	174.614	597.768	297.300
20.803	116.541	176.643	594.154	345.217
20.813	115.202	175.778	297.128	601.058
20.823	116.541	176.643	297.111	351.272
20.833	116.946	297.094	353.286	175.261
20.843	118.599	300.529	349.228	174.998
20.853	117.895	297.077	357.391	174.705
20.863	117.895	295.742	357.391	174.382
20.873	119.265	293.665	349.228	172.609
20.883	119.686	297.077	352.573	172.609
20.893	117.895	293.665	352.349	172.609
20.903	117.895	296.837	352.165	173.679
20.913	117.895	300.529	349.228	173.709
20.923	117.895	296.580	351.617	173.779
20.933	116.541	296.528	357.391	176.643
20.943	115.776	296.494	353.286	174.614	917.105
20.953	117.895	297.077	349.228	173.879	911.033
20.963	117.895	295.247	350.299	171.001	911.033
20.973	113.879	295.571	349.228	172.609	913.404
20.983	116.541	295.964	341.252	176.643
20.993	116.541	296.443	353.286	888.273
21.003	116.959	297.077	350.076	880.000
21.013	117.895	297.077	349.228	880.000
21.023	117.895	297.077	349.228	911.928
21.033	119.430	297.077	355.394	911.612
21.043	119.265	297.077	350.097	911.454
21.053	117.895	297.077	350.238	911.033
21.063	116.541	296.871	350.441	911.665
21.073	117.895	296.563	349.228	911.033
21.083	116.541	297.077	350.988	913.141
21.093	118.695	291.872	349.228	911.507
21.103	117.548	297.077	349.228	911.033
21.113	115.662	297.077	351.576	911.033
21.123	115.202	295.844	351.800	911.402
21.133	115.509	297.077	353.286	911.402
21.143	113.879	300.529	353.286	232.383
21.153	113.879	295.776	353.286	232.504
21.163	116.541	295.844	353.286	232.611
21.173	113.879	297.077	353.286	233.082
21.183	113.879	293.665	352.491
21.193	113.879	296.374	350.501
21.203	115.010	296.409	352.552
21.213	115.029	296.460	395.384
21.223	113.879	293.665	395.635
21.233	113.879	297.077	392.267
21.243	115.609	297.077	395.978	796.452
21.253	119.265	297.077	398.548	791.361
21.263	113.879	297.077	790.996	395.818
21.273	117.895	300.529	790.767	912.508
21.283	116.541	297.077	793.467	914.249
21.293	116.561	793.100	296.940	911.875
21.303	116.669	783.991	296.837	911.033
21.313	116.541	790.356	913.141	352.797	296.700
21.323	119.265	776.599	357.391	912.192	708.370
21.333	119.265	794.522	352.165	714.534	912.139
21.343	116.541	795.486	351.860	711.692	911.033
21.353	117.895	793.513	349.228	709.476	434.946
21.363	115.496	353.286	793.100	705.064
21.373	116.285	351.617	793.100	704.250
21.383	117.142	349.228	700.638	793.100
21.393	113.879	349.228	696.080	792.185
21.403	113.879	349.228	694.955	792.734
21.413	116.541	351.130	714.782	793.238
21.423	118.969	352.573	698.456	794.017
21.433	119.265	351.657	698.456
21.443	119.224	353.286	700.719
21.453	116.427	351.190	700.436
21.463	116.332	351.150	700.193
21.473	116.225	351.130	699.991
21.483	118.585	353.286	699.506
21.493	115.984	349.228	705.064
21.503	113.879	349.228	690.434	225.038
21.513	113.879	350.643	699.547	225.025
21.523	115.202	706.572	348.442	226.015
21.533	115.202	700.679	353.286	225.142
21.543	115.202	693.792	350.299	223.587
21.553	696.442	113.879	350.198	110.000
21.563	701.408	115.169	111.002	350.076
21.573	690.434	111.278	115.089
21.583	712.186	111.188	349.228
21.593	712.474	111.278	349.228
21.603	711.035	111.111	348.744
21.613	707.757	111.278	348.040
21.623	702.300	111.278	347.277
21.633	696.080	111.278	346.636
21.643	690.713	111.278	346.476
21.653	690.434	111.278	346.335
21.663	690.434	112.942	346.235
21.673	693.111	112.949	345.217
21.683	112.662	697.247	345.217
21.693	706.572	112.571	345.217
21.703	706.572	112.571	345.217
21.713	708.493	111.278	345.217
21.723	708.084	112.571	346.856
21.733	690.434	112.571	353.286
21.743	704.372	111.278	347.157
21.753	703.274	110.000	347.157
21.763	701.529	110.363	346.896
21.773	698.820	110.932	346.576	1388.707
21.783	698.456	111.349	1389.108	345.856
21.793	696.201	111.259	1389.429	223.781
21.803	693.832	111.561	1416.577	224.065
21.813	111.878	690.275	1376.488	224.273
21.823	111.381	682.504	225.142	1375.932
21.833	111.278	698.456	225.142	341.252
21.843	111.278	706.572	224.506	676.225
21.853	111.955	696.281	224.454	444.830	674.664
21.863	111.858	689.517	224.376	437.693	672.214
21.873	111.471	224.247	442.932	704.738	671.670
21.883	111.278	225.142	446.194	671.244	698.456
21.893	111.497	225.142	446.452	670.856	696.603
21.903	111.278	223.988	450.285	666.915	696.000
21.913	111.278	225.142	446.942	666.915	694.634
21.923	111.278	225.142	448.882	666.915	692.791
21.933	111.278	217.473	449.453	669.269	1382.864
21.943	111.362	225.142	670.353	448.519	1380.708
21.953	112.571	222.556	673.652	448.571	1378.955
21.963	111.317	223.548	677.046	447.743
21.973	111.330	223.264	668.728	447.562
21.983	111.278	225.142	667.840	447.303
21.993	111.278	223.277	666.877	682.504
22.003	111.478	223.613	665.991	680.260
22.013	111.606	666.915	224.260	689.318
22.023	112.052	664.915	222.556	698.456
22.033	111.903	662.730	225.989	691.112
22.043	112.571	659.255	222.556	691.871
22.053	112.169	659.255	223.432	706.572
22.063	112.175	664.071	223.187	446.271
22.073	111.278	659.255	222.904	450.285
22.083	111.652	659.255	222.621	445.988
22.093	112.571	671.864	222.659	445.550
22.103	110.000	675.327	222.055	1344.971
22.113	110.000	666.145	221.825	1352.216
22.123	110.989	674.664	220.000	1346.059
22.133	111.015	659.255	225.142	1346.370
22.143	111.041	220.000	671.089	1354.796
22.153	111.278	220.000	667.802	442.932
22.163	111.278	221.313	442.779	659.255
22.173	111.710	222.556	437.339	668.651
22.183	111.690	220.000	445.113	1342.875
22.193	112.033	220.000	445.113	682.504
22.203	111.426	224.363	440.000	680.889
22.213	112.571	220.000	445.113	680.732
22.223	112.571	220.000	445.113	679.514
22.233	112.571	222.556	443.265	681.125
22.243	112.085	220.000	445.704	680.260
22.253	112.156	222.556	440.000	679.436
22.263	110.000	222.556	267.741	443.265
22.273	111.916	221.633	264.589	672.291
22.283	111.936	264.436	672.175	375.701
22.293	111.949	261.626	374.294
22.303	112.571	264.666	374.294
22.313	112.571	264.666	374.315
22.323	264.604	112.571	374.748
22.333	263.978	111.478	378.643
22.343	263.491	110.000	379.716
22.353	264.666	112.571	378.643
22.363	264.666	112.571	377.398
22.373	263.324	377.682	111.949
22.383	262.913	378.009	111.936
22.393	262.473	378.380	111.942
22.403	378.665	261.989	111.968
22.413	378.861	261.535	106.216
22.423	378.643	261.626	106.253
22.433	378.643	260.615	625.606
22.443	379.650	257.503	629.484
22.453	378.643	622.254	257.339	106.253
22.463	378.643	622.254	261.626	112.201
22.473	378.643	622.254	263.232	112.571
22.483	379.957	622.254	112.571	262.928
22.493	378.643	629.484	112.571	259.683
22.503	380.287	630.722	111.484	259.324	105.830
22.513	377.703	633.789	112.571	255.650	105.720
22.523	378.293	633.460	112.571	259.324	106.253
22.533	376.941	622.649	111.368	105.033	258.441
22.543	374.294	627.415	111.613	106.253
22.553	376.353	636.798	105.033	112.110
22.563	375.658	629.484	105.282	261.626
22.573	377.180	622.254	105.033	255.650
22.583	377.049	622.254	105.033	255.650
22.593	377.834	105.033	622.254
22.603	378.643	105.033	622.254
22.613	378.643	105.033	622.254
22.623	374.294	105.033
22.633	376.941	105.063
22.643	377.006	105.033
22.653	377.028
22.663	105.033
22.673	105.033
22.683	105.033
22.693	105.033
22.703	105.033
22.713
22.723
22.733
22.743
22.753
22.763
22.773
22.783
22.793
22.803
22.813
22.823
22.833
22.843
22.853
22.863
22.873
22.883
22.893
22.903
22.913
22.923
22.933
22.943
22.953
22.963
22.973
22.983
22.993
23.003
23.013
23.023
23.033
23.043
23.053
23.063
23.073
23.083
23.093
23.103
23.113
23.123
23.133
23.143
23.153
23.163
23.173
23.183
23.193
23.203
23.213
23.223
23.233
23.243
23.253
23.263
23.273
23.283
23.293
23.303
23.313
23.323
23.333
23.343
23.353
23.363
23.373
23.383
23.393
23.403
23.413
23.423
23.433
23.443
23.453
23.463
23.473
23.483
23.493
23.503
23.513
23.523
23.533
23.543
23.553
23.563
23.573
23.583
23.593
23.603
23.613
23.623
23.633
23.643
23.653
23.663
23.673
23.683
23.693
23.703
23.713
23.723
23.733
23.743
23.753
23.763
23.773
23.783
23.793
23.803
23.813
23.823
23.833
23.843
23.853
23.863
23.873
23.883
23.893
23.903
23.913
23.923
23.933
23.943
23.953
23.963
23.973
