0.023
0.033
0.043
0.053
0.063
0.073
0.083
0.093
0.103
0.113
0.123
0.133
0.143
0.153
0.163
0.173
0.183
0.193
0.203
0.213
0.223
0.233
0.243
0.253
0.263
0.273
0.283
0.293
0.303
0.313
0.323
0.333
0.343
0.353
0.363
0.373
0.383
0.393
0.403
0.413
0.423
0.433
0.443
0.453
0.463
0.473
0.483
0.493
0.503
0.513
0.523
0.533
0.543
0.553
0.563
0.573
0.583	246.942
0.593	249.811
0.603	246.942
0.613	247.456
0.623	247.441
0.633	246.942
0.643	246.970
0.653	247.570
0.663	246.942
0.673	246.942
0.683	248.817
0.693	246.942
0.703	248.343
0.713	246.942
0.723	247.070
0.733	247.670
0.743	246.942
0.753	246.942
0.763	246.942
0.773	246.942
0.783	246.942
0.793	246.942
0.803	248.257
0.813	248.817
0.823	247.899
0.833	248.186
0.843	249.450
0.853	246.970
0.863	246.942
0.873	248.085
0.883	246.942
0.893	246.942
0.903	246.942
0.913	247.756
0.923	249.811
0.933	247.828
0.943	110.446
0.953	110.420
0.963	111.278	277.183
0.973	110.280	277.183
0.983	110.000	277.183
0.993	110.000	277.183
1.003	110.000	277.183
1.013	111.278	280.047
1.023	110.000	277.968
1.033	110.032	277.792
1.043	110.000	278.273
1.053	110.000	277.679
1.063	110.000	277.295
1.073	110.000	278.998
1.083	111.278	277.183
1.093	111.278	277.183
1.103	111.278	277.183
1.113	111.278	277.183
1.123	110.000	277.183
1.133	110.000	277.343
1.143	110.000	277.856
1.153	110.382	277.872
1.163	110.210	277.183
1.173	111.278	277.615
1.183	110.134	277.183
1.193	110.000	277.327
1.203	111.278	277.343
1.213	110.000	277.695
1.223	111.278	277.199
1.233	111.278	276.351
1.243	111.278	277.183
1.253	109.360	277.583
1.263	110.752	277.439
1.273	111.278	277.183
1.283	110.000	277.423
1.293	110.210	277.503
1.303	110.401	277.567
1.313	111.278	277.215
1.323	111.278	277.199
1.333	111.278	276.272
1.343	111.278	277.183
1.353	111.278	277.183
1.363	111.278	277.183
1.373	111.021	277.183
1.383	111.278	277.183
1.393	111.111	277.423
1.403	110.000	277.231
1.413	110.000	277.183
1.423	111.278	277.263
1.433	110.000	277.567
1.443	110.000	277.183
1.453	110.548	277.359
1.463	110.516	277.455
1.473	110.000	277.199
1.483	111.278	277.439
1.493	110.337	277.776
1.503	111.278	277.183
1.513	110.032	277.535
1.523	111.009	277.359
1.533	110.032	277.183
1.543	110.618	277.183
1.553	110.000	277.183
1.563	110.000	277.183
1.573	110.000	277.183
1.583	111.227	277.375
1.593	111.278
1.603	110.000
1.613	110.331
1.623	110.618
1.633	110.701
1.643	110.784
1.653	110.868
1.663	111.278
1.673	110.000
1.683	111.278
1.693	111.278	208.928
1.703	111.278	208.916
1.713	111.278	207.652
1.723	111.278	210.065
1.733	110.880	210.065
1.743	111.278	207.652
1.753	111.278	210.065
1.763	110.880	208.855
1.773	110.000	207.652
1.783	111.278	103.952
1.793	110.733	103.826
1.803	110.000	104.018
1.813	110.650	103.994
1.823	110.000	103.826
1.833	110.644	103.826
1.843	111.278	104.693
1.853	110.893	104.084
1.863	208.819	110.688
1.873	210.065	73.965
1.883	210.065	73.944
1.893	207.652	73.416
1.903	207.652	74.269
1.913	208.518	74.269
1.923	208.494	73.901
1.933	207.652	73.416
1.943	207.652	73.854
1.953	210.065	73.841
1.963	208.470	418.991
1.973	208.433	419.258
1.983	208.433	419.476
1.993	207.652	420.130
2.003	208.542	419.815
2.013	210.065	371.579
2.023	371.579	207.652
2.033	371.236	106.253
2.043	371.579	105.033
2.053	372.030	184.997
2.063	372.891	184.997
2.073	185.008	369.994
2.083	184.997	371.515
2.093	184.997	371.515
2.103	184.997	371.493
2.113	184.997	371.493
2.123	184.997	436.330
2.133	184.997	438.174
2.143	184.997	440.000
2.153	184.997	110.669
2.163	185.511	110.000
2.173	184.997	110.791
2.183	184.997	110.791
2.193	184.997	110.791
2.203	184.997	110.784
2.213	185.040	111.278
2.223	185.040	111.278
2.233	184.997	111.278
2.243	185.051	111.278
2.253	184.997	110.000
2.263	184.997	110.541
2.273	185.158	108.806
2.283	184.997	110.452
2.293	184.997	110.439
2.303	184.997	986.968
2.313	184.997	995.844
2.323	184.997	999.244
2.333	187.147	999.244	110.235
2.343	184.837	999.244	110.204
2.353	184.997	995.557	333.458
2.363	184.997	999.244	372.525
2.373	184.997	999.186	372.546
2.383	184.997	987.767	374.294
2.393	184.997	986.797	372.396
2.403	184.997	999.244	329.628
2.413	987.767	184.997	330.715
2.423	995.729	186.262	330.791
2.433	999.244	184.997	330.887
2.443	329.628	999.244	369.994
2.453	329.628	369.994	997.744
2.463	330.581	372.052	110.407
2.473	333.458	372.202	110.407	999.590
2.483	329.019	111.278	369.994	1000.861
2.493	333.458	110.000	374.294	1001.902
2.503	333.458	110.637	371.022	221.556
2.513	109.347	331.078	374.294	222.556
2.523	110.000	374.294	333.458	221.748
2.533	110.000	374.294	333.458	279.046
2.543	110.000	370.915	333.458	280.403
2.553	111.278	374.294	280.403	327.578
2.563	111.278	277.183	374.294	331.652
2.573	110.000	278.804	371.386	221.466
2.583	110.000	277.183	222.556	373.279
2.593	110.000	279.062	221.121	331.422
2.603	110.000	277.183	224.156	331.346
2.613	110.000	277.744	331.384	221.748
2.623	110.000	280.403	327.710	167.240
2.633	110.356	283.661	333.458	164.814
2.643	110.000	277.183	333.458	1134.646
2.653	110.000	277.183	331.422	1139.835
2.663	110.000	279.498	333.458	1129.611
2.673	110.000	277.183	1137.073	327.937
2.683	110.000	277.183	1134.646	333.458
2.693	111.278	283.661	1126.158	331.135
2.703	110.000	277.183	1126.743	333.458
2.713	110.210	280.403	1108.731	325.841
2.723	111.278	283.661	1103.874	165.615
2.733	109.733	277.183	1134.646	165.682
2.743	110.682	280.403	1127.590	166.729
2.753	111.278	277.183	1124.533	164.814
2.763	111.278	276.895	1134.646	164.880
2.773	110.000	277.760	1134.908	165.558
2.783	111.278	277.183	1134.646	165.539
2.793	110.000	277.503	1134.646	165.539
2.803	110.000	277.231	1132.093	165.539
2.813	109.822	276.463	1132.747	165.855
2.823	110.000	276.863	1130.851
2.833	110.000	277.872	1128.046
2.843	111.098	277.471	1127.004
2.853	110.254	280.403	1134.646
2.863	110.000	277.631	1131.308
2.873	110.465	277.183	1131.112
2.883	110.000	276.671
2.893	110.229	277.615
2.903	110.242	277.647
2.913	110.254
2.923	110.254
2.933	110.229
2.943
2.953
2.963
2.973
2.983
2.993
3.003
3.013
3.023
3.033
3.043
3.053	110.720
3.063	110.688
3.073	110.669
3.083	110.650
3.093	111.278
3.103	111.278
3.113	110.000
3.123	110.000
3.133	110.223
3.143	110.458
3.153	110.439
3.163	110.420
3.173	110.382
3.183
3.193
3.203
3.213
3.223
3.233
3.243
3.253
3.263
3.273
3.283
3.293
3.303
3.313
3.323
3.333
3.343
3.353
3.363
3.373
3.383
3.393
3.403
3.413
3.423	110.452
3.433	110.446
3.443	110.433
3.453	110.810
3.463	110.727
3.473	110.000
3.483	110.000
3.493	110.210
3.503	110.204
3.513	110.223
3.523	110.267
3.533	110.305
3.543	279.014
3.553	283.661	107.488
3.563	277.183	110.484
3.573	277.183	111.278
3.583	277.183	111.278
3.593	277.183	110.733
3.603	277.920	111.278
3.613	278.241	111.278	105.130
3.623	277.503	110.701	106.253
3.633	277.279	110.663	106.253
3.643	278.065	110.624	105.361
3.653	278.531	757.285	105.385
3.663	278.145	757.285	110.433
3.673	277.984	757.767	425.012
3.683	277.359	752.619	425.012
3.693	277.183	757.285	419.597
3.703	277.183	750.405	419.161
3.713	277.183	743.932	414.681
3.723	275.857	749.452	148.538
3.733	277.183	749.106	148.538
3.743	277.920	737.983	148.538
3.753	278.129	749.149	148.538	422.613
3.763	744.405	278.354	148.538	418.000
3.773	748.587	149.978	277.535	138.944
3.783	748.587	150.264	277.183	138.936
3.793	751.837	277.183	150.264	138.992
3.803	757.285	285.222	149.158	138.591
3.813	757.285	138.591	283.661	149.132
3.823	757.285	138.591	149.114	279.643
3.833	757.285	138.591	149.089	280.403
3.843	757.285	139.386	147.931	273.999
3.853	757.285	138.591	150.264	280.096
3.863	138.591	748.068	146.832	280.484
3.873	141.831	749.582	148.985	280.857
3.883	141.831	149.020	754.012	281.084
3.893	140.202	148.538	333.458	281.214
3.903	333.458	150.264	140.121	281.231
3.913	333.458	283.661	150.264
3.923	332.688	111.278	283.661
3.933	332.055	110.286	283.661
3.943	110.331	333.458	281.149
3.953	110.000	332.323	280.744
3.963	110.000	331.595	165.749
3.973	111.278	165.692	330.237
3.983	110.000	166.729	331.786
3.993	110.000	166.729	331.499
4.003	110.000	166.729	331.288
4.013	111.278	162.921	331.116
4.023	110.746	166.729	330.944
4.033	111.278	164.814	330.810
4.043	110.970	165.357	330.963
4.053	111.278	164.814	330.982
4.063	110.000	162.921	333.458
4.073	110.000	166.729	325.841
4.083	108.737	166.613	331.556
4.093	108.737	164.814	333.458
4.103	111.278	163.571	331.939	221.006
4.113	110.000	166.729	329.228	221.684
4.123	110.000	166.729	332.246	221.953
4.133	111.278	166.556	337.332	221.402
4.143	110.000	166.729	332.400	279.336
4.153	110.000	166.133	337.332	280.403
4.163	109.702	166.729	332.150	672.563
4.173	110.000	166.623	325.841	674.664
4.183	110.114	168.083	333.458	662.079
4.193	111.278	165.252	331.671	660.627
4.203	110.000	163.269	659.674
4.213	110.000	166.729	658.000
4.223	108.737	655.799	165.205
4.233	110.000	651.683	165.788
4.243	110.000	651.683	372.934
4.253	111.278	651.683	372.848
4.263	111.278	659.827	184.997
4.273	108.737	659.255	184.997
4.283	111.278	659.255	184.997
4.293	112.571	671.399	184.997
4.303	112.571	662.998	184.997
4.313	112.571	669.927	184.997
4.323	111.278	674.664	184.997
4.333	112.571	668.072	184.997
4.343	111.278	665.184	184.997
4.353	659.255	111.278	184.997
4.363	661.124	108.737	184.997
4.373	659.255	108.737	184.997
4.383	651.683	110.701	373.020
4.393	651.683	371.322	110.637
4.403	651.683	369.994	111.278
4.413	647.181	371.022	104.313	110.000
4.423	664.378	366.908	103.826	208.674
4.433	371.966	670.159	103.826	208.686
4.443	367.120	211.270	670.856	103.826
4.453	374.294	208.265	103.826	674.664
4.463	373.494	207.652	104.397	665.146
4.473	373.257	207.652	105.033	672.369
4.483	374.229	210.065	103.826	666.992
4.493	369.994	207.652	106.253	667.725
4.503	371.901	207.652	104.548	668.188
4.513	210.065	370.465	103.826	329.133
4.523	210.065	369.994	103.826	329.095
4.533	207.652	106.253	369.525	325.841
4.543	209.048	105.033	368.927	110.797
4.553	103.826	209.181	371.708	110.791
4.563	104.440	207.652	370.551	110.000
4.573	104.367	207.652	111.278	370.422
4.583	103.826	211.856	110.874	1334.524
4.593	104.778	212.506	111.278	1337.920
4.603	103.826	210.065	111.278	1341.093
4.613	103.826	210.077	110.887
4.623	104.090	277.503	1346.993
4.633	277.183	104.012	1345.904
4.643	277.744	92.456	445.113
4.653	277.808	92.509	440.000
4.663	277.183	92.557	440.941
4.673	277.183	93.573	433.767
4.683	92.499	277.615	217.473
4.693	92.573	217.473	277.711
4.703	92.568	219.454	278.402
4.713	92.499	220.000	445.550
4.723	92.499	219.683	440.000
4.733	92.499	222.556	1327.835
4.743	92.499	221.991	1332.444
4.753	92.499	218.342	1333.214
4.763	92.499	217.473	671.709
4.773	92.499	217.473	666.492
4.783	92.499	222.556	665.876
4.793	92.499	221.134	664.915
4.803	92.499	220.000	664.032
4.813	92.499	220.000	663.304
4.823	92.499	219.024	664.915
4.833	92.499	225.142	657.202
4.843	92.499	217.247	657.544
4.853	92.499	220.000	661.047
4.863	92.499	218.556	660.856
4.873	92.499	220.013	656.974
4.883	94.661	219.962	664.263
4.893	92.499	221.773	439.061	661.391
4.903	92.499	219.898	442.166	666.915
4.913	92.499	222.556	439.162	273.999
4.923	92.499	439.619	213.774	279.869
4.933	92.611	437.390	283.661	219.721
4.943	92.499	280.403	434.946	220.000
4.953	93.115	283.661	439.797	222.556
4.963	93.320	280.403	440.305	558.350
4.973	94.661	280.403	441.987	559.836
4.983	93.503	280.403	441.477	208.265
4.993	94.661	280.403	441.808	208.337
5.003	93.573	281.377	207.652	448.649
5.013	93.573	281.539	207.652	440.000
5.023	93.573	209.847	281.556	442.217
5.033	93.573	207.652	281.556	442.268
5.043	93.573	280.403	208.783	440.000
5.053	93.573	283.661	207.652	448.390
5.063	93.573	283.661	207.652	441.681
5.073	93.573	283.661	212.199	441.196
5.083	92.499	280.403	209.217	434.946
5.093	92.499	280.403	209.375	440.000
5.103	92.718	280.403	209.580	1179.555
5.113	91.436	280.403	1177.104	440.458
5.123	92.499	280.403	1179.418	595.563
5.133	91.436	280.533	595.666	1181.805
5.143	93.573	280.241	596.286
5.153	92.499	596.079	279.902
5.163	92.499	596.975	279.643
5.173	92.525	594.154	443.726
5.183	596.527	92.499	440.356
5.193	596.492	92.499	438.427
5.203	596.492	440.280	92.622
5.213	596.182	440.000	93.347
5.223	595.391	437.062	92.654
5.233	439.670	600.919	92.622	280.403
5.243	443.624	599.671	92.499
5.253	438.402	597.320	184.997
5.263	441.043	185.618	92.499
5.273	187.147	440.051	92.499
5.283	184.997	92.429	445.113
5.293	185.672	92.499	441.961
5.303	187.147	92.499	445.113
5.313	184.997	92.296	442.574
5.323	184.997	91.436	442.958
5.333	185.650	92.253	372.374
5.343	185.661	92.499	372.568
5.353	369.994	185.650	328.544
5.363	374.294	328.563	111.278
5.373	328.582	372.460	124.905
5.383	329.685	372.460	206.958
5.393	328.544	206.623	372.460
5.403	325.841	207.652	372.460
5.413	329.970	207.652	249.551
5.423	328.658	206.946	248.315
5.433	325.841	249.278	206.946	372.245
5.443	331.748	252.714	204.427	369.994
5.453	329.133	249.162	207.652	371.322
5.463	248.860	328.772	207.233	164.909
5.473	249.162	328.829	207.652	162.921
5.483	248.631	327.843	207.377	165.042
5.493	247.928	329.628	207.449	165.157
5.503	246.386	207.652	329.742	165.214
5.513	246.543	207.652	327.729	165.119
5.523	248.602	207.652	164.814	329.266
5.533	249.811	212.334	164.814	329.437
5.543	248.458	202.910	166.729	329.532
5.553	246.899	166.729	207.652	329.704
5.563	246.942	165.864	207.365	330.982
5.573	247.942	166.392	207.305	329.970
5.583	165.826	249.811	207.245	330.371
5.593	165.778	247.971	207.652	330.887
5.603	166.729	246.942	123.628	326.992
5.613	166.729	122.053	247.985	331.633
5.623	166.729	122.053	247.513	329.704
5.633	162.921	123.471	247.942	329.570
5.643	165.310	124.869	331.116	247.985
5.653	162.874	124.000	249.811	746.859
5.663	165.769	124.905	750.145	245.832
5.673	164.814	124.905	750.622	247.856
5.683	166.729	124.143	750.579	249.811
5.693	166.738	750.449	124.905	247.813
5.703	165.014	750.926	124.193	246.942
5.713	164.614	752.011	123.044	247.928
5.723	163.156	753.359	124.905	248.071
5.733	166.729	754.447	124.193	248.157
5.743	165.491	754.099	123.471	415.281
5.753	164.814	753.228	124.150	414.729
5.763	166.392	754.099	123.471	410.535
5.773	166.729	124.136	754.360	415.305
5.783	165.357	124.905	415.305	752.837
5.793	165.951	125.165	416.747	246.942
5.803	164.814	123.964	420.130	252.714
5.813	165.864	123.471	248.444	420.130
5.823	164.814	123.621	246.514	329.304
5.833	123.471	166.729	248.042	329.589
5.843	124.848	166.584	247.871	331.020
5.853	124.862	168.666	332.016	246.785
5.863	120.651	166.816	329.780	247.513
5.873	124.905	168.666	331.059	246.942
5.883	120.651	166.729	330.887	247.013
5.893	120.651	166.729	246.942	330.390
5.903	120.651	167.395	330.466	247.099
5.913	120.651	166.594	329.628	246.956
5.923	166.729	120.651	330.371	371.837
5.933	166.729	120.651	329.628	373.387
5.943	166.729	121.595	330.314	374.294
5.953	164.814	120.651	370.807	330.314
5.963	164.814	123.471	330.371	378.009
5.973	168.666	123.471	330.409	373.948
5.983	168.666	121.869	331.078	219.721
5.993	166.825	217.473	110.178	329.628
6.003	166.748	110.178	220.000
6.013	166.710	110.000	221.147
6.023	168.666	110.000	220.165
6.033	110.000	165.941	220.254
6.043	110.000	166.498	221.658
6.053	110.248	166.729	220.280
6.063	111.278	164.462	220.254
6.073	110.490	166.085	220.178
6.083	111.278	164.814	220.229
6.093	111.278	165.615	220.242
6.103	111.278	168.666	220.000
6.113	111.278	167.821	220.089
6.123	111.278	164.814	220.051
6.133	110.900	166.056	218.897
6.143	110.000	165.769	333.458
6.153	111.278	168.121	331.346
6.163	111.278	164.814	331.231
6.173	111.278	164.814	331.154
6.183	111.278	164.995	220.522
6.193	111.278	165.386	331.001
6.203	111.278	165.903	330.333
6.213	110.000	166.729	441.324
6.223	110.000	166.729	445.113
6.233	111.278	166.729	442.063
6.243	110.000	166.719
6.253	111.278	164.604
6.263	111.252	165.023
6.273	110.057	165.682
6.283	110.000	166.729
6.293	110.235	165.462
6.303	110.286	165.300
6.313	110.318	165.119
6.323	110.337	164.966
6.333	110.000	161.786
6.343	111.278	165.625
6.353	111.278	164.814
6.363	110.000	166.729
6.373	110.000	165.224
6.383	110.210	164.814
6.393	110.000	165.453
6.403	110.000	165.596
6.413	110.000	165.759
6.423	110.000	166.094
6.433	110.076	166.085
6.443	110.000	165.682
6.453	110.000	166.729
6.463	110.000	166.729
6.473	110.000	166.210
6.483	110.000	166.210
6.493	110.000	166.152
6.503	110.000	166.729
6.513	110.000	166.066
6.523	110.064	165.300
6.533	110.000	166.729
6.543	110.095	748.587
6.553	110.000	742.086
6.563	110.000	748.112
6.573	110.000	748.587	165.960
6.583	111.278	747.291	165.271
6.593	110.000	745.093	166.729
6.603	110.000	749.929	166.729
6.613	110.000	753.663	166.729
6.623	110.165	752.228	166.729
6.633	110.000	164.585	748.587
6.643	110.000	165.262	748.587
6.653	110.000	165.529	748.587
6.663	165.520	110.312	755.494
6.673	164.814	107.488	749.193
6.683	165.424	110.000	748.847
6.693	164.814	111.278	748.587
6.703	165.376	111.278	747.680
6.713	166.729	109.892	738.708
6.723	165.329	109.797	106.548
6.733	164.814	104.942	109.670
6.743	165.290	104.778	109.499
6.753	164.814	103.826	332.112
6.763	104.536	165.989	332.112
6.773	106.554	165.319	331.671
6.783	103.826	164.814	332.131
6.793	103.826	164.814
6.803	103.826	165.443
6.813	103.826	165.396	331.422
6.823	103.826	165.415	333.458
6.833	103.958	165.434	333.458
6.843	103.826	165.434	333.458
6.853	104.193	166.729	332.304
6.863	104.102	166.729	331.805
6.873	103.826	164.814	331.882
6.883	103.748	164.814
6.893	103.826	164.814
6.903	103.826	164.814
6.913	104.247	164.814
6.923	103.826	164.814
6.933	103.748	165.271
6.943	103.826	164.814
6.953	103.826	164.814
6.963	103.826	164.814
6.973	103.826	166.729	1337.688
6.983	103.826	166.729	1337.534
6.993	103.826	164.814	1340.008
7.003	105.209	167.569	1335.912
7.013	104.597	164.814	1338.461
7.023	103.826	166.719	1332.983
7.033	103.826	164.814	1331.983
7.043	103.826	164.814	1329.677
7.053	102.901	165.176	1328.448
7.063	103.826	162.921	1327.298
7.073	106.253	165.014	1326.761
7.083	104.488	1326.608	164.995
7.093	104.518	1303.366	279.595
7.103	104.470	1327.835	283.661
7.113	104.379	277.183	1329.062
7.123	278.933	104.283	1327.451
7.133	278.740	106.253	1334.678
7.143	279.369	104.018	1337.611
7.153	277.183	103.826	1331.521
7.163	279.094	106.253	1344.583
7.173	278.418	103.826	1337.611
7.183	277.183	101.455	1331.214
7.193	279.272	101.455	1330.522
7.203	277.183	101.455	1328.755
7.213	277.183	103.826	658.951
7.223	276.751	103.127	652.512
7.233	277.183	103.826	660.170
7.243	277.183	103.079	660.780
7.253	280.403	103.826	655.534
7.263	277.183	101.455	659.255
7.273	276.192	103.008	662.691
7.283	279.353	103.826	666.915
7.293	277.183	103.826	667.108
7.303	280.403	103.826	668.149
7.313	279.498	103.826	667.416
7.323	277.439	101.338	665.222
7.333	278.097	102.610	664.992
7.343	278.853	101.455	1322.706
7.353	276.911	101.455	1320.721
7.363	277.183	103.700	1312.507
7.373	278.724	101.895	1307.136
7.383	277.631	103.826	1306.607
7.393	276.783	101.455	1318.739
7.403	278.595	101.455	662.117
7.413	277.183	102.456	658.152
7.423	276.559	102.486	659.255
7.433	277.631	661.697	102.634
7.443	279.240	666.915	1325.306
7.453	277.615	92.499	662.615
7.463	277.567	93.573	588.722
7.473	92.766	278.241	588.654
7.483	90.386	588.450	275.968
7.493	92.841	588.314	277.391
7.503	93.573	582.532	277.343
7.513	93.573	589.641	1330.983
7.523	93.573	589.573	437.567
7.533	93.573	585.737	437.693
7.543	92.360	588.178	434.946
7.553	92.499	589.914	436.481
7.563	93.573	589.845	437.643
7.573	92.499	589.164	440.356
7.583	92.499	588.348	438.731
7.593	92.814	589.062	442.396
7.603	92.541	589.028	293.665
7.613	92.954	589.062	293.665
7.623	93.465	293.987	589.266
7.633	92.499	294.106	660.742
7.643	92.499	295.195	659.255
7.653	92.499	293.665	659.255
7.663	92.499	293.665	659.255
7.673	90.386	293.665	674.158
7.683	93.573	294.531	663.381
7.693	93.573	293.665	663.572
7.703	94.973	293.665	656.557
7.713	92.499	297.077	666.915
7.723	90.386	297.077	664.762
7.733	92.499	293.665	666.915
7.743	93.573	297.077	665.645
7.753	93.024	293.665	665.953
7.763	92.499	293.665	666.184
7.773	93.573	295.673	666.915
7.783	93.573	297.077	666.915
7.793	93.573	295.451	666.915
7.803	93.573	666.915	1335.450
7.813	93.573	1333.831	666.915
7.823	92.499	1333.831	666.915
7.833	90.386	1334.293	666.915
7.843	90.386	1333.060	666.915
7.853	93.573	1333.908	666.915
7.863	94.661	1333.985	280.403
7.873	92.499	1333.831	279.336
7.883	92.499	1333.445	279.320
7.893	92.062	1333.831	279.320
7.903	92.499	1333.831	279.353
7.913	92.499	1334.370	281.231
7.923	1335.064	93.573	277.183
7.933	1335.604	93.164	279.014
7.943	1335.758	93.573	278.901
7.953	1335.990	92.189	278.708
7.963	1335.681	93.573	278.547
7.973	1335.912	92.729	278.660
7.983	1335.681	280.403	92.622
7.993	1335.527	280.403	92.499
8.003	1335.990	277.904	92.360
8.013	1337.070	92.237	272.673
8.023	1337.302	92.125	278.161
8.033	1337.611	92.499	277.503
8.043	1338.307	90.386	277.183
8.053	1338.075	90.449	277.327
8.063	92.499	1338.075	277.199
8.073	93.573	1337.070	295.930
8.083	92.499	1336.221	297.077
8.093	92.499	1335.758	293.665
8.103	92.499	1335.218	297.077
8.113	92.285	296.169	1334.601
8.123	93.185	296.100	1333.831
8.133	92.499	296.015	1329.753
8.143	297.077	92.376	1332.368
8.153	297.077	90.386	1332.521
8.163	297.077	92.125	507.886
8.173	297.077	496.917	83.398	92.046
8.183	294.821	496.400	83.388	588.858
8.193	290.292	493.883	83.364	589.164
8.203	293.665	493.883	83.364	589.164
8.213	297.077	493.513	83.364	590.084
8.223	293.665	494.483	83.364	589.369
8.233	494.826	293.665	83.364	589.505
8.243	494.854	290.292	83.364	590.254
8.253	495.226	293.665	83.364	589.811
8.263	495.226	83.364	293.665	589.914
8.273	499.622	83.364	294.412	589.982
8.283	499.622	83.364	297.077
8.293	83.364	499.622	293.665
8.303	83.364	499.622	295.161
8.313	83.364	494.340	994.982
8.323	83.364	493.883	993.144
8.333	83.364	986.341	496.028
8.343	83.364	977.155	495.627
8.353	83.364	976.421	495.169
8.363	83.364	976.703	493.883
8.373	83.364	979.868	494.311
8.383	83.446	985.715	494.369
8.393	83.364	991.940	494.626
8.403	997.341	83.364	493.627
8.413	1003.872	83.364	494.169
8.423	1006.776	83.364	488.211
8.433	1004.336	83.364	494.797
8.443	1001.787	83.364	493.883	246.614
8.453	1000.515	83.364	495.512	246.813
8.463	83.364	999.995	493.142	246.942
8.473	83.364	1002.887	493.085	246.942
8.483	83.364	977.832	494.340	247.313
8.493	83.364	977.606	492.772	246.942
8.503	83.364	1003.003	1108.731	488.211
8.513	83.364	1116.958	488.211	1003.408
8.523	83.364	1121.613	252.714	494.340
8.533	82.407	1121.613	247.914	499.622
8.543	83.364	1119.025	246.942	493.085
8.553	83.364	1107.322	246.942	493.142
8.563	83.364	1109.563	246.942	493.256
8.573	83.364	1095.996	248.071	488.211
8.583	83.364	1095.996	494.340
8.593	83.364	1093.593	494.683
8.603	82.407	1095.996	494.426
8.613	83.364	1095.996	494.711
8.623	83.364	1112.515	166.363
8.633	82.407	1121.613	166.315
8.643	83.364	1095.996	166.248
8.653	82.407	1122.650	166.729
8.663	82.407	1134.646	166.729
8.673	82.407	1131.047	166.729
8.683	82.407	1130.263	166.729
8.693	82.407	1121.613	166.729	494.711
8.703	83.364	1118.249	165.673	493.883
8.713	83.364	1107.003	164.814	494.568
8.723	82.407	1098.594	162.874	494.683
8.733	83.364	1104.384	164.814	494.768
8.743	83.364	1115.282	165.185	493.427
8.753	83.364	1118.508	165.090	493.171
8.763	81.216	1117.991	166.258	495.483
8.773	83.364	1123.234	495.684	164.814
8.783	82.407	1125.442	499.622	164.909
8.793	82.407	1126.483	495.913	164.899
8.803	82.683	1121.613	494.197	164.947
8.813	82.407	1121.613	499.622	164.995
8.823	82.407	1121.613	495.913	162.921
8.833	82.274	1121.613	1173.438	499.622
8.843	82.331	1121.613	1161.167	166.729
8.853	82.407	1173.438	1121.937	165.596
8.863	82.407	1176.492	1121.678	165.721
8.873	82.407	1179.146	166.729
8.883	82.407	1179.486	164.082
8.893	82.407	1178.261	165.960
8.903	82.407	1174.659	166.066
8.913	82.536	1174.659	166.729
8.923	82.331	1171.474	166.729
8.933	82.407	1161.167	166.729
8.943	82.407	1159.759	166.729
8.953	82.150	1161.167	165.912
8.963	83.364	1161.167	164.814
8.973	83.364	1175.134	1123.883
8.983	82.407	1178.533	165.635
8.993	82.407	1188.308	165.482
9.003	83.364	1188.308	164.319
9.013	82.512	1172.761	165.290
9.023	82.521	1172.625	165.252
9.033	83.364	1178.941	164.101
9.043	82.407	1173.574	166.729
9.053	82.407	1161.167	166.729
9.063	82.407	1161.167	166.729
9.073	82.407	1161.167	161.049
9.083	82.407	1161.167	165.310
9.093	82.774	1172.354	166.729
9.103	82.578	1179.555	165.845
9.113	82.407	1188.308	165.434
9.123	82.407	1188.308	165.424
9.133	82.340	1177.104	165.405
9.143	82.321	1178.057	165.310
9.153	80.781	1180.645	249.321
9.163	80.525	1177.308	249.378
9.173	83.364	1175.881	249.407
9.183	83.364	1177.648	249.378
9.193	81.460	1183.513	249.811
9.203	83.364	247.770	1182.010
9.213	82.450	249.811	1182.215
9.223	82.464	249.811	1182.625
9.233	249.811	82.407	1122.586
9.243	249.811	82.407	1122.002
9.253	249.811	82.407	1121.613
9.263	249.811	82.407	1121.613
9.273	246.671	83.364	1120.771
9.283	248.444	82.407	1126.158
9.293	247.313	81.460	1122.521
9.303	249.811	82.908	1115.604
9.313	252.714	82.407
9.323	249.191	82.502
9.333	249.134	82.516
9.343	249.047	82.531
9.353	248.947	82.540
9.363	248.932	1177.988
9.373	249.811	1180.850
9.383	246.942	1183.513
9.393	246.942	1185.223	82.612
9.403	249.811	1186.319
9.413	249.811	1188.308
9.423	249.811	1186.319
9.433	246.942	1189.750
9.443	246.942	1190.094
9.453	248.415	1187.828
9.463	248.544	1188.514
9.473	248.702	1189.132
9.483	248.918	1189.750
9.493	249.076	590.084
9.503	249.119	590.016
9.513	247.499	592.817
9.523	249.335	588.110
9.533	252.174	589.709
9.543	251.694	589.607
9.553	249.278	124.905	588.790
9.563	122.053	248.071	589.403
9.573	123.471	248.947	296.186
9.583	123.606	296.186	247.985
9.593	123.628	297.077	246.942
9.603	124.905	296.100	248.430
9.613	122.053	297.077	248.257
9.623	292.987	123.471	248.014
9.633	297.077	123.771	247.770
9.643	295.434	124.905	247.656
9.653	297.386	123.771
9.663	296.803	123.471
9.673	295.639	123.692
9.683	296.152	123.685
9.693	295.059	123.699
9.703	296.135	123.714
9.713	296.100	123.764
9.723	297.077	123.471
9.733	297.077	123.471	247.456
9.743	297.077	123.471	247.399
9.753	295.042	123.471	247.484
9.763	297.077	123.471	247.570
9.773	124.905	292.919	246.942
9.783	124.905	297.077	1022.659
9.793	123.471	293.665	1022.659
9.803	124.905	294.769	1022.600
9.813	124.905	294.974	1022.600
9.823	123.471	294.446	1022.600
9.833	124.107	294.021	1022.187
9.843	124.905	293.224	252.714	1025.676
9.853	123.471	294.106	249.883	1019.887
9.863	123.471	293.461	249.811	1022.541
9.873	125.274	246.642	293.665	992.628
9.883	124.905	252.714	293.665	987.139
9.893	249.811	124.114	294.038	981.170
9.903	249.941	124.036	294.123	983.156
9.913	249.811	123.371	293.665	1022.659
9.923	247.170	124.905	294.310	1022.718
9.933	252.714	123.471	295.827	1022.718
9.943	249.811	123.806	294.633	1022.777
9.953	249.811	123.471	292.987	1022.600
9.963	249.811	123.471	293.665	1022.600
9.973	249.811	123.471	295.776	1022.600
9.983	123.471	252.714	295.912	1022.600
9.993	123.471	252.714	294.974	1024.374
10.003	126.357	246.942	294.548	1023.014
10.013	123.885	249.811	293.665	987.767
10.023	123.471	249.811	294.463	993.144
10.033	123.721	246.229	294.310	991.081
10.043	124.905	248.028	983.326	293.665
10.053	123.471	248.990	980.774	589.982
10.063	123.471	249.811	995.672	590.016
10.073	123.471	249.811	997.687	594.154
10.083	124.452	248.702	589.914	999.244
10.093	123.400	248.372	590.391	1011.906
10.103	123.471	249.811	587.771	1003.350
10.113	124.905	246.942	588.926	1010.855
10.123	124.905	246.942	589.811
10.133	123.471	249.811	588.824
10.143	123.471	249.811	294.855
10.153	124.905	246.942	293.682
10.163	123.471	249.811	293.190
10.173	124.905	249.234	293.224
10.183	123.471	249.811	293.410
10.193	123.471	249.811	293.665
10.203	123.471	290.292	252.714
10.213	123.471	295.042	247.871
10.223	124.114	293.665	249.739
10.233	123.471	293.750	249.782
10.243	123.471	293.834	249.840
10.253	123.471	293.936	249.912
10.263	123.471	294.293	194.948
10.273	124.905	295.605	195.060
10.283	123.471	195.139	294.293
10.293	126.357	193.746	83.182
10.303	193.746	124.308	83.129
10.313	195.998	83.259	124.358
10.323	195.998	83.364	124.401
10.333	83.364	195.998	124.466
10.343	83.364	195.998	124.531
10.353	83.364	195.998	124.531
10.363	82.407	195.998	392.517
10.373	82.407	195.998	392.426
10.383	82.407	195.998	394.312
10.393	82.407	196.190	391.995
10.403	82.407	123.093	391.995
10.413	82.407	124.308	391.746
10.423	82.407	124.905	391.882
10.433	82.407	124.905	391.995
10.443	82.407	124.000	390.842
10.453	82.407	124.301	389.288
10.463	82.407	125.738	390.256
10.473	82.407	122.053	389.985
10.483	82.407	125.412	389.783
10.493	83.364	122.717	390.775
10.503	82.407	383.042	124.459
10.513	82.407	391.181	124.545
10.523	82.407	390.053	124.660
10.533	82.407	390.278	126.576
10.543	83.364	391.995	124.848
10.553	82.769	388.951	124.862
10.563	82.407	391.995	123.864
10.573	83.364	391.995	126.036
10.583	82.407	391.995	124.473
10.593	83.374	390.346	124.588
10.603	82.407	391.995	124.459
10.613	82.407	391.633	125.339
10.623	82.407	391.995	124.905
10.633	82.407	392.154	123.928
10.643	82.521	391.995	1005.846
10.653	82.407	195.760	997.802
10.663	82.407	193.746	987.767
10.673	195.489	82.407	985.089
10.683	198.275	995.212	99.057
10.693	193.746	99.138	999.244
10.703	198.275	100.289	994.407
10.713	99.138	195.771	658.532
10.723	97.999	196.179	662.156
10.733	99.138	196.258	662.998
10.743	98.538	196.281	658.608
10.753	97.999	196.338	657.582
10.763	99.138	195.998	662.615
10.773	99.138	195.998	661.926
10.783	100.289	196.803	995.154
10.793	97.999	196.792	995.384
10.803	98.692	995.499	196.621
10.813	97.999	998.494	196.826
10.823	97.999	995.902	196.690
10.833	99.138	995.039	196.758
10.843	994.752	97.266	196.826
10.853	996.017	100.289	561.877
10.863	997.168	100.289	557.641
10.873	997.975	96.873	557.319
10.883	996.880	557.029	98.584
10.893	995.787	554.365	98.606
10.903	994.867	554.557	196.428
10.913	994.924	557.287	277.535
10.923	995.154	556.322	277.183
10.933	995.614	277.183	556.129
10.943	995.499	277.183	197.658
10.953	995.384	277.792	197.726
10.963	995.039	277.872	197.783
10.973	994.350	493.883	280.403
10.983	992.686	493.883	198.275
10.993	989.766	498.383	196.701
11.003	505.778	993.431	198.275
11.013	497.606	1185.840	993.259
11.023	1196.366	497.520	92.461
11.033	1197.956	497.405	92.504
11.043	1194.364	496.687	92.552
11.053	1176.832	92.499	494.997
11.063	1170.527	92.499	246.942
11.073	1171.948	245.803	92.499
11.083	1173.032	245.988	92.499
11.093	1173.100	246.942	92.573
11.103	1180.100	246.942	73.416
11.113	1178.329	246.386	496.515
11.123	1188.308	246.942	496.716
11.133	1187.896	242.335	495.655
11.143	1192.640	246.771	499.622
11.153	1169.176	246.942	69.996
11.163	1169.108	246.942	70.915
11.173	1190.300	249.811	69.907
11.183	1182.010	247.527	69.830
11.193	1173.303	246.942	186.456
11.203	1168.838	249.811	184.997
11.213	1161.167	247.956	184.997
11.223	1167.624	248.028	189.201
11.233	1169.987	246.942	185.940
11.243	1175.949	249.811	185.693
11.253	1182.693	248.014	185.532
11.263	1188.308	247.914	184.997
11.273	1161.167	247.456	185.275
11.283	1188.308	246.942	187.147
11.293	1183.376	249.811	184.997
11.303	1180.986	246.229	184.997
11.313	1180.918	246.942	180.876
11.323	1181.532	247.727	184.485
11.333	1180.918	249.811	184.997
11.343	1178.193	245.038	184.453
11.353	1188.308	247.470	123.471
11.363	1176.696	244.105	123.471
11.373	249.393	1179.486	123.656
11.383	248.387	1181.054	123.692	590.903
11.393	247.670	1188.308	123.471	591.517
11.403	249.811	1177.852	123.471	984.975
11.413	246.942	1178.397	124.905	993.144
11.423	249.811	1180.509	123.471	983.894
11.433	245.789	123.935	1180.441	976.421
11.443	246.471	123.957	1179.350	976.421
11.453	248.372	123.471	1181.054	984.690
11.463	248.014	123.471	1180.645	983.213
11.473	246.942	124.905	1179.418	980.830
11.483	246.557	124.905	1178.805	986.911
11.493	246.942	124.905	1180.441	987.767
11.503	123.471	249.811	1181.191	988.509
11.513	123.471	249.811	1182.351	1001.324
11.523	123.471	248.143	1180.441	999.244
11.533	123.471	249.811	1180.304	990.166
11.543	123.471	249.811	991.998	1181.054
11.553	123.471	245.349	990.223	1180.100
11.563	123.471	249.811	983.781	590.050
11.573	123.471	249.811	982.248	587.737
11.583	123.471	982.304	241.301	583.576
11.593	123.471	982.929	248.042	588.076
11.603	124.905	999.244	246.942	584.048
11.613	123.471	999.244	252.714	592.235
11.623	124.617	992.170	246.942	593.708
11.633	123.471	994.752	248.358	587.330
11.643	124.905	996.535	248.430	582.633
11.653	123.471	996.765	249.811	588.654
11.663	124.905	994.350	248.014	594.154
11.673	124.905	991.425	246.942	588.926
11.683	123.571	990.967	252.714	588.994
11.693	124.473	991.883	247.470	588.960
11.703	123.878	976.421	248.473	588.178	182.598
11.713	123.471	991.883	249.105	588.824	185.211
11.723	124.315	246.942	999.244	185.318	588.756
11.733	123.471	252.757	999.244	190.088	1320.721
11.743	123.471	249.306	999.244	1318.510	185.372
11.753	123.471	249.811	1318.510	992.972	185.297
11.763	123.471	248.975	1322.018	300.529
11.773	123.471	1318.510	249.407	296.563
11.783	123.471	1327.451	249.811	295.212
11.793	123.471	1325.765	249.162	291.434
11.803	124.905	1321.102	294.940	246.942
11.813	124.315	1314.860	294.684	249.811
11.823	123.471	1324.617	293.665	249.004
11.833	123.471	1311.295	293.665	249.811
11.843	123.471	1318.510	297.489	249.076
11.853	123.471	1326.301	295.144	248.832
11.863	123.471	294.361	1334.139	248.817
11.873	122.053	295.861	1338.616	246.942
11.883	123.471	293.665	1341.557	248.057
11.893	123.471	292.666	1344.195	249.811
11.903	123.471	293.631	1348.316	249.811
11.913	124.905	294.838	1348.005	247.727
11.923	123.471	294.497	1341.093	249.811
11.933	123.471	290.292	1333.831	249.177
11.943	123.471	293.665	1327.221	249.811
11.953	124.315	292.159	1318.510	249.811
11.963	123.471	292.818	1318.510	249.811
11.973	123.606	1318.510	293.427	249.321
11.983	1318.510	123.471	294.089	249.811
11.993	1333.754	124.251	294.667	246.942
12.003	1338.307	123.471	297.077	249.811
12.013	1339.467	123.471	293.665	249.811
12.023	123.656	1338.616	293.665	248.501
12.033	123.835	1333.831	293.665	248.229
12.043	123.471	294.361	1333.831	249.206
12.053	123.471	295.127	1330.983	247.427
12.063	295.144	126.357	1328.525	246.885
12.073	293.665	123.207	1327.221	183.380
12.083	297.077	122.053	1331.214	180.772
12.093	297.077	120.651	1340.008	183.656
12.103	297.077	120.651	1332.906	183.433
12.113	293.936	122.710	370.059	1332.675
12.123	297.077	122.639	368.416	1189.475
12.133	297.077	123.471	372.396	1190.438
12.143	293.665	369.888	120.651	1190.988
12.153	294.055	370.208	123.471	1191.607
12.163	294.327	369.994	1192.227	122.689
12.173	294.565	369.354	1191.951	122.859
12.183	294.378	1191.332	369.589	123.058
12.193	294.174	1190.438	370.551	123.264
12.203	293.665	1190.575	371.172	123.442
12.213	293.665	1191.470	371.043	123.471
12.223	293.665	1192.502	123.471	371.258
12.233	293.665	123.471	1203.088	371.472
12.243	293.784	123.471	1199.272	374.294
12.253	293.801	124.905	369.994	1195.123
12.263	293.733	123.792	372.073	1195.468
12.273	297.077	123.471	374.294	442.805
12.283	297.077	124.905	371.708	1134.056
12.293	293.665	123.471	1134.384	442.447
12.303	293.885	123.471	1133.729	442.191
12.313	297.077	123.656	1134.646	441.885
12.323	293.665	123.471	1133.336	441.630
12.333	293.665	123.485	1134.646	442.932
12.343	293.665	123.471	1134.646	443.060
12.353	293.665	123.471	1130.394	441.043
12.363	293.665	123.471	1133.729	440.000
12.373	293.665	123.471	1133.729	440.000
12.383	293.868	123.471	1130.459	440.000
12.393	294.872	123.471	440.000	1130.394
12.403	293.801	440.000	123.471	1131.700
12.413	294.906	440.610	123.756	1133.401
12.423	293.665	441.579	124.905
12.433	440.509	297.077	124.905
12.443	445.113	292.818	123.471
12.453	294.225	441.859	123.685
12.463	294.225	442.140	123.599
12.473	294.208	442.498
12.483	294.157	247.670
12.493	294.106	250.259
12.503	246.942	294.055
12.513	247.456	294.072
12.523	245.888	290.292	69.296
12.533	246.942	297.077	69.296
12.543	246.942	292.530	69.296
12.553	248.372	297.077	98.044
12.563	248.659	294.650	99.138
12.573	248.875	294.701	96.873
12.583	249.047	294.718	415.329
12.593	246.942	293.377	415.689
12.603	252.714	296.563	166.498
12.613	252.714	294.752	166.498
12.623	252.714	294.599	164.814
12.633	246.942	296.837	166.729
12.643	249.811	292.699	168.666
12.653	247.642	294.514	166.066
12.663	246.942	294.497	167.008
12.673	246.942	293.309	167.172
12.683	247.885	293.665	167.337
12.693	246.671	167.501	294.531
12.703	246.173	167.656	72.573
12.713	246.942	167.821	70.699
12.723	249.811	168.666	70.040
12.733	246.016	166.729	70.000
12.743	247.341	168.666	69.955
12.753	247.370	168.666	1011.263
12.763	247.570	167.869	1011.380
12.773	248.803	167.743	1010.855
12.783	247.556	167.588	1011.497
12.793	246.984	167.269	1009.338
12.803	248.458	166.970	1015.067
12.813	249.378	166.681	418.822
12.823	246.585	166.729	425.012
12.833	247.213	166.729	420.130
12.843	247.256	166.729	418.266
12.853	245.123	165.769	583.643
12.863	246.372	165.654	580.583
12.873	246.942	166.729	580.583
12.883	249.811	161.049	82.812
12.893	249.811	165.520	370.272
12.903	248.343	165.635	370.315
12.913	370.486	248.559	165.816
12.923	369.332	165.998	251.287
12.933	370.401	166.729	83.249
12.943	371.601	166.729	83.355
12.953	370.401	166.546	83.441
12.963	370.508	166.729	84.333
12.973	370.422	166.729	1013.485
12.983	369.994	166.729	987.767
12.993	370.016	167.221	998.840
13.003	370.486	998.840	168.666
13.013	370.551	998.840	167.269
13.023	370.315	998.782	493.057
13.033	370.486	990.852	488.211
13.043	370.337	999.244	493.085
13.053	370.529	999.244	495.369
13.063	370.572	1008.696	1022.246
13.073	370.615	1021.242	495.140
13.083	370.765	1022.600	495.741
13.093	370.850	1022.600	496.171
13.103	371.408	496.486	1022.600	1000.804
13.113	371.215	494.740	1022.423	164.785
13.123	369.994	495.684	1022.600	164.709
13.133	369.994	505.427	1022.482	164.814
13.143	369.994	499.622	1022.600	164.814
13.153	371.644	493.883	1022.600	164.547
13.163	369.994	493.883	164.500	1022.600
13.173	370.294	499.622	164.814	1022.600
13.183	370.679	493.798	161.049	1022.600
13.193	371.086	494.597	164.490	1022.600
13.203	370.401	494.826	166.729	1022.600
13.213	369.994	1022.600	164.814	495.655
13.223	370.465	1022.600	164.814	495.312
13.233	370.422	1022.600	164.681	494.826
13.243	369.994	1022.600	164.719	494.483
13.253	1022.600	370.529	164.823	331.939
13.263	1022.600	370.700	164.814
13.273	1022.600	369.994	331.863
13.283	333.458	1022.659	165.176
13.293	330.791	1022.659	165.185
13.303	329.628	165.176	1022.718
13.313	333.458	165.214	1022.777
13.323	333.458	164.814	1022.777
13.333	332.016	165.052	1022.600	373.020
13.343	329.323	166.440	1022.836	373.128
13.353	1022.600	164.814	332.208	374.294
13.363	1022.600	332.323	165.912	373.085
13.373	1024.019	332.419	164.814	373.020
13.383	1023.250	333.458	165.262	372.719
13.393	1022.600	333.458	164.814	372.999
13.403	333.458	1022.600	165.310	370.872
13.413	331.059	1022.600	165.329	372.202
13.423	333.458	1022.600	164.814	372.095
13.433	333.458	165.386	1022.600	372.009
13.443	333.458	164.443	1023.605	374.358
13.453	329.628	166.729	1024.906	369.994
13.463	331.748	166.729	1026.921	369.994
13.473	165.615	327.710	1028.880	371.579
13.483	165.673	333.458	1031.320	371.794
13.493	164.814	331.422	1022.600	373.408
13.503	164.814	331.422	1022.600	93.573
13.513	165.319	333.458	1022.600	92.499
13.523	166.306	329.000	1040.715	93.573
13.533	166.729	331.116	1041.978	69.296
13.543	165.826	330.944	1058.662	69.296
13.553	331.326	166.729	1061.233	69.436
13.563	330.085	166.729	1049.772	70.915
13.573	333.458	164.814	1067.196	69.376
13.583	333.458	1052.321	164.814	69.272
13.593	333.458	1075.613	164.814
13.603	330.104	1070.963	166.729
13.613	329.628	1053.599	165.759
13.623	329.628	1052.929	70.915
13.633	329.628	1051.835	68.996
13.643	329.628	1050.196	280.403
13.653	329.628	278.097	93.573
13.663	330.791	277.183	92.975
13.673	329.951	278.177	92.927
13.683	330.199	278.113	92.499
13.693	333.458	278.966	92.830
13.703	330.982	277.952	92.777
13.713	331.499	277.455	92.707
13.723	329.685	277.776	92.499
13.733	331.365	277.183	92.638
13.743	331.480	277.183	92.632
13.753	333.458	277.872	92.627
13.763	333.458	92.643	277.535
13.773	329.247	92.654	277.487
13.783	331.480	92.499	277.423
13.793	333.381	92.499	277.359
13.803	329.628	92.499	277.327
13.813	330.466	93.573	1791.902
13.823	331.231	92.670	1799.474
13.833	331.154	92.499	1791.592
13.843	330.619	92.627	1780.039
13.853	333.458	92.611	1776.854
13.863	330.963	92.499	1774.393
13.873	329.628	92.499	1772.549
13.883	1771.116	330.600	92.499
13.893	1754.620	330.867	92.499
13.903	1752.696	330.887	164.814
13.913	1755.735	330.447	165.453
13.923	1764.785	277.343	165.453
13.933	1780.450	277.087	165.472
13.943	1781.788	276.863	166.729
13.953	1787.767	277.183	164.814
13.963	1783.950	277.183	166.729
13.973	1772.242	277.215	166.729
13.983	1764.683	277.311	165.434
13.993	277.663	1761.119	165.396	890.019
14.003	277.071	162.921	1760.813	890.225
14.013	277.183	162.921	1734.366	890.225
14.023	277.183	166.729	1754.316	890.225
14.033	277.471	166.729	1719.802	1675.771
14.043	277.183	165.491	1674.901	889.197
14.053	277.183	165.501	1675.675	888.889
14.063	276.783	164.852	1675.965	888.581
14.073	166.729	271.525	1676.740	888.222
14.083	166.729	277.183	1677.709	884.025
14.093	164.890	279.692	1675.868	297.077
14.103	164.814	277.183	1673.837	297.077
14.113	166.729	277.215	1676.159	73.697
14.123	164.814	277.183	1673.063	73.692
14.133	164.814	1676.062	277.183
14.143	165.596	73.416	1679.357
14.153	164.814	73.416	1680.521
14.163	166.729	73.620	1683.241
14.173	166.729	73.416	1685.382
14.183	164.814	73.488	1687.330
14.193	164.814	74.269	1688.890
14.203	166.575	73.416	1692.210
14.213	165.252	1692.210	73.565
14.223	166.729	1692.112	73.416
14.233	166.729	1692.797	73.416
14.243	164.814	1692.699	296.683
14.253	164.814	1692.895	293.665
14.263	164.814	1694.068	294.855
14.273	164.814	1693.481	293.665
14.283	164.814	1691.526	293.665
14.293	164.814	1689.866	293.665
14.303	164.814	1688.793	298.281
14.313	168.890	1690.354	293.665
14.323	165.625	1688.695	293.665
14.333	164.814	1688.890	295.281
14.343	165.367	1689.866	297.077
14.353	166.729	1689.671	295.742
14.363	165.682	295.895	1686.356
14.373	296.032	165.654	1688.793
14.383	296.066	165.558	70.101
14.393	297.283	165.453	67.713
14.403	297.713	165.319	68.698
14.413	297.077	166.729	68.563
14.423	293.258	164.814	67.713
14.433	297.077	162.921	67.713
14.443	297.077	164.814	67.713
14.453	293.665	166.190	68.121
14.463	166.729	293.665	68.027
14.473	162.921	293.665	67.917	1501.071
14.483	165.233	293.665	67.795	1497.174
14.493	164.367	290.292	67.713	1502.112
14.503	166.729	294.157	1514.571	67.713
14.513	165.081	294.174	1514.571	73.442
14.523	164.814	297.077	73.535	1502.459
14.533	166.729	294.276	74.269	1502.459
14.543	166.056	294.684	74.269	1502.719
14.553	164.814	294.480	73.416
14.563	165.864	294.565	73.416
14.573	168.656	294.786	1503.066	73.654
14.583	164.814	293.665	1503.848	73.667
14.593	166.729	293.665	1504.196	492.886
14.603	164.462	293.665	1509.679	495.054
14.613	164.814	293.834	1510.901	73.514
14.623	165.836	1514.571	300.529	73.416
14.633	166.729	1510.988	293.665	73.416
14.643	167.530	1500.984	295.008	73.416
14.653	167.549	1497.174	293.665	73.387
14.663	164.814	1493.546	73.382	295.195
14.673	161.403	1514.571	73.416	295.383
14.683	166.729	1496.223	73.416	297.077
14.693	166.729	1496.915	73.416	496.859
14.703	164.814	1502.719	73.128	499.622
14.713	164.814	73.416	1514.396	497.117
14.723	167.637	73.234	1502.112
14.733	164.471	73.416	1497.174
14.743	165.138	73.416	1501.244
14.753	165.769	73.209	1501.678
14.763	166.729	73.217	1501.418
14.773	160.529	71.739	558.866
14.783	164.662	73.378	565.916
14.793	73.552	556.547	164.538
14.803	557.577	73.739	82.374
14.813	557.126	73.918	79.600
14.823	553.150	75.132	79.082
14.833	556.515	74.175	70.915
14.843	74.274	556.547	70.915
14.853	74.269	554.654	70.291
14.863	74.269	280.403	555.904
14.873	74.432	279.304	1334.062
14.883	74.269	278.917	1330.061
14.893	74.394	277.183	1329.600
14.903	74.338	1331.444	278.386
14.913	74.029	1335.527	277.183
14.923	74.695	281.979	1336.067
14.933	75.132	283.105	1344.039
14.943	73.965	1348.238	277.423
14.953	75.132	1334.062	277.183
14.963	73.416	1333.214	270.852
14.973	74.269	1344.195	272.751
14.983	73.850	1331.367	276.847
14.993	71.739	1324.923	276.911
15.003	1318.510	73.748	277.183
15.013	1318.510	73.731	277.023
15.023	1318.510	277.183	73.416
15.033	1328.986	277.231	73.731
15.043	1333.831	277.183	73.773
15.053	1344.816	283.661	74.269
15.063	1332.291	277.183	74.269
15.073	1332.060	280.403	73.910
15.083	1331.752	271.196	73.416
15.093	1348.706	276.895	69.296
15.103	1330.445	69.296	276.719
15.113	1339.157	69.296	276.511
15.123	1349.329	70.101	276.256
15.133	1320.950	69.665	82.947
15.143	1311.901	82.937	70.101
15.153	1307.589	83.364	273.999
15.163	1309.024	83.364	273.999
15.173	1315.239	82.407	208.458
15.183	1324.311	82.074	208.229
15.193	1330.599	83.364	207.652
15.203	83.364	1349.329	207.868
15.213	82.407	1333.831	204.120
15.223	82.497	1330.906	207.724
15.233	83.364	1331.521	207.748
15.243	83.364	1346.293	207.760
15.253	83.364	1350.577	210.065
15.263	83.364	1349.329	207.820
15.273	82.407	1321.102	281.653
15.283	82.407	1312.280	281.556
15.293	82.407	1309.327	281.442
15.303	81.767	1318.510	280.403
15.313	82.407	1309.630	283.661
15.323	82.407	1317.292	280.403
15.333	82.407	1329.062	280.744
15.343	83.364	1340.086	280.614
15.353	83.090	1326.072	280.501
15.363	82.407	1325.536	280.403
15.373	83.047	1325.536	280.403
15.383	83.364	1324.770	280.403
15.393	81.193	1326.378	280.403
15.403	82.407	1333.831	280.403
15.413	1327.758	83.364	277.183
15.423	1318.510	82.750	278.869
15.433	1308.571	282.664	83.364
15.443	1302.312	278.692	82.564
15.453	1297.657	277.183	82.407
15.463	1338.461	277.952	81.460
15.473	1312.659	273.999	82.431
15.483	1321.789	277.647	82.407
15.493	1328.525	277.519	220.153
15.503	1349.329	279.143	220.000
15.513	277.183	222.556	1328.065
15.523	220.000	277.183	90.386
15.533	217.473	90.386	277.183
15.543	221.773	90.386	275.841
15.553	220.000	90.894	277.904
15.563	92.499	217.473	277.327
15.573	92.499	220.000	1329.062
15.583	92.499	220.445	1315.999
15.593	93.573	220.369	1328.679
15.603	93.573	221.415	1329.293
15.613	92.499	220.242	1311.522
15.623	92.499	220.356	1332.060
15.633	92.499	220.000	1331.675
15.643	220.000	93.573	1333.831
15.653	217.473	92.499	1349.329
15.663	222.556	92.499	1336.762
15.673	222.556	1337.688	90.920
15.683	1349.329	222.685	92.499
15.693	1349.173	217.951	92.456
15.703	1339.157	220.598	92.456
15.713	1330.829	92.472	221.300
15.723	1328.602	92.493	277.183
15.733	1329.600	92.515	277.183
15.743	1333.060	93.573	277.856
15.753	1340.241	93.147	277.744
15.763	1354.483	92.499	280.403
15.773	1349.329	90.386	277.183
15.783	92.499	1349.329	277.760
15.793	93.573	1349.329	276.655
15.803	92.499	1327.911	277.711
15.813	92.499	1318.510	277.695
15.823	92.499	1338.461	277.728
15.833	92.499	1338.616	277.728
15.843	92.499	277.695	1338.539
15.853	92.499	277.679	185.854
15.863	93.573	185.800	277.663
15.873	90.386	185.800	590.254
15.883	92.424	181.483	594.154
15.893	92.413	590.493	185.983
15.903	94.661	590.425	187.147	277.824
15.913	92.328	581.355	189.321	279.498
15.923	91.436	590.493	186.166
15.933	91.436	590.595	184.997
15.943	92.499	594.154	186.155
15.953	92.499	594.154	186.198
15.963	592.612	91.436	187.147
15.973	594.154	93.573	1181.669
15.983	582.565	91.436	1187.896
15.993	594.154	91.436	1161.167
16.003	590.357	92.227	1188.308
16.013	586.482	91.436	330.772
16.023	591.927	92.386	331.154
16.033	586.550	331.499	1185.703
16.043	590.288	330.161	1182.556
16.053	333.458	592.098	1182.693
16.063	331.116	590.391	1182.898
16.073	331.346	1181.805	590.664
16.083	331.346	1183.786	590.903
16.093	332.131	1181.669	90.857
16.103	1182.078	329.628	92.440
16.113	1182.556	331.059	92.429
16.123	1183.171	332.996	93.573
16.133	1183.992	331.595	93.573
16.143	1185.840	331.441	91.288
16.153	1190.506	330.180	91.436
16.163	1188.308	331.767	90.386
16.173	1202.115	92.344	331.231
16.183	1197.956	93.573	333.458
16.193	1202.115	217.473	92.568
16.203	1188.308	220.000	93.573
16.213	220.000	1193.812	372.245
16.223	220.292	374.294	1202.115
16.233	220.203	374.294	1193.812	92.884
16.243	220.242	371.751	92.959	1193.122
16.253	222.556	369.994	93.573	1181.669
16.263	220.000	374.294	92.499	1191.057
16.273	218.455	369.888	92.771	296.460
16.283	221.825	369.290	92.675	296.563
16.293	221.083	369.994	93.573	1125.832
16.303	222.556	371.258	92.499	1121.613
16.313	222.556	370.144	92.461	1122.326
16.323	221.108	371.322	92.499	1134.646
16.333	222.556	370.915	91.436	1125.377
16.343	222.556	369.994	91.436	1124.403
16.353	220.000	92.499	374.294	1123.948
16.363	218.632	92.499	370.615	1123.624
16.373	220.000	92.499	374.294	1123.234
16.383	220.000	92.499	371.815	1130.786
16.393	221.645	92.852	374.294	590.220
16.403	222.556	92.499	372.869	593.674
16.413	220.000	92.499	371.730	1104.831
16.423	220.000	92.499	378.643	1106.875
16.433	92.499	221.159	372.912	1130.328
16.443	92.499	220.000	372.740	1140.099
16.453	91.923	220.305	369.994	1125.117
16.463	92.499	220.000	374.294	1147.830
16.473	92.745	222.556	369.994	1147.830
16.483	92.499	220.000	371.601	1147.830
16.493	92.868	369.994	1127.199	220.649
16.503	92.499	1134.646	371.065	1160.765
16.513	93.573	1129.676	370.807	1162.778
16.523	93.573	1129.872	370.529	97.999
16.533	93.573	1124.403	98.118	370.444
16.543	93.730	1129.415	97.999	369.994
16.553	94.661	1128.437	99.138	370.187
16.563	90.700	1130.002	98.356	370.208
16.573	90.386	1134.646	98.424	184.933
16.583	91.807	1128.371	185.115	651.683
16.593	92.499	1130.067	185.243	332.707
16.603	94.661	182.872	1131.374	332.784
16.613	94.661	185.650	330.657	1131.831
16.623	187.147	93.190	333.458	996.535
16.633	184.997	332.900	93.137	999.244
16.643	184.997	333.458	997.399	93.072
16.653	184.997	333.458	999.244	93.002
16.663	187.147	333.458	996.995	92.970
16.673	189.321	333.458	999.244	92.499
16.683	184.997	333.458	999.244	92.857
16.693	333.458	189.321	999.244	92.499
16.703	329.628	187.147	998.206	92.499
16.713	333.458	182.872	996.938	92.499
16.723	333.458	184.997	93.573	998.609
16.733	329.628	187.147	92.499	998.609
16.743	330.791	185.693	92.499	999.244
16.753	330.333	184.176	93.573	999.244
16.763	333.458	184.997	92.873	1135.236
16.773	329.628	1134.646	184.997	92.895
16.783	333.458	1134.646	185.179	82.407
16.793	330.944	1134.646	83.364	185.051
16.803	328.677	1134.646	83.182	590.561
16.813	333.458	1134.646	83.124
16.823	332.016	1136.614	83.158
16.833	332.227	1137.336	83.364
16.843	333.458	1140.692	83.215
16.853	333.458	1140.362	83.244
16.863	331.939	1140.428	1144.784
16.873	333.458	1138.651	1142.670
16.883	1138.914	332.823	1147.830
16.893	1139.638	333.458	1145.115
16.903	1138.717	333.034	92.499
16.913	92.975	300.529	1139.375
16.923	92.499	293.665	1139.309
16.933	92.499	296.032	97.999
16.943	92.879	296.135	219.708
16.953	92.868	219.784	296.254
16.963	222.556	92.847	293.665
16.973	216.658	92.825	296.511
16.983	217.473	92.499	300.529
16.993	217.473	92.499	295.178
17.003	222.556	92.499	296.683
17.013	221.876	94.661	296.700
17.023	222.556	92.499	296.854
17.033	220.000	92.739	898.491
17.043	219.835	92.729	898.698
17.053	222.556	92.499	900.569
17.063	220.394	92.499	900.673
17.073	222.556	92.499	900.569	297.077
17.083	222.556	92.499	900.569	917.688
17.093	221.172	92.499	889.660	918.802
17.103	222.556	92.499	898.127	911.033
17.113	222.556	92.499	894.503	920.608
17.123	222.556	92.499	903.696	921.512
17.133	219.404	94.661	911.033	277.183
17.143	219.416	92.499	278.627	911.033
17.153	218.581	92.499	278.611	932.328
17.163	222.556	92.531	277.183	953.403
17.173	222.556	90.941	277.183	926.690
17.183	219.911	92.686	284.959	926.744
17.193	220.000	92.461	277.183	445.113
17.203	222.556	92.445	277.583	443.214
17.213	221.658	92.435	278.032	442.907
17.223	222.556	92.499	277.888	440.661
17.233	220.280	92.499	277.679	442.268
17.243	218.695	92.435	277.183	442.012
17.253	220.000	92.499	277.231	441.808
17.263	220.000	92.499	272.594	441.579
17.273	222.556	92.499	277.103	441.375
17.283	222.556	92.499	280.452	438.073
17.293	221.825	92.499	277.183	445.113
17.303	221.979	277.247	92.499	440.789
17.313	222.556	277.968	110.369	92.499
17.323	111.278	274.903	225.442	1176.764
17.333	111.278	1184.676	277.487	222.466
17.343	108.737	1172.016	277.183	222.492
17.353	110.000	1172.354	280.403	222.415
17.363	110.000	1174.931	277.183	222.261
17.373	110.000	1176.628	277.856	222.556
17.383	111.278	1177.444	277.695
17.393	110.000	1177.988	277.872
17.403	110.000	1178.057	277.455
17.413	111.278	1177.784	277.279
17.423	111.278	1177.988	277.135
17.433	111.278	1178.329	276.943
17.443	110.000	1178.601	276.783
17.453	110.000	1178.261	278.998
17.463	110.000	1177.648	277.792
17.473	111.278	1177.784	270.852
17.483	111.278	1178.057	276.463
17.493	111.278	1176.628	277.183
17.503	110.000	1174.659	276.895
17.513	110.000	1179.350	277.183
17.523	111.278	1179.486	1329.446
17.533	111.278	1179.895	1332.752
17.543	111.278	1178.261	1335.218
17.553	111.278	1178.805	1336.762
17.563	108.737	1177.988	1337.998
17.573	108.737	1339.312	1176.492
17.583	110.000	1340.318	1178.329
17.593	110.000	1340.318	1178.193
17.603	109.797	1340.008	1181.532
17.613	110.000	1339.854	1180.304
17.623	108.737	1339.776	1179.078
17.633	110.000	1339.854	1179.146
17.643	111.871	1339.699	1179.214
17.653	110.000	1341.325	1176.289	119.265
17.663	111.272	1344.816	1179.146	117.895
17.673	1345.826	111.394	1179.146	117.372
17.683	1342.410	111.278	1181.942	115.202
17.693	1342.720	110.305	1178.261	92.243
17.703	1342.875	1179.895	110.337	91.436
17.713	1182.146	1343.031	92.499	110.369
17.723	1176.696	1339.621	92.397	138.591
17.733	1176.628	1342.177	92.445	141.014
17.743	1170.798	92.499	1349.329	139.193
17.753	1175.541	93.180	139.081	1343.729
17.763	1175.406	92.483	138.984	220.000
17.773	1169.176	138.872	92.435	222.556
17.783	1170.460	138.591	92.499	441.987	217.473
17.793	1177.512	138.591	92.333	440.559	222.556
17.803	1179.895	138.591	443.419	92.280	221.083
17.813	1175.406	138.591	439.746	92.499	221.236
17.823	1176.696	92.499	138.792	438.199	221.351
17.833	1177.784	92.109	138.591	443.291	221.441
17.843	1178.737	92.499	138.872	446.942	221.492
17.853	89.928	138.591	1179.214	446.709	221.530
17.863	92.030	137.682	444.214	1179.350	223.794
17.873	92.499	220.000	139.113	444.445	1178.669
17.883	93.573	222.556	142.126	444.599	1490.186
17.893	92.499	222.556	448.416	138.591	1488.379
17.903	91.992	221.070	444.701	139.322	1484.515
17.913	220.000	92.499	444.522	1485.116
17.923	220.891	445.113	91.918	1532.080
17.933	446.709	220.000	91.886	1532.080
17.943	445.421	91.849	221.517	1532.080
17.953	436.935	92.499	221.620	1527.574
17.963	445.113	92.499	221.748	1534.738
17.973	440.000	90.386	1532.169	222.556
17.983	446.245	90.386	1534.915	222.107
17.993	441.451	90.386	1532.169
18.003	440.000	93.573	139.660
18.013	442.012	91.881	138.703
18.023	91.929	441.834	138.639
18.033	91.971	445.962	138.591
18.043	92.499	439.264	138.591
18.053	92.499	437.213	138.591
18.063	93.573	442.984	138.423
18.073	93.573	442.498	137.285
18.083	90.386	442.932	138.591
18.093	92.104	443.521
18.103	444.137	92.056
18.113	444.676	92.035
18.123	448.908	371.644	757.285
18.133	371.536	445.113
18.143	371.451	446.245
18.153	374.294	109.746
18.163	371.129	109.797
18.173	370.187	108.737
18.183	370.915	108.737	1342.488
18.193	370.915	110.000	1338.307
18.203	370.679	111.278	1337.688
18.213	370.743	111.278	1337.379
18.223	369.994	111.278	1336.993
18.233	370.294	108.737	1335.527
18.243	374.294	108.737	1334.910
18.253	369.802	111.278	1336.375
18.263	370.893	108.737	1336.298
18.273	378.643	111.278	1336.607
18.283	371.472	111.278	1336.993
18.293	108.498	370.230	1336.453
18.303	111.278	369.866	1336.067
18.313	110.000	370.786	1333.831
18.323	110.000	374.294	1336.144
18.333	109.987	371.622	1181.123
18.343	110.000	371.472	1181.669
18.353	110.000	372.267	1170.595
18.363	110.153	372.654	1183.992
18.373	111.278	370.722	1181.873
18.383	111.278	372.676	1182.693
18.393	108.737	374.294	1185.086
18.403	108.737	369.994	1185.908
18.413	107.861	374.294	1188.308
18.423	109.291	1188.308	370.379
18.433	108.737	372.654	1188.514
18.443	109.177	374.294	1195.123
18.453	108.737	371.558	1168.838
18.463	108.737	372.417	1202.115
18.473	108.737	374.294	1174.659
18.483	108.737	374.294	1188.308
18.493	110.000	367.311	1191.676
18.503	108.737	372.417	1187.142
18.513	108.737	371.322	1334.987
18.523	374.294	108.737	1334.987
18.533	372.805	109.108	1335.218
18.543	372.912	109.183	1335.372
18.553	374.294	109.278	1335.527
18.563	374.294	110.000	346.996
18.573	373.300	109.468	346.956
18.583	342.318	1124.338	109.562
18.593	346.976	1119.413	69.911
18.603	349.228	1119.607	69.895
18.613	351.028	1127.069	69.883
18.623	347.538	70.101	1127.850
18.633	69.296	1126.808	346.756
18.643	70.101	1133.991	346.556
18.653	69.830	1134.646	349.228
18.663	70.101	1127.199	341.252
18.673	69.798	1126.288	343.884
18.683	69.296	1134.646
18.693	70.101	1134.646
18.703	70.101	1122.586
18.713	70.101	1117.733
18.723	69.296	1115.347
18.733	1114.252	69.296
18.743	1114.188	69.312
18.753	1113.673	70.101	139.442
18.763	1113.801	70.101	139.402
18.773	1115.025	69.782	140.202
18.783	1118.443	70.101	138.615
18.793	1122.975	69.757	138.591
18.803	1131.831	70.915	138.591
18.813	1134.646	69.296	140.064
18.823	1134.646	69.296	139.177
18.833	1124.662	69.296	139.161
18.843	1134.646	69.296	139.137
18.853	1124.143	69.296	140.202
18.863	1121.613	69.729	138.591
18.873	1121.613	69.753	138.591
18.883	1111.552	70.101	138.984
18.893	1121.613	70.915	138.599
18.903	1106.427	69.296	138.872
18.913	1134.646	69.296
18.923	1116.765	70.101
18.933	1123.559	70.772
18.943	1124.078	70.915
18.953	1117.152	69.838
18.963	1117.927	69.296
18.973	69.733	1123.169
18.983	69.673	1124.143
18.993	69.609	1134.646
19.003	69.564	1125.897
19.013	70.101	1126.288
19.023	69.296	1124.922
19.033	69.296	1127.915
19.043	69.296	1138.059
19.053	69.296	1128.567
19.063	69.296	1117.604
19.073	69.296	1128.111
19.083	69.296	1128.371
19.093	69.296	1127.850
19.103	69.296	1127.850
19.113	69.296	1134.646
19.123	69.328
19.133	69.296
19.143	69.296
19.153	69.296
19.163	69.296
19.173	69.296
19.183	69.992
19.193	69.444
19.203	69.448
19.213	69.448
19.223	69.444
19.233	69.296
19.243	69.903
19.253	69.296
19.263	69.296
19.273	69.296
19.283	69.296
19.293	69.348	596.423
19.303	69.344	589.709
19.313	69.340	586.414
19.323	69.296	590.220
19.333	69.296	370.722
19.343	69.296	371.300
19.353	69.284	370.444
19.363	369.589	69.352
19.373	370.379	69.296
19.383	371.129	69.204
19.393	369.845	69.641
19.403	369.717	69.112
19.413	370.444	69.040
19.423	370.807	68.948
19.433	369.994	588.450
19.443	370.187	590.459
19.453	370.187	588.688
19.463	370.187	73.773
19.473	369.994	72.573
19.483	369.888	73.841
19.493	370.251	73.910
19.503	370.401	74.269
19.513	370.401	74.012
19.523	369.994	74.055
19.533	370.765	74.269
19.543	370.872	74.269
19.553	370.979	74.269
19.563	369.994	74.209
19.573	374.294	140.957
19.583	371.258	142.422
19.593	371.923	140.705
19.603	371.193	589.130
19.613	370.016	587.737
19.623	370.230	588.382
19.633	369.994	588.382
19.643	372.095	588.926
19.653	372.245	588.280
19.663	371.300	98.715
19.673	371.258	98.703
19.683	371.515	98.738
19.693	99.138	247.556
19.703	246.942	99.138
19.713	246.942	97.999
19.723	247.813	98.795
19.733	249.162	98.829
19.743	247.885	98.846
19.753	249.811	496.314
19.763	247.813	498.181
19.773	246.942	497.405
19.783	246.942	497.146
19.793	247.313	496.744
19.803	247.613	496.917
19.813	247.541
19.823	247.441
19.833	247.284
19.843	247.170
19.853	247.027
19.863	1492.253
19.873	1491.994
19.883
19.893
19.903
19.913
19.923
19.933
19.943
19.953
19.963
19.973
19.983
19.993
20.003
20.013
20.023
20.033	103.175
20.043	103.186
20.053	103.198
20.063	103.204
20.073	103.186	350.501
20.083	103.826	350.603
20.093	103.151	351.617
20.103	101.455	350.765	1429.564
20.113	103.826	349.228	1426.512
20.123	103.826	350.825	1435.107
20.133	348.825	103.407	1428.821
20.143	352.125	103.455	1420.510
20.153	351.109	103.503	1424.701
20.163	350.907	102.634	1408.499
20.173	353.286	103.826	1424.454
20.183	353.286	102.634	1424.783
20.193	349.228	105.033	1429.564
20.203	350.927	105.033	208.121
20.213	349.228	207.329	1425.277
20.223	353.286	210.065	1424.783
20.233	350.461	207.892	1424.536
20.243	350.178	207.748	1446.175
20.253	349.228	206.576	1424.125
20.263	349.794	207.473	1423.960
20.273	348.724	207.652	1429.564
20.283	349.228	207.652	1429.564
20.293	349.228	207.652	1429.564
20.303	350.279	207.353	1395.219
20.313	348.624	206.099	1419.198
20.323	349.228	206.922	1418.624
20.333	207.652	349.228	1446.426
20.343	205.267	350.825	138.735
20.353	207.185	350.603	138.848
20.363	206.325	349.228	138.928
20.373	349.228	207.652	138.984
20.383	351.028	207.652	139.056
20.393	349.935	207.389	138.591
20.403	350.036	138.591	205.267
20.413	349.228	139.000	207.377
20.423	349.228	139.354	1404.032
20.433	349.228	140.202	1413.144
20.443	140.202	349.834	1413.144
20.453	138.776	349.228	1413.144
20.463	138.591	353.286	1396.913
20.473	140.202	353.286	1424.536
20.483	138.479	350.846	1436.600
20.493	140.202	353.286	1417.068
20.503	136.999	349.228	1417.723
20.513	138.591	351.353	1418.788
20.523	140.202	353.286
20.533	140.202	349.935
20.543	139.265	351.475
20.553	139.298
20.563	139.330
20.573	139.354
20.583	139.451
20.593
20.603
20.613
20.623
20.633
20.643
20.653
20.663
20.673
20.683
20.693
20.703
20.713
20.723
20.733
20.743
20.753
20.763
20.773
20.783
20.793
20.803
20.813
20.823	1166.949
20.833	1167.624
20.843	1168.501
20.853	1169.176
20.863	1147.830	124.050
20.873	1174.659	126.357
20.883	1174.659	123.471
20.893	1174.659	124.129
20.903	1174.659	123.471
20.913	1174.659	123.471
20.923	122.053	1174.184
20.933	1180.986	123.471
20.943	1174.659	123.471
20.953	1177.036	124.905
20.963	1174.456	123.542
20.973	1174.659	124.222
20.983	1175.338	123.457
20.993	1174.659	122.053
21.003	1174.659	123.471
21.013	1174.659	123.471
21.023	1174.659	123.471
21.033	1175.881	123.471
21.043	1175.406	123.471
21.053	1174.727	123.471
21.063	123.471	1175.202
21.073	123.671	1175.406
21.083	123.471	1175.609
21.093	123.471	1176.289
21.103	123.471	1177.240
21.113	123.471	1178.057
21.123	123.471	1179.282
21.133	123.471	1180.372
21.143	123.471	1182.215
21.153	123.471	1183.581
21.163	123.471	1184.539
21.173	123.471	1185.018	371.708
21.183	123.471	1185.086	371.644
21.193	124.301	1183.239	371.601
21.203	124.905	1182.625	369.994
21.213	124.905	1184.812	371.708
21.223	124.043	1185.840	374.294
21.233	124.905	1179.214	370.807
21.243	123.471	1182.693	248.042
21.253	123.471	1177.036	248.616
21.263	124.258	1182.829	249.119
21.273	124.905	1179.350	249.062
21.283	123.471	1182.556	248.803
21.293	123.471	1183.376	248.961
21.303	123.471	1186.662	374.294
21.313	123.471	1190.438	372.934
21.323	123.471	1184.265	372.956
21.333	123.471	1184.949	373.063
21.343	123.471	1182.966	374.294
21.353	123.471	1187.005	1028.643
21.363	124.905	1184.402	1026.269
21.373	123.471	1184.812	374.294
21.383	123.471	1181.123	372.589
21.393	123.471	1180.918	1014.891
21.403	123.471	1182.078	1009.921
21.413	123.471	1185.223	1007.474
21.423	123.471	1187.210	1007.998
21.433	123.471	1010.855	1183.786
21.443	123.471	1012.725	373.020
21.453	123.471	1011.731	378.643
21.463	124.150	1012.081	1022.600
21.473	123.821	1020.063	1012.491
21.483	123.964	1019.239	374.056
21.493	124.905	374.250	1017.592
21.503	123.471	374.294	1021.360
21.513	123.471	372.009	1021.714
21.523	123.471	378.643	1022.069
21.533	123.471	378.643	1022.423
21.543	124.797	371.043	1022.600	252.714
21.553	123.471	373.473	1022.600	249.811
21.563	124.409	369.802	1022.600	250.476
21.573	123.471	374.294	1022.600	252.714
21.583	123.471	378.643	1032.095	250.852
21.593	124.905	371.923	1022.600	210.527
21.603	124.905	369.994	1024.078	210.454
21.613	369.994	124.905	1024.019	210.405
21.623	371.236	123.471	212.506	1023.900
21.633	365.745	209.810	124.021	1022.600
21.643	210.320	369.994	123.935	353.286
21.653	210.065	371.107	353.286
21.663	209.266	350.684	371.215
21.673	209.568	341.725	374.294
21.683	209.568	350.907	371.386
21.693	209.423	351.048	371.730
21.703	353.286	209.278	105.033
21.713	353.286	212.506	105.033
21.723	351.231	208.229	69.601
21.733	350.663	206.779	69.528
21.743	353.286	206.970	69.464
21.753	353.286	207.341	69.412
21.763	349.854	208.626	850.024
21.773	352.125	208.638	850.024
21.783	349.228	208.650	850.024
21.793	349.228	208.674	850.024
21.803	349.228	212.506	846.301
21.813	352.837	207.652	850.024
21.823	352.837	207.652	843.616
21.833	349.228	210.065	842.399
21.843	349.228	210.065	841.232
21.853	350.684	205.267	834.601
21.863	354.697	208.638	833.830
21.873	352.491	207.832	839.194
21.883	349.228	207.832	833.686	139.475
21.893	351.596	208.807	835.469	139.531
21.903	353.449	210.041	838.467	140.202
21.913	353.531	843.714	208.506	140.202
21.923	351.657	847.426	139.507	209.169
21.933	842.350	353.286	138.591	212.396
21.943	842.642	141.831	349.491	207.652
21.953	138.591	852.827	349.228	210.065
21.963	138.591	842.740	349.228	209.568
21.973	138.591	850.024	351.393	278.418
21.983	138.968	850.024	351.353	280.403
21.993	138.896	840.261	281.198	351.211
22.003	138.591	832.435	280.403	357.639
22.013	138.591	831.666	281.458	350.582
22.023	138.591	283.661	831.281	349.228
22.033	138.591	283.661	838.515	349.895
22.043	138.591	283.661	838.273	349.228
22.053	279.772	138.952	349.410	833.734
22.063	138.591	280.403	349.208	837.257
22.073	138.591	280.403	345.916	850.024
22.083	140.202	283.661	347.478	69.296
22.093	140.202	280.922	349.107	206.564
22.103	140.202	277.183	350.319	206.433
22.113	138.591	280.403	350.886	204.109	1715.535
22.123	138.591	280.403	348.080	202.910	1712.466
22.133	138.591	283.661	349.228	207.413	1714.743
22.143	139.579	277.920	349.248	206.671
22.153	136.999	280.403	349.733	206.814
22.163	138.591	280.403	351.332	208.855
22.173	138.591	280.403	349.228	208.157
22.183	138.591	283.661	350.663	207.137
22.193	280.403	138.591	352.288	205.706
22.203	283.661	138.591	349.228	207.389
22.213	280.403	138.591	341.252	208.012
22.223	139.394	280.403	343.884	208.157
22.233	140.202	283.661	347.578	207.652
22.243	138.591	278.579	347.458	207.496
22.253	138.591	280.403	842.691	347.317
22.263	138.591	280.403	842.983	347.217
22.273	138.591	280.403	850.024	347.638
22.283	138.808	277.872	850.024	1689.671
22.293	138.591	280.468	850.024	1688.110
22.303	138.663	280.501	840.261	1689.964
22.313	138.591	278.177	840.261	1700.048
22.323	138.816	280.403	837.595	1683.533
22.333	283.661	139.153	837.208	1666.601
22.343	280.403	138.591	832.867	1679.842
22.353	283.661	138.591	840.795	371.837
22.363	283.661	140.202	836.532	371.773
22.373	280.403	139.113	851.597	372.977
22.383	277.183	840.698	139.161	373.667
22.393	280.015	371.172	860.000	840.843
22.403	279.805	859.901	369.482	841.135
22.413	279.724	859.901	371.215	841.621
22.423	278.049	859.901	370.786	842.253
22.433	279.062	842.691	370.508	859.901
22.443	278.756	840.649	370.872	859.702
22.453	840.261	277.183	370.700	859.504
22.463	840.261	279.433	370.508	859.305
22.473	850.024	279.692	370.358	74.192
22.483	837.741	280.096	370.272	138.599
22.493	840.261	369.994	284.203	138.591
22.503	850.761	370.294	138.559	280.403
22.513	850.024	370.294	136.999	281.052
22.523	844.787	369.994	138.631	856.926
22.533	844.982	369.994	138.631	856.579
22.543	845.226	369.994	140.323	858.263
22.553	845.421	370.358	138.832	494.169
22.563	372.503	841.426	494.140	221.326
22.573	369.994	847.915	221.274	494.311
22.583	369.994	850.024	222.081	494.454
22.593	370.123	221.223	835.083	494.169
22.603	220.318	370.101	845.421	493.769
22.613	222.556	370.101	850.024	493.883
22.623	222.556	370.679	495.083	850.024
22.633	219.657	370.059	494.683	845.128
22.643	218.847	365.745	494.654	844.787
22.653	220.483	369.994	494.626	844.299
22.663	222.312	369.994	499.622	280.403
22.673	221.249	494.940	373.063	280.403
22.683	222.556	494.283	370.508	282.288
22.693	219.873	494.112	372.417	283.661
22.703	222.556	488.211	369.994	282.762
22.713	220.153	493.342	370.700	282.990
22.723	217.473	493.883	440.254	284.252
22.733	219.822	494.283	435.852	283.416
22.743	493.883	216.771	435.675	210.065
22.753	493.883	222.556	435.701	212.506
22.763	499.622	218.291	439.924	212.506
22.773	494.369	217.674	429.950	209.701
22.783	493.883	429.950	217.222	209.629
22.793	495.369	435.902	216.721	209.520
22.803	493.313	436.179	214.083	209.423
22.813	499.622	434.043	210.065	215.909
22.823	493.313	439.771	209.242	214.975
22.833	493.883	442.038	207.652	214.306
22.843	495.913	207.652	439.238	1497.520
22.853	499.622	213.392	437.264	1496.483
22.863	207.652	1495.618	499.622	434.946
22.873	1497.174	208.747	496.888
22.883	1497.174	207.652	69.568
22.893	1495.186	208.518	69.296
22.903	1491.908	208.397	69.753
22.913	1490.961	208.253	69.296
22.923	1491.564	208.025	69.480
22.933	1490.788	207.652	69.456
22.943	1491.564	372.589	207.916
22.953	1494.496	370.722	207.832
22.963	1497.174	372.697	207.892
22.973	374.294	1495.186	207.652
22.983	374.294	1495.705	208.012
22.993	374.294	1496.483	207.988
23.003	374.294	1499.857	207.652
23.013	370.230	1499.857	208.253
23.023	370.144	1498.645	74.536
23.033	374.294	1500.724	74.269
23.043	370.230	135.873	185.715
23.053	374.294	138.591	184.997
23.063	369.994	185.790	138.088
23.073	372.439	187.147	138.487
23.083	372.568	184.997	138.327
23.093	372.719	184.997	1413.144
23.103	374.294	1413.144	185.897
23.113	372.138	1409.232	187.147
23.123	374.294	1404.356	185.994
23.133	369.994	1410.779	210.624
23.143	374.294	1411.105	213.305
23.153	374.294	212.506	1411.431
23.163	374.294	209.326	1406.223	103.533
23.173	374.294	208.891	1412.491	105.033
23.183	374.294	208.578	1424.947	101.455
23.193	374.034	207.652	1413.308	699.385
23.203	374.294	207.916	140.137	423.004
23.213	374.294	205.267	140.153	420.130
23.223	374.294	205.267	140.113	425.012
23.233	374.294	207.413	138.591	351.779
23.243	374.294	207.652	141.831	351.678
23.253	374.294	207.652	140.105	353.286
23.263	373.689	140.202	207.401	349.228
23.273	140.202	373.494	207.880	351.393
23.283	140.202	353.286	373.279	208.759
23.293	353.286	140.202	369.994	207.652
23.303	351.028	372.568	1415.186	139.894
23.313	349.228	1426.347	374.294	278.065
23.323	1437.680	349.228	277.183	371.773
23.333	278.466	1421.002	350.501	374.294
23.343	280.403	1420.920	350.016	370.722
23.353	278.756	1421.084	350.501	207.652
23.363	278.450	1421.248	207.652	350.582
23.373	278.531	1433.451	207.904	350.724
23.383	278.257	1419.525	350.886	207.928
23.393	279.240	1411.105	349.228	207.916
23.403	280.403	1409.232	349.228	207.652
23.413	280.403	209.302	351.556	1410.453
23.423	280.403	353.286	207.652	1421.659
23.433	279.482	353.286	207.868	1426.347
23.443	277.375	353.286	206.433	1435.937
23.453	278.595	350.137	210.065	1424.536
23.463	354.226	280.403	207.652
23.473	353.286	280.403	207.736
23.483	349.228	205.267	280.403
23.493	208.759	352.043
23.503	352.064	207.640
23.513	207.580	351.982
23.523	207.568
23.533	207.425
23.543	207.197
23.553	280.403
23.563	280.646
23.573	281.003
23.583	1151.017
23.593	1151.349
23.603	1151.549
23.613	1151.615	138.216
23.623	1147.830	138.591
23.633	1145.578	138.591
23.643	1154.279	136.328	280.403
23.653	1156.949	138.591	283.661
23.663	138.591	283.661	1156.682
23.673	138.455	282.321	1156.014
23.683	138.591	280.403	1147.830
23.693	138.591	283.661	1153.546	205.588
23.703	139.225	283.661	1148.692	205.267
23.713	138.591	280.403	1153.413	1123.364
23.723	138.591	283.661	1153.812	1129.741
23.733	138.591	283.661	1121.678	1155.480
23.743	138.792	283.661	1121.613	205.718
23.753	138.591	283.661	1121.613	205.695
23.763	138.928	283.661	1121.613	205.683
23.773	138.591	283.661	1121.613
23.783	138.591	283.661	1121.613
23.793	138.591	283.661	1122.975
23.803	138.591	283.661	1123.040
23.813	138.591	283.661
23.823	138.631	283.661
23.833	138.623	283.661
23.843	138.615
23.853	138.607
23.863	138.679
23.873	138.792
23.883	138.912
23.893	138.824
23.903	138.735
23.913	138.663
23.923	138.663
23.933	1004.916
23.943	1004.858	138.591
23.953	1005.613	140.202
23.963	1003.814	138.591
23.973	1005.323	370.658	138.727
23.983	1005.207	370.593	135.896
23.993	1004.684	370.743	138.808
24.003	1005.207	368.991	138.928
24.013	1004.742	369.589	140.202
24.023	1003.872	371.536	140.202
24.033	1006.020	369.994	139.193
24.043	1004.568	370.700	74.141
24.053	1005.962	369.994	74.102
24.063	1006.659	369.994	74.059
24.073	1007.299	378.643	74.017
24.083	378.643	1008.988	73.965
24.093	378.643	1010.855	280.403
24.103	373.322	1010.855
24.113	370.101	1009.046
24.123	369.994	1010.855
24.133	371.923	1009.687
24.143	373.106
24.153	372.999
24.163	372.719
24.173	372.095
24.183
24.193
24.203
24.213
24.223
24.233
24.243
24.253
24.263
24.273
24.283
24.293
24.303
24.313
24.323
24.333
24.343
24.353
24.363
24.373
24.383
24.393
24.403
24.413
24.423
24.433
24.443
24.453
24.463
24.473
24.483
24.493
24.503
24.513
24.523
24.533
24.543
24.553
24.563
24.573
24.583
24.593
24.603
24.613
24.623
24.633
24.643
24.653
24.663
24.673
24.683
24.693
24.703
24.713
24.723
24.733
24.743
24.753	276.080
24.763	276.240
24.773	276.335
24.783	276.399
24.793	276.431
24.803	277.183
24.813	274.522
24.823	273.999
24.833	277.471
24.843	280.403
24.853	276.975
24.863	277.023
24.873	277.087
24.883	277.167
24.893
24.903
24.913
24.923
24.933
24.943
24.953
24.963
24.973
24.983
24.993
25.003
25.013
25.023
25.033
25.043
25.053
25.063
25.073
25.083
25.093
25.103
25.113	209.714
25.123	209.677
25.133	209.629
25.143	209.568
25.153	209.520	421.589
25.163	209.556	425.012
25.173	212.506	418.483	280.403
25.183	212.506	420.130	277.519
25.193	210.065	277.407	421.540
25.203	207.652	277.359	421.613
25.213	209.580	277.183	420.130
25.223	208.735	273.999	425.012
25.233	208.916	276.783	825.301
25.243	209.169	840.261
25.253	212.506	835.373
25.263	209.859	835.228
25.273	209.895
25.283	209.895
25.293	210.017
25.303	210.235
25.313
25.323
25.333
25.343
25.353
25.363
25.373
25.383
25.393
25.403
25.413
25.423
25.433
25.443
25.453
25.463
25.473	210.114
25.483	210.114
25.493	210.077
25.503	210.004
25.513	207.652
25.523	210.065	104.265
25.533	212.506	103.826
25.543	212.506	103.826
25.553	209.762	103.826
25.563	209.387	104.102
25.573	208.855	422.027
25.583	209.024	425.012
25.593	207.652	425.012
25.603	211.587	416.049
25.613	210.065	421.906
25.623	208.843	420.130	103.826
25.633	210.065	421.979	103.826
25.643	210.065	416.987	138.591
25.653	210.065	425.012	138.591
25.663	207.652	425.012	138.415
25.673	212.506	420.130	138.679
25.683	209.689	425.012
25.693	207.652	425.012
25.703	210.065	422.759
25.713	210.065	422.759
25.723	210.065	422.735
25.733	209.496	425.012
25.743	209.411	417.590
25.753	208.193
25.763	209.290
25.773	209.157
25.783	209.145
25.793	209.121
25.803
25.813
25.823
25.833
25.843
25.853	220.114
25.863	220.165
25.873	220.280
25.883	220.000
25.893	220.585
25.903	220.700	92.499
25.913	219.214	92.499
25.923	222.556	92.579
25.933	220.000	92.499
25.943	217.473	92.499
25.953	222.556	1114.896
25.963	223.097	1116.184
25.973	222.556	1117.152	93.390
25.983	222.904	1117.991	93.530
25.993	220.917	1113.801	93.654
26.003	220.000	1121.613	93.763
26.013	220.000	1115.218	94.661
26.023	1121.613	219.138	94.661
26.033	1119.477	220.000	93.860
26.043	1121.613	220.394	93.801
26.053	1121.613	220.229	93.991
26.063	1119.736	220.000	93.573
26.073	1121.613	279.595	219.962
26.083	1121.613	277.183	219.898
26.093	280.403	1118.960	220.000
26.103	280.403	1112.708	219.911
26.113	280.355	1117.668	219.924
26.123	280.403	1116.636	219.936
26.133	280.403	1115.540	219.924
26.143	280.403	1114.703	220.000
26.153	277.183	1113.866	219.911
26.163	279.320	1113.223	219.898
26.173	280.403	1108.731	219.606
26.183	280.403	1117.668	220.000
26.193	276.367	1115.218	219.962
26.203	276.831	1112.130	220.000
26.213	280.403	1105.469	92.499
26.223	279.223	1112.644	92.499
26.233	1121.613	278.998	92.062
26.243	1106.619	279.207	91.950
26.253	1107.898	279.482	333.458
26.263	279.756	1114.123
26.273	280.047	331.767
26.283	331.709	280.403
26.293	331.614	277.888
26.303	329.913	280.776
26.313	333.458	280.776
26.323	333.458	283.661	69.328
26.333	333.458	283.661	69.332
26.343	329.628	280.241	69.296
26.353	329.628	280.403	69.340
26.363	329.628	280.403	69.340
26.373	330.524	279.159	69.296
26.383	329.628	278.692	69.520
26.393	331.097	273.999	69.344
26.403	330.734	277.183	69.340
26.413	329.894	277.888	69.296
26.423	329.628	277.647	69.332
26.433	329.628	277.744	1135.892
26.443	329.628	277.856	1140.955
26.453	328.601	277.071	1126.353	69.320
26.463	330.199	277.183	1126.678	81.460
26.473	333.458	278.161	1135.301	439.517
26.483	329.894	1134.908	280.403	439.848
26.493	330.047	1105.661	278.821	440.153
26.503	330.352	1128.632	278.982	440.000
26.513	330.180	1129.480	280.403	139.700
26.523	329.628	1108.731	280.403	139.830
26.533	330.180	1134.646	140.202	279.498
26.543	331.040	1137.008	139.991	277.840
26.553	331.173	1139.770	138.695	280.209
26.563	333.458	1138.717	139.765	280.727
26.573	330.180	140.202	1137.862	281.068
26.583	333.458	141.831	1138.717	281.377
26.593	331.193	139.943	281.507	1135.957
26.603	332.611	281.653	141.831
26.613	283.661	330.619	107.488
26.623	283.661	110.223	331.901
26.633	279.094	110.000	331.901
26.643	283.661	111.278	331.882
26.653	283.661	111.278	331.863
26.663	277.183	111.278	331.786
26.673	283.661	111.278	331.748
26.683	277.183	331.652	110.804
26.693	283.661	333.458	110.874
26.703	283.661	333.458	661.773
26.713	283.661	329.666	106.179
26.723	277.183	330.066	106.253
26.733	278.611	331.116	106.253
26.743	278.177	331.078	106.253
26.753	283.661	330.295	1696.810
26.763	277.183	331.480	1696.223	555.102
26.773	330.810	283.661	1696.320	555.359
26.783	330.428	283.661	1696.125	847.524
26.793	329.628	283.661	1696.908	846.741
26.803	333.458	283.661	846.692	1696.614
26.813	329.628	847.719	281.279	1695.929
26.823	333.458	845.861	281.052	138.591
26.833	329.894	845.519	138.591	280.744
26.843	331.173	845.958	139.346	280.355
26.853	330.848	846.741	138.760	277.631
26.863	847.083	329.761	138.591	279.805
26.873	847.279	330.218	138.591	279.562
26.883	847.083	330.619	138.824	277.808
26.893	846.301	331.709	138.848	277.183
26.903	850.024	329.875	138.591	279.950
26.913	844.543	330.848	138.912	278.241
26.923	844.591	331.709	138.591	283.661
26.933	847.083	330.715	280.890	139.089
26.943	848.552	330.485	283.661	140.518
26.953	846.349	280.403	329.628	138.591
26.963	845.128	281.377	138.591	329.628
26.973	844.835	283.661	138.800	330.352
26.983	843.714	282.321	138.711	1691.331
26.993	846.692	281.507	138.607	1690.159
27.003	843.275	1689.183	138.495	281.279
27.013	842.837	1689.964	138.391	281.003
27.023	841.912	1689.964	138.279	277.487
27.033	835.518	1689.378	136.999	280.290
27.043	1690.940	836.580	138.279	247.341
27.053	1691.135	138.415	839.921	246.942
27.063	138.407	1689.866	839.824	247.113
27.073	138.447	1688.305	840.261	247.027
27.083	138.591	1688.988	840.164	493.741
27.093	138.591	1688.695	840.455	493.883
27.103	138.591	840.261	1687.427	493.883
27.113	137.769	841.523	1688.305	246.942
27.123	140.786	837.595	1688.110	247.013
27.133	138.591	838.757	1689.183	247.113
27.143	136.999	843.616	246.942	1687.720
27.153	138.591	853.714	246.942	1686.940
27.163	140.202	844.445	247.399	1685.090
27.173	138.591	841.669	247.499	1685.869
27.183	842.740	140.810	246.942	1689.573
27.193	844.445	139.097	246.942	1692.015
27.203	847.181	138.719	246.942	1692.601
27.213	848.552	138.112	249.811	1694.068
27.223	848.013	139.193	249.623	1695.635
27.233	847.083	138.391	1697.301	248.171
27.243	847.181	139.008	1696.908	282.142
27.253	850.024	141.831	1700.441	282.011
27.263	850.024	283.661	1702.603	139.515
27.273	848.846	283.661	1705.162	413.653
27.283	849.190	281.979	1708.317	94.661
27.293	278.386	851.154	93.985	1704.079
27.303	281.361	849.680	93.844	417.590
27.313	283.530	93.730	849.828	859.901
27.323	94.661	278.708	850.024	874.174
27.333	94.661	280.873	850.024	1774.290
27.343	92.499	280.403	850.171	1770.707
27.353	93.573	280.533	1782.199	881.475
27.363	93.573	280.420	883.872	1775.931
27.373	92.499	280.484	886.121	1787.870
27.383	92.499	888.376	280.630
27.393	92.499	883.361	280.809
27.403	92.986	892.130	282.288
27.413	92.499	893.419	275.332
27.423	92.499	898.958	281.458
27.433	92.499	895.330	281.751
27.443	92.499	896.521	283.661
27.453	92.499	890.637	283.661
27.463	92.499	891.203	283.661
27.473	92.499	281.995	900.985
27.483	92.499	281.979	895.020
27.493	92.499	283.661	895.175
27.503	92.499	281.816	895.072
27.513	92.499	280.403	894.968
27.523	91.722	280.403	222.081	894.090
27.533	92.499	280.403	222.556	894.865
27.543	91.436	280.403	217.473	894.348
27.553	93.573	283.661	223.910	895.072
27.563	92.499	280.403	222.441	1127.915
27.573	93.573	283.661	225.142	1127.980
27.583	92.499	280.403	222.556	1128.306
27.593	92.499	280.403	1127.980	222.814
27.603	92.857	283.661	1128.958	222.929
27.613	93.969	277.183	1126.613	223.045
27.623	92.499	280.890	1126.288	222.556
27.633	92.499	280.403	1127.264	223.355
27.643	93.573	277.183	1129.480	223.548
27.653	283.661	92.499	1130.198	222.904
27.663	283.661	93.034	1128.306	652.625
27.673	280.403	93.061	650.029	1128.176
27.683	280.955	93.573	666.915	1344.816
27.693	280.938	93.228	1346.137	665.684
27.703	1346.993	280.922	333.092	659.598
27.713	1352.841	333.458	209.907	280.873
27.723	1353.622	332.957	210.065	280.792
27.733	1353.075	329.247	210.065	283.661
27.743	1351.982	329.057	212.506	277.183
27.753	337.332	1346.993	207.652	280.403
27.763	337.332	1346.759	210.065	138.992
27.773	337.332	1345.515	207.652	139.000
27.783	333.458	1342.488	210.065	139.000
27.793	329.628	1339.854	140.202	209.738
27.803	329.761	1339.931	138.968	210.344
27.813	1343.031	329.437	138.591	283.661
27.823	1348.238	331.824	138.591	283.661
27.833	1349.329	331.154	138.591	282.028
27.843	1349.953	330.447	138.591
27.853	1351.982	333.458	138.591
27.863	1354.718	333.458	140.202
27.873	1357.146	138.591	333.458
27.883	1356.283	138.591	332.611
27.893	1351.357	140.202	330.848
27.903	1346.370	207.652	139.290
27.913	1341.480	208.891	139.378
27.923	1336.839	208.686	139.467
27.933	1332.829	207.652	139.555
27.943	1329.830	207.652	140.202
27.953	1330.291	207.796	139.660
27.963	1333.831	207.652	139.660
27.973	1345.904	208.061	333.227
27.983	1353.466	207.652	332.381
27.993	1354.405	207.652	333.073
28.003	1355.579	207.652	92.675
28.013	1343.962	210.065	92.697
28.023	1343.263	90.386	222.556
28.033	1355.265	94.661	221.351
28.043	1350.343	93.573	220.025
28.053	1346.059	92.648	225.142
28.063	92.499	218.279	1337.534
28.073	92.499	220.000	1325.765
28.083	92.499	219.150	1318.282
28.093	93.779	219.163	1317.368
28.103	92.499	220.000	1336.916
28.113	93.573	222.389	1328.602
28.123	92.499	222.081	1335.218
28.133	92.499	220.000	1340.318
28.143	92.499	225.142	1347.460
28.153	94.426	218.809	1355.500
28.163	92.499	220.000	1356.283
28.173	92.499	222.556	1351.357
28.183	91.415	220.000	1350.031
28.193	92.499	220.828	1349.329
28.203	92.499	220.000	1345.204
28.213	92.499	219.771	1339.080
28.223	92.499	222.556	1322.171
28.233	92.499	220.000	1320.644
28.243	92.499	220.000	1335.681	445.113
28.253	92.499	220.930	1324.541	444.393
28.263	93.573	217.473	1328.065	443.649
28.273	92.873	220.000	1334.601	441.757
28.283	93.573	225.051	1340.705	443.035
28.293	92.499	1339.080	221.159	450.285
28.303	92.499	1340.241	220.000	444.984
28.313	92.499	1351.279	221.441	274.221
28.323	92.499	1350.343	223.368	274.015
28.333	92.499	1353.466	221.812	211.563
28.343	92.499	1352.216	222.556	331.901
28.353	91.436	1343.418	331.882
28.363	92.499	1340.860	333.458
28.373	92.499	1321.331	333.458
28.383	92.499	1339.776	329.628
28.393	92.782	1321.331	331.288
28.403	92.884	329.990	1340.241
28.413	329.628	93.573	1329.216
28.423	333.458	92.499	1341.325
28.433	333.458	1349.329	92.499	207.652
28.443	330.638	1354.483	94.661	210.065
28.453	329.628	1356.127	94.661
28.463	1342.100	328.981	93.320
28.473	1349.329	327.843	208.783
28.483	1347.304	329.970	208.723
28.493	1340.550	333.458	207.808
28.503	1331.752	329.570	207.149
28.513	1328.525	210.065
28.523	1328.218	208.698
28.533	1330.061	208.662
28.543	1334.447
28.553	1333.445
28.563	1332.675
28.573	1331.367
28.583
28.593
28.603
28.613
28.623
28.633
28.643
28.653
28.663
28.673
28.683
28.693
28.703
28.713
28.723
28.733
28.743
28.753
28.763
28.773
28.783
28.793
28.803
28.813
28.823
28.833
28.843
28.853
28.863
28.873
28.883
28.893
28.903
28.913
28.923
28.933
28.943
28.953
28.963
28.973
