0.01
0.02
0.03
0.04
0.05
0.06
0.07
0.08
0.09
0.10
0.11
0.12
0.13
0.14
0.15
0.16
0.17
0.18
0.19	401.16
0.20	401.16
0.21	401.16
0.22	401.16
0.23	325.84	392.00
0.24	325.84	392.00
0.25	322.10	396.55
0.26	322.10	396.55
0.27	325.84	396.55
0.28	325.84	396.55
0.29	322.10	392.00
0.30	322.10	392.00
0.31	329.63	392.00
0.32	329.63	392.00
0.33	329.63	396.55	523.25
0.34	329.63	396.55	523.25
0.35	329.63	396.55	523.25
0.36	329.63	396.55	523.25
0.37	329.63	392.00	523.25
0.38	329.63	392.00	523.25
0.39	329.63	396.55	517.24
0.40	329.63	396.55	517.24
0.41	329.63	396.55	523.25
0.42	329.63	396.55	523.25
0.43	329.63	392.00	511.30
0.44	329.63	392.00	511.30
0.45	329.63	392.00	523.25
0.46	329.63	392.00	523.25
0.47	130.81	333.46	396.55	523.25
0.48	130.81	333.46	396.55	523.25
0.49	132.33	333.46	396.55	523.25
0.50	132.33	333.46	396.55	523.25
0.51	132.33	329.63	392.00	529.33
0.52	132.33	329.63	392.00	529.33
0.53	132.33	329.63	392.00	529.33
0.54	132.33	329.63	392.00	529.33
0.55	132.33	329.63	392.00	523.25
0.56	132.33	329.63	392.00	523.25
0.57	130.81	333.46	392.00	517.24
0.58	130.81	333.46	392.00	517.24
0.59	133.87	333.46	392.00	517.24
0.60	133.87	333.46	392.00	517.24
0.61	130.81	333.46	396.55	523.25
0.62	130.81	333.46	396.55	523.25
0.63	132.33	333.46	396.55	529.33
0.64	132.33	333.46	396.55	529.33
0.65	132.33	333.46	396.55	523.25
0.66	132.33	333.46	396.55	523.25
0.67	132.33	329.63	392.00	529.33
0.68	132.33	329.63	392.00	529.33
0.69	130.81	329.63	392.00	529.33
0.70	130.81	329.63	392.00	529.33
0.71	132.33	333.46	396.55	523.25
0.72	132.33	333.46	396.55	523.25
0.73	133.87	329.63	396.55	523.25
0.74	133.87	329.63	396.55	523.25
0.75	130.81	333.46	396.55	517.24
0.76	130.81	333.46	396.55	517.24
0.77	132.33	329.63	392.00	523.25
0.78	132.33	392.00	523.25
0.79	132.33	297.08	392.00	523.25
0.80	132.33	297.08	392.00	523.25
0.81	132.33	290.29	401.16	523.25
0.82	132.33	290.29	401.16	523.25
0.83	132.33	290.29	383.04	523.25
0.84	290.29	383.04	523.25
0.85	293.66	387.49	529.33
0.86	293.66	387.49	529.33
0.87	297.08	387.49	529.33
0.88	297.08	387.49	529.33
0.89	293.66	396.55	535.48
0.90	293.66	396.55	535.48
0.91	198.28	297.08	396.55	517.24
0.92	198.28	297.08
0.93	198.28	293.66
0.94	198.28	293.66
0.95	198.28	293.66	392.00
0.96	198.28	293.66	392.00
0.97	196.00	297.08	396.55	493.88
0.98	196.00	297.08	396.55	493.88
0.99	198.28	293.66	396.55	493.88
1.00	198.28	293.66	396.55	493.88
1.01	196.00	293.66	396.55	488.21
1.02	196.00	293.66	396.55	488.21
1.03	198.28	293.66	387.49	493.88
1.04	198.28	293.66	387.49	493.88
1.05	198.28	297.08	396.55	499.62
1.06	198.28	297.08	396.55	499.62
1.07	198.28	293.66	392.00	499.62
1.08	198.28	293.66	392.00	499.62
1.09	198.28	293.66	387.49	499.62
1.10	198.28	293.66	387.49	499.62
1.11	198.28	290.29	392.00	493.88
1.12	198.28	290.29	392.00	493.88
1.13	198.28	293.66	392.00	493.88
1.14	198.28	293.66	392.00	493.88
1.15	196.00	293.66	392.00	488.21
1.16	196.00	293.66	392.00	488.21
1.17	196.00	293.66	396.55	488.21
1.18	196.00	293.66	396.55	488.21
1.19	196.00	297.08	392.00	493.88
1.20	196.00	297.08	392.00	493.88
1.21	196.00	293.66	392.00	493.88
1.22	196.00	293.66	392.00	493.88
1.23	196.00	293.66	392.00	493.88
1.24	196.00	293.66	392.00	493.88
1.25	198.28	293.66	396.55	493.88
1.26	198.28	293.66	396.55	493.88
1.27	198.28	293.66	392.00	499.62
1.28	198.28	293.66	392.00	499.62
1.29	198.28	297.08	392.00	493.88
1.30	198.28	297.08	392.00	493.88
1.31	196.00	293.66	392.00	488.21
1.32	196.00	293.66	392.00	488.21
1.33	196.00	293.66	396.55	488.21
1.34	196.00	293.66	396.55	488.21
1.35	196.00	293.66	396.55	488.21
1.36	196.00	293.66	488.21
1.37	196.00	297.08	488.21
1.38	196.00	297.08	488.21
1.39	193.75	293.66	493.88
1.40	193.75	293.66	493.88
1.41	193.75	290.29	493.88
1.42	193.75	290.29	493.88
1.43	196.00	293.66	493.88
1.44	196.00	293.66	493.88
1.45	196.00	293.66	493.88
1.46	196.00	293.66	493.88
1.47	198.28	297.08	374.29	499.62
1.48	198.28	297.08	374.29
1.49	196.00	300.53	369.99	434.95
1.50	300.53	369.99	434.95
1.51	297.08	374.29	434.95
1.52	297.08	374.29	434.95
1.53	290.29	374.29	440.00
1.54	290.29	374.29	440.00
1.55	290.29	374.29	440.00
1.56	290.29	374.29	440.00
1.57	148.54	290.29	374.29	440.00	580.58
1.58	148.54	290.29	374.29	440.00	580.58
1.59	146.83	293.66	374.29	434.95	580.58
1.60	146.83	293.66	374.29	434.95	580.58
1.61	148.54	297.08	369.99	440.00	587.33
1.62	148.54	297.08	369.99	440.00	587.33
1.63	146.83	297.08	369.99	440.00	587.33
1.64	146.83	297.08	369.99	440.00	587.33
1.65	146.83	293.66	369.99	440.00	580.58
1.66	146.83	293.66	369.99	440.00	580.58
1.67	146.83	297.08	369.99	434.95	587.33
1.68	146.83	297.08	369.99	434.95	587.33
1.69	146.83	293.66	374.29	440.00	587.33
1.70	146.83	293.66	374.29	440.00	587.33
1.71	146.83	293.66	374.29	445.11	580.58
1.72	146.83	293.66	374.29	445.11	580.58
1.73	145.15	297.08	369.99	434.95	587.33
1.74	145.15	297.08	369.99	434.95	587.33
1.75	146.83	297.08	374.29	440.00	580.58
1.76	146.83	297.08	374.29	440.00	580.58
1.77	145.15	300.53	369.99	440.00	594.15
1.78	145.15	300.53	369.99	440.00	594.15
1.79	145.15	300.53	369.99	440.00	587.33
1.80	145.15	300.53	369.99	440.00
1.81	148.54	293.66	369.99	440.00
1.82	148.54	293.66	369.99	440.00
1.83	145.15	293.66	369.99	434.95
1.84	145.15	293.66	369.99	434.95
1.85	145.15	261.63	293.66	369.99	440.00	1303.37
1.86	145.15	261.63	293.66	369.99	440.00	1303.37
1.87	145.15	261.63	293.66	369.99	440.00	1303.37
1.88	145.15	261.63	293.66	369.99	440.00	1303.37
1.89	145.15	261.63	293.66	369.99	445.11	1303.37
1.90	145.15	261.63	293.66	369.99	445.11	1303.37
1.91	146.83	261.63	297.08	369.99	434.95	1303.37
1.92	146.83	261.63	297.08	369.99	434.95	1303.37
1.93	145.15	264.67	297.08	374.29	440.00	1303.37
1.94	145.15	264.67	297.08	374.29	440.00	1303.37
1.95	148.54	261.63	290.29	378.64	434.95	1303.37
1.96	148.54	261.63	290.29	378.64	434.95	1303.37
1.97	146.83	261.63	297.08	374.29	434.95	1303.37
1.98	146.83	261.63	297.08	374.29	434.95
1.99	148.54	261.63	293.66	374.29	434.95
2.00	148.54	261.63	293.66	374.29	434.95
2.01	146.83	261.63	293.66	369.99	440.00
2.02	146.83	261.63	293.66	369.99	440.00
2.03	148.54	264.67	290.29	374.29	440.00
2.04	148.54	264.67	290.29	440.00
2.05	150.26	264.67	286.96	434.95
2.06	264.67	286.96	434.95
2.07	264.67	286.96	440.00
2.08	286.96
2.09	241.30	293.66
2.10	241.30	293.66
2.11	241.30	293.66
2.12	241.30	293.66
2.13	196.00	246.94	293.66
2.14	196.00	246.94	293.66
2.15	99.14	191.52	246.94	297.08
2.16	99.14	191.52	246.94	297.08
2.17	99.14	196.00	246.94	297.08
2.18	99.14	196.00	246.94	297.08
2.19	99.14	193.75	249.81	293.66
2.20	99.14	193.75	249.81	293.66
2.21	100.29	193.75	246.94	290.29
2.22	100.29	193.75	246.94	290.29
2.23	98.00	196.00	246.94	290.29	392.00
2.24	98.00	196.00	246.94	290.29	392.00
2.25	98.00	198.28	246.94	297.08	387.49
2.26	98.00	198.28	246.94	297.08	387.49
2.27	98.00	198.28	246.94	293.66	387.49
2.28	98.00	198.28	246.94	293.66	387.49
2.29	100.29	193.75	246.94	293.66	396.55
2.30	100.29	193.75	246.94	293.66	396.55
2.31	98.00	196.00	246.94	293.66	387.49
2.32	98.00	196.00	246.94	293.66	387.49
2.33	98.00	196.00	244.11	293.66	392.00
2.34	98.00	196.00	244.11	293.66	392.00
2.35	98.00	191.52	246.94	293.66	383.04
2.36	98.00	191.52	246.94	293.66	383.04
2.37	96.87	196.00	244.11	293.66	392.00
2.38	96.87	196.00	244.11	293.66	392.00
2.39	99.14	196.00	246.94	290.29	387.49
2.40	99.14	196.00	246.94	290.29	387.49
2.41	98.00	196.00	246.94	293.66	387.49
2.42	98.00	196.00	246.94	293.66	387.49
2.43	98.00	198.28	246.94	290.29	392.00
2.44	98.00	198.28	246.94	290.29	392.00
2.45	99.14	198.28	244.11	293.66	383.04
2.46	99.14	198.28	244.11	293.66	383.04
2.47	98.00	193.75	244.11	293.66	387.49
2.48	98.00	193.75	244.11	293.66	387.49
2.49	100.29	193.75	244.11	293.66	387.49
2.50	100.29	193.75	244.11	293.66	387.49
2.51	98.00	193.75	244.11	293.66	387.49
2.52	98.00	193.75	244.11	293.66	387.49
2.53	99.14	193.75	244.11	297.08	387.49
2.54	99.14	193.75	244.11	297.08	387.49
2.55	96.87	196.00	246.94	293.66	383.04
2.56	96.87	196.00	246.94	293.66	383.04
2.57	99.14	193.75	244.11	290.29	396.55
2.58	99.14	193.75	244.11	290.29	396.55
2.59	96.87	198.28	246.94	297.08	392.00
2.60	96.87	198.28	246.94	297.08	392.00
2.61	99.14	196.00	244.11	293.66	392.00	783.99
2.62	99.14	196.00	244.11	293.66	392.00	783.99
2.63	98.00	193.75	246.94	293.66	392.00	783.99
2.64	98.00	193.75	246.94	293.66	392.00	783.99
2.65	98.00	196.00	244.11	290.29	396.55	783.99
2.66	98.00	196.00	244.11	290.29	783.99
2.67	98.00	193.75	244.11	297.08	392.00	783.99
2.68	98.00	193.75	244.11	297.08	392.00	783.99
2.69	98.00	193.75	244.11	293.66	387.49	766.08
2.70	98.00	193.75	244.11	293.66	387.49	766.08
2.71	96.87	196.00	246.94	293.66	387.49	774.99
2.72	96.87	196.00	246.94	293.66	387.49	774.99
2.73	99.14	193.75	244.11	297.08	392.00	766.08
2.74	99.14	193.75	244.11	297.08	392.00	766.08
2.75	96.87	196.00	244.11	293.66	387.49	774.99
2.76	96.87	196.00	244.11	293.66	387.49	774.99
2.77	98.00	193.75	244.11	297.08	392.00	783.99
2.78	98.00	193.75	244.11	297.08	392.00
2.79	96.87	196.00	246.94	293.66	392.00
2.80	96.87	196.00	246.94	293.66	392.00
2.81	98.00	196.00	246.94	293.66	387.49
2.82	98.00	196.00	246.94	293.66
2.83	98.00	193.75	244.11	297.08
2.84	98.00	193.75	244.11	297.08
2.85	98.00	193.75	246.94	293.66
2.86	98.00	193.75	246.94	293.66
2.87	98.00	191.52	244.11	293.66
2.88	98.00	191.52	244.11	293.66
2.89	99.14	193.75	244.11	293.66
2.90	99.14	193.75	244.11	293.66
2.91	96.87	193.75	246.94	293.66
2.92	96.87	193.75	246.94	293.66
2.93	99.14	193.75	244.11	293.66
2.94	99.14	193.75	244.11	293.66
2.95	98.00	193.75	244.11	293.66
2.96	98.00	193.75	244.11	293.66
2.97	98.00	193.75	249.81	290.29
2.98	98.00	193.75	249.81	290.29
2.99	96.87	196.00	244.11	290.29
3.00	96.87	196.00	244.11	290.29
3.01	96.87	193.75	244.11	297.08
3.02	96.87	193.75	244.11	297.08
3.03	96.87	196.00	244.11	293.66
3.04	96.87	196.00	244.11	293.66
3.05	96.87	193.75	246.94	293.66
3.06	96.87	193.75	246.94	293.66
3.07	98.00	193.75	244.11	293.66
3.08	98.00	193.75	244.11	293.66
3.09	98.00	193.75	246.94	293.66
3.10	98.00	193.75	246.94	293.66
3.11	99.14	191.52	244.11	297.08
3.12	99.14	191.52	244.11	297.08
3.13	99.14	198.28	246.94	293.66
3.14	99.14	198.28	246.94	293.66
3.15	98.00	193.75	244.11	297.08
3.16	98.00	193.75	244.11	297.08
3.17	99.14	196.00	244.11	300.53
3.18	99.14	196.00	244.11	300.53
3.19	98.00	193.75	246.94	293.66
3.20	98.00	193.75	246.94	293.66
3.21	98.00	196.00	244.11	297.08
3.22	98.00	196.00	244.11	297.08
3.23	98.00	198.28	246.94	293.66
3.24	98.00	198.28	246.94	293.66
3.25	99.14	198.28	244.11	293.66
3.26	99.14	244.11	293.66
3.27	99.14	249.81	297.08	329.63
3.28	99.14	249.81	329.63
3.29	100.29	249.81	337.33
3.30	249.81	337.33
3.31	252.71	333.46
3.32	252.71	333.46
3.33	249.81	329.63
3.34	329.63
3.35	261.63	329.63
3.36	261.63	329.63
3.37	261.63	329.63
3.38	261.63	329.63
3.39	264.67	329.63	396.55
3.40	264.67	329.63	396.55
3.41	261.63	329.63	396.55	783.99
3.42	261.63	329.63	396.55	783.99
3.43	261.63	333.46	396.55	793.10
3.44	261.63	333.46	396.55	793.10
3.45	258.62	329.63	401.16	783.99
3.46	258.62	329.63	401.16
3.47	258.62	329.63	396.55
3.48	258.62	329.63	396.55
3.49	258.62	333.46	392.00
3.50	258.62	333.46	392.00
3.51	261.63	329.63	387.49
3.52	261.63	329.63	387.49
3.53	261.63	329.63	396.55
3.54	261.63	329.63	396.55
3.55	264.67	329.63	392.00
3.56	264.67	329.63	392.00
3.57	261.63	329.63	392.00
3.58	329.63	392.00
3.59	300.53	333.46	392.00
3.60	300.53	392.00
3.61	235.79	290.29	396.55
3.62	235.79	290.29	396.55
3.63	230.40	290.29	392.00
3.64	230.40	290.29	392.00
3.65	233.08	293.66	392.00	793.10
3.66	233.08	293.66	392.00	793.10
3.67	235.79	293.66	396.55	783.99
3.68	235.79	293.66	396.55	783.99
3.69	233.08	293.66	392.00	783.99
3.70	233.08	293.66	392.00	783.99
3.71	230.40	293.66	392.00	783.99
3.72	230.40	293.66	392.00	783.99
3.73	235.79	293.66	392.00	793.10
3.74	235.79	293.66	392.00	793.10
3.75	233.08	293.66	392.00	783.99
3.76	233.08	293.66	392.00	783.99
3.77	230.40	293.66	392.00	783.99
3.78	230.40	293.66	392.00	783.99
3.79	230.40	293.66	396.55	783.99
3.80	230.40	293.66	396.55	783.99
3.81	233.08	293.66	392.00	783.99
3.82	233.08	293.66	392.00
3.83	230.40	293.66	392.00
3.84	230.40	293.66	392.00
3.85	235.79	297.08	392.00
3.86	235.79	297.08
3.87	235.79	290.29
3.88	235.79	290.29
3.89	172.61	235.79	267.74	297.08	434.95
3.90	172.61	235.79	267.74	297.08	434.95
3.91	172.61	233.08	261.63	297.08	445.11
3.92	172.61	233.08	261.63	445.11
3.93	174.61	222.56	235.79	261.63	445.11
3.94	174.61	222.56	235.79	261.63	445.11
3.95	174.61	222.56	230.40	264.67	445.11
3.96	174.61	222.56	264.67	445.11
3.97	174.61	217.47	264.67	440.00
3.98	174.61	217.47	264.67	440.00
3.99	176.64	217.47	261.63	445.11
4.00	176.64	217.47	261.63	445.11
4.01	176.64	222.56	264.67	440.00
4.02	176.64	222.56	264.67	440.00
4.03	174.61	220.00	264.67	440.00
4.04	174.61	220.00	264.67	440.00
4.05	174.61	220.00	261.63	440.00
4.06	174.61	220.00	261.63	440.00
4.07	178.70	220.00	264.67	440.00
4.08	178.70	220.00	264.67	440.00
4.09	174.61	217.47	264.67	440.00
4.10	174.61	217.47	264.67	440.00
4.11	176.64	217.47	264.67	440.00
4.12	176.64	217.47	264.67	440.00
4.13	174.61	217.47	261.63	440.00
4.14	174.61	217.47	261.63	440.00
4.15	174.61	217.47	267.74	440.00	880.00
4.16	174.61	217.47	267.74	440.00	880.00
4.17	168.67	172.61	220.00	264.67	440.00	880.00
4.18	168.67	220.00	264.67	440.00	880.00
4.19	164.81	222.56	261.63	440.00	880.00
4.20	164.81	222.56	261.63	440.00	880.00
4.21	164.81	220.00	264.67	445.11	880.00
4.22	164.81	220.00	264.67	445.11	880.00
4.23	166.73	198.28	220.00	261.63	440.00	880.00
4.24	166.73	198.28	220.00	261.63	440.00	880.00
4.25	168.67	198.28	220.00	261.63	434.95	880.00
4.26	168.67	198.28	261.63	434.95	880.00
4.27	162.92	193.75	267.74	445.11	880.00
4.28	162.92	193.75	267.74	445.11	880.00
4.29	164.81	198.28	261.63	434.95	880.00
4.30	164.81	198.28	261.63	434.95	880.00
4.31	166.73	196.00	264.67	429.95	869.89
4.32	166.73	196.00	264.67	869.89
4.33	164.81	196.00	261.63	859.90
4.34	164.81	196.00	261.63
4.35	162.92	193.75	264.67
4.36	162.92	193.75	264.67
4.37	164.81	193.75	264.67
4.38	164.81	193.75	264.67
4.39	164.81	193.75	267.74
4.40	164.81	193.75	267.74
4.41	164.81	193.75	264.67
4.42	164.81	193.75	264.67
4.43	168.67	193.75	267.74
4.44	168.67	193.75	267.74
4.45	166.73	196.00	258.62
4.46	166.73	196.00
4.47	166.73	193.75
4.48	166.73	193.75
4.49	148.54	164.81	193.75	300.53	493.88
4.50	148.54	193.75	300.53	493.88
4.51	146.83	176.64	196.00	297.08	440.00	493.88
4.52	146.83	176.64	196.00	297.08	440.00	493.88
4.53	145.15	176.64	196.00	293.66	440.00	493.88
4.54	145.15	176.64	293.66	440.00	493.88
4.55	146.83	174.61	297.08	440.00	493.88
4.56	146.83	174.61	297.08	440.00	493.88
4.57	145.15	178.70	293.66	440.00	493.88
4.58	145.15	178.70	293.66	440.00	493.88
4.59	146.83	176.64	293.66	440.00	499.62
4.60	146.83	176.64	293.66	440.00	499.62
4.61	145.15	176.64	293.66	440.00	493.88
4.62	145.15	176.64	293.66	440.00	493.88
4.63	146.83	178.70	293.66	445.11	493.88
4.64	146.83	178.70	293.66	445.11	493.88
4.65	148.54	174.61	293.66	440.00	488.21
4.66	148.54	174.61	293.66	440.00	488.21
4.67	145.15	176.64	293.66	440.00	488.21
4.68	145.15	176.64	293.66	440.00	488.21
4.69	146.83	176.64	293.66	434.95	493.88
4.70	146.83	176.64	293.66	434.95	493.88
4.71	146.83	174.61	293.66	440.00	499.62
4.72	146.83	174.61	293.66	440.00	499.62
4.73	145.15	176.64	297.08	445.11	499.62
4.74	145.15	176.64	297.08	445.11	499.62
4.75	145.15	174.61	290.29	440.00	499.62
4.76	145.15	174.61	290.29	440.00	499.62
4.77	146.83	176.64	290.29	434.95	493.88
4.78	146.83	176.64	290.29	493.88
4.79	143.48	176.64	290.29	488.21
4.80	143.48	176.64	290.29	488.21
4.81	145.15	178.70	297.08	493.88
4.82	145.15	178.70	297.08	493.88
4.83	145.15	174.61	290.29	488.21
4.84	145.15	174.61	290.29	488.21
4.85	145.15	178.70	293.66	493.88
4.86	145.15	178.70	293.66	493.88
4.87	145.15	172.61	297.08	493.88
4.88	145.15	172.61	297.08	493.88
4.89	145.15	174.61	290.29	499.62
4.90	145.15	174.61	290.29	499.62
4.91	145.15	176.64	293.66	493.88
4.92	145.15	176.64	293.66	493.88
4.93	145.15	176.64	293.66	493.88
4.94	145.15	176.64	293.66	493.88
4.95	146.83	176.64	290.29	493.88
4.96	146.83	176.64	290.29	493.88
4.97	145.15	176.64	290.29	493.88
4.98	145.15	176.64	290.29	493.88
4.99	146.83	178.70	293.66	493.88
5.00	146.83	178.70	293.66	493.88
5.01	146.83	176.64	293.66	488.21
5.02	176.64	293.66
5.03	174.61	293.66	511.30
5.04	174.61	293.66	511.30
5.05	176.64	297.08	517.24
5.06	176.64	297.08	517.24
5.07	174.61	297.08	523.25
5.08	174.61	297.08	523.25
5.09	172.61	297.08	322.10	523.25
5.10	172.61	297.08	322.10	523.25
5.11	178.70	193.75	297.08	333.46	517.24
5.12	178.70	193.75	333.46	517.24
5.13	174.61	196.00	333.46	517.24
5.14	174.61	196.00	333.46	517.24
5.15	170.63	196.00	329.63	517.24
5.16	196.00	329.63	517.24
5.17	196.00	329.63	517.24
5.18	196.00	329.63	517.24
5.19	196.00	329.63	523.25
5.20	196.00	329.63	523.25
5.21	196.00	329.63	523.25
5.22	196.00	329.63	523.25
5.23	132.33	196.00	329.63	517.24
5.24	132.33	196.00	329.63	517.24
5.25	132.33	196.00	325.84	523.25
5.26	132.33	196.00	325.84	523.25
5.27	129.31	196.00	325.84	517.24
5.28	129.31	196.00	325.84	517.24
5.29	132.33	196.00	329.63	517.24
5.30	132.33	196.00	329.63	517.24
5.31	130.81	198.28	329.63	517.24
5.32	130.81	198.28	329.63	517.24
5.33	129.31	196.00	329.63	517.24
5.34	129.31	196.00	329.63	517.24
5.35	129.31	198.28	329.63	517.24
5.36	129.31	198.28	329.63	517.24
5.37	130.81	196.00	329.63	517.24
5.38	130.81	196.00	329.63	517.24
5.39	130.81	196.00	329.63	517.24
5.40	130.81	196.00	329.63	517.24
5.41	132.33	196.00	325.84	523.25
5.42	132.33	196.00	325.84	523.25
5.43	130.81	196.00	325.84	523.25
5.44	130.81	196.00	325.84	523.25
5.45	130.81	198.28	329.63	529.33
5.46	130.81	198.28	329.63	529.33
5.47	132.33	196.00	329.63	523.25
5.48	132.33	196.00	329.63	523.25
5.49	132.33	198.28	325.84	517.24
5.50	198.28	325.84	517.24
5.51	196.00	325.84	523.25
5.52	196.00	325.84	523.25
5.53	129.31	196.00	333.46	517.24
5.54	129.31	196.00	333.46	517.24
5.55	130.81	196.00	329.63	523.25
5.56	130.81	196.00	329.63	523.25
5.57	129.31	196.00	329.63	523.25
5.58	129.31	196.00	329.63	523.25
5.59	130.81	198.28	329.63	529.33
5.60	130.81	198.28	329.63	529.33
5.61	130.81	196.00	325.84	523.25
5.62	130.81	196.00	325.84	523.25
5.63	127.83	198.28	329.63	529.33
5.64	127.83	198.28	329.63	529.33
5.65	129.31	198.28	329.63	523.25
5.66	129.31	198.28	329.63	523.25
5.67	130.81	196.00	329.63	523.25
5.68	130.81	196.00	329.63	523.25
5.69	132.33	196.00	325.84	517.24
5.70	132.33	196.00	325.84	517.24
5.71	129.31	198.28	329.63	523.25
5.72	129.31	198.28	329.63	523.25
5.73	129.31	193.75	329.63	523.25
5.74	129.31	193.75	329.63	523.25
5.75	130.81	196.00	329.63	523.25
5.76	130.81	196.00	329.63	523.25
5.77	130.81	196.00	329.63	523.25
5.78	130.81	196.00	329.63	523.25
5.79	130.81	198.28	325.84	529.33
5.80	130.81	198.28	325.84	529.33
5.81	129.31	193.75	325.84	523.25
5.82	129.31	193.75	325.84	523.25
5.83	130.81	193.75	325.84	523.25
5.84	130.81	193.75	325.84	523.25
5.85	129.31	193.75	329.63	523.25
5.86	129.31	193.75	329.63	523.25
5.87	130.81	193.75	329.63	523.25
5.88	130.81	193.75	329.63	523.25
5.89	130.81	196.00	329.63	392.00	523.25
5.90	130.81	196.00	329.63	392.00	523.25
5.91	130.81	198.28	329.63	387.49	523.25
5.92	130.81	198.28	329.63	387.49	523.25
5.93	130.81	196.00	329.63	392.00	529.33
5.94	130.81	196.00	329.63	529.33
5.95	132.33	198.28	329.63	523.25
5.96	132.33	198.28	329.63	523.25
5.97	130.81	196.00	329.63	523.25
5.98	130.81	196.00	329.63	523.25
5.99	132.33	193.75	329.63	523.25
6.00	132.33	193.75	329.63	523.25
6.01	132.33	193.75	329.63	523.25
6.02	132.33	193.75	329.63	523.25
6.03	130.81	198.28	325.84	523.25
6.04	130.81	198.28	325.84	523.25
6.05	130.81	196.00	329.63	523.25
6.06	130.81	196.00	329.63	523.25
6.07	129.31	196.00	329.63	517.24
6.08	129.31	196.00	329.63	517.24
6.09	130.81	196.00	333.46	523.25
6.10	130.81	196.00	333.46	523.25
6.11	132.33	196.00	325.84	523.25
6.12	132.33	196.00	325.84	523.25
6.13	132.33	196.00	333.46	523.25
6.14	132.33	196.00	333.46	523.25
6.15	130.81	198.28	333.46	529.33
6.16	130.81	198.28	333.46	529.33
6.17	133.87	196.00	329.63	529.33
6.18	133.87	196.00	329.63	529.33
6.19	130.81	200.58	329.63	529.33
6.20	130.81	200.58	329.63	529.33
6.21	133.87	196.00	333.46	523.25
6.22	133.87	333.46	523.25
6.23	132.33	333.46	523.25
6.24	132.33	523.25
6.25	130.81	523.25
6.26	130.81	523.25
6.27	132.33	523.25
6.28	132.33	523.25
6.29	130.81	517.24
6.30	517.24
6.31	523.25
6.32	523.25
6.33	529.33
6.34	529.33
6.35	523.25
6.36
6.37
6.38
6.39
6.40
6.41
6.42
6.43
6.44
6.45
6.46
6.47
6.48
6.49
6.50
6.51
6.52
6.53
6.54
6.55
6.56
6.57
6.58
6.59
6.60
6.61
6.62
6.63
6.64
6.65
6.66
6.67
6.68
6.69
6.70
6.71
6.72
6.73
6.74
6.75
6.76
6.77
6.78
6.79
6.80
6.81
6.82
6.83
6.84
6.85	244.11
6.86	244.11
6.87	244.11
6.88	244.11
6.89	193.75	249.81
6.90	193.75	249.81
6.91	193.75	246.94	290.29
6.92	193.75	246.94	290.29
6.93	196.00	244.11	297.08	594.15
6.94	196.00	244.11	297.08	594.15
6.95	99.14	198.28	246.94	297.08	594.15
6.96	99.14	198.28	246.94	297.08	594.15
6.97	96.87	198.28	246.94	293.66	392.00	601.06
6.98	96.87	198.28	246.94	293.66	392.00	601.06
6.99	98.00	198.28	249.81	293.66	392.00	594.15
7.00	98.00	198.28	249.81	293.66	392.00	594.15
7.01	99.14	198.28	249.81	293.66	392.00	594.15
7.02	99.14	198.28	249.81	293.66	392.00	594.15
7.03	98.00	196.00	246.94	297.08	396.55	587.33
7.04	98.00	196.00	246.94	297.08	396.55	587.33
7.05	98.00	196.00	249.81	297.08	396.55	587.33
7.06	98.00	196.00	249.81	297.08	396.55	587.33
7.07	99.14	198.28	249.81	293.66	392.00	587.33
7.08	99.14	198.28	249.81	293.66	392.00	587.33
7.09	98.00	196.00	246.94	293.66	392.00	587.33
7.10	98.00	196.00	246.94	293.66	392.00	587.33
7.11	98.00	196.00	246.94	297.08	396.55	601.06
7.12	98.00	196.00	246.94	297.08	396.55	601.06
7.13	98.00	198.28	249.81	293.66	392.00	601.06
7.14	98.00	198.28	249.81	293.66	392.00	601.06
7.15	99.14	198.28	246.94	293.66	396.55	594.15
7.16	99.14	198.28	246.94	293.66	396.55	594.15
7.17	98.00	198.28	246.94	293.66	396.55	601.06
7.18	98.00	198.28	246.94	293.66	396.55	601.06
7.19	98.00	198.28	246.94	293.66	392.00	594.15
7.20	98.00	198.28	246.94	293.66	392.00	594.15
7.21	98.00	198.28	249.81	293.66	392.00	587.33
7.22	98.00	198.28	249.81	293.66	392.00	587.33
7.23	99.14	196.00	246.94	290.29	392.00	587.33
7.24	99.14	196.00	246.94	290.29	392.00	587.33
7.25	99.14	193.75	246.94	293.66	392.00	587.33
7.26	99.14	193.75	246.94	293.66	392.00	587.33
7.27	98.00	193.75	246.94	293.66	392.00	587.33
7.28	98.00	193.75	246.94	293.66	392.00	587.33
7.29	98.00	196.00	249.81	293.66	396.55	587.33
7.30	98.00	249.81	293.66	396.55	587.33
7.31	99.14	246.94	293.66	392.00	587.33
7.32	99.14	246.94	293.66	392.00	587.33
7.33	99.14	249.81	293.66	392.00	587.33
7.34	99.14	249.81	293.66	392.00	587.33
7.35	96.87	246.94	290.29	392.00	587.33
7.36	96.87	246.94	392.00	587.33
7.37	98.00	249.81	387.49	580.58
7.38	249.81	387.49	580.58
7.39	246.94	392.00	587.33
7.40	246.94	392.00	587.33
7.41	249.81	396.55	587.33
7.42	249.81	396.55	587.33
7.43	249.81	392.00	580.58
7.44	249.81	392.00	580.58
7.45	246.94	396.55	573.91
7.46	246.94	396.55	573.91
7.47	108.74	252.71	258.62	396.55	580.58
7.48	108.74	252.71	258.62	396.55	580.58
7.49	110.00	249.81	264.67	401.16	580.58
7.50	110.00	264.67	401.16
7.51	110.00	261.63	396.55
7.52	110.00	261.63	396.55
7.53	111.28	261.63	392.00
7.54	111.28	261.63	392.00
7.55	111.28	261.63	396.55
7.56	111.28	261.63	396.55
7.57	111.28	261.63	392.00
7.58	111.28	261.63	392.00
7.59	111.28	261.63	392.00	523.25
7.60	111.28	261.63	392.00	523.25
7.61	110.00	258.62	396.55	523.25
7.62	110.00	258.62	396.55	523.25
7.63	112.57	258.62	396.55	523.25
7.64	112.57	258.62	396.55	523.25
7.65	111.28	261.63	392.00	523.25
7.66	111.28	261.63	392.00	523.25
7.67	110.00	261.63	396.55	523.25
7.68	110.00	261.63	396.55	523.25
7.69	111.28	261.63	392.00	517.24
7.70	111.28	261.63	392.00	517.24
7.71	111.28	261.63	392.00	523.25
7.72	111.28	261.63	392.00	523.25
7.73	110.00	261.63	396.55	529.33
7.74	110.00	261.63	396.55	529.33
7.75	111.28	261.63	378.64	396.55	523.25
7.76	111.28	261.63	378.64	396.55	523.25
7.77	111.28	261.63	374.29	383.04	523.25
7.78	111.28	261.63	374.29	523.25
7.79	110.00	258.62	378.64	523.25
7.80	110.00	258.62	378.64	523.25
7.81	110.00	261.63	374.29	517.24
7.82	110.00	261.63	374.29	517.24
7.83	111.28	261.63	374.29	523.25
7.84	111.28	261.63	374.29	523.25
7.85	110.00	261.63	374.29	517.24
7.86	110.00	261.63	374.29	517.24
7.87	110.00	261.63	369.99	523.25
7.88	110.00	261.63	369.99	523.25
7.89	110.00	261.63	374.29	523.25
7.90	110.00	261.63	374.29	523.25
7.91	111.28	261.63	374.29	517.24
7.92	111.28	261.63	374.29	517.24
7.93	110.00	261.63	374.29	517.24
7.94	110.00	261.63	374.29	517.24
7.95	110.00	261.63	369.99	523.25
7.96	110.00	261.63	369.99	523.25
7.97	111.28	261.63	374.29	517.24
7.98	111.28	261.63	374.29	517.24
7.99	110.00	261.63	374.29	523.25
8.00	110.00	261.63	374.29	523.25
8.01	112.57	264.67	374.29	392.00	488.21	523.25
8.02	264.67	374.29	392.00	488.21
8.03	264.67	369.99	396.55	488.21
8.04	264.67	369.99	396.55	488.21
8.05	124.91	264.67	378.64	383.04	488.21
8.06	124.91	264.67	378.64	383.04	488.21
8.07	122.05	267.74	369.99	392.00	488.21
8.08	122.05	369.99	392.00	488.21
8.09	126.36	293.66	365.74	396.55	493.88
8.10	126.36	293.66	365.74	396.55	493.88
8.11	126.36	300.53	374.29	392.00	488.21
8.12	126.36	300.53	374.29	392.00	488.21
8.13	126.36	297.08	365.74	396.55	499.62
8.14	126.36	297.08	365.74	396.55	499.62
8.15	123.47	293.66	365.74	392.00	493.88
8.16	123.47	293.66	365.74	392.00	493.88
8.17	123.47	297.08	365.74	392.00	493.88
8.18	123.47	297.08	365.74	392.00	493.88
8.19	124.91	297.08	365.74	392.00	493.88
8.20	124.91	297.08	365.74	392.00	493.88
8.21	123.47	293.66	369.99	396.55	493.88
8.22	123.47	293.66	396.55	493.88
8.23	123.47	297.08	392.00	493.88
8.24	123.47	297.08	392.00	493.88
8.25	122.05	297.08	392.00	488.21
8.26	122.05	297.08	392.00	488.21
8.27	124.91	297.08	392.00	488.21
8.28	124.91	297.08	392.00	488.21
8.29	122.05	293.66	392.00	493.88
8.30	122.05	293.66	392.00	493.88
8.31	123.47	293.66	392.00	493.88
8.32	293.66	392.00	493.88
8.33	297.08	392.00	499.62
8.34	297.08	392.00	499.62
8.35	297.08	392.00	493.88
8.36	297.08	392.00	493.88
8.37	297.08	396.55	493.88
8.38	297.08	396.55	493.88
8.39	297.08	392.00	488.21
8.40	297.08	392.00	488.21
8.41	130.81	297.08	387.49	488.21
8.42	130.81	297.08	387.49	488.21
8.43	133.87	297.08	392.00	488.21
8.44	133.87	297.08	392.00	488.21
8.45	133.87	297.08	392.00	488.21
8.46	133.87	297.08	392.00	488.21
8.47	130.81	297.08	392.00	488.21
8.48	130.81	297.08	392.00	488.21
8.49	130.81	297.08	392.00	493.88
8.50	130.81	297.08	392.00	493.88
8.51	132.33	297.08	392.00	488.21
8.52	132.33	297.08	392.00	488.21
8.53	130.81	293.66	396.55	488.21
8.54	130.81	293.66	396.55	488.21
8.55	130.81	297.08	392.00	488.21
8.56	130.81	297.08	392.00	488.21
8.57	130.81	297.08	392.00	488.21
8.58	130.81	297.08	392.00
8.59	132.33	297.08	396.55	440.00
8.60	297.08	396.55	440.00
8.61	300.53	396.55	440.00
8.62	300.53	396.55	440.00
8.63	293.66	378.64	392.00	440.00
8.64	293.66	378.64	440.00
8.65	145.15	297.08	374.29	434.95
8.66	145.15	297.08	374.29	434.95
8.67	146.83	293.66	369.99	440.00
8.68	146.83	293.66	369.99	440.00
8.69	145.15	293.66	369.99	440.00
8.70	145.15	293.66	369.99	440.00
8.71	146.83	293.66	374.29	445.11
8.72	146.83	293.66	374.29	445.11
8.73	146.83	297.08	374.29	440.00
8.74	146.83	297.08	374.29	440.00
8.75	143.48	297.08	369.99	440.00
8.76	143.48	297.08	369.99	440.00
8.77	146.83	297.08	374.29	440.00
8.78	146.83	297.08	374.29	440.00
8.79	146.83	293.66	365.74	440.00	587.33
8.80	146.83	293.66	365.74	440.00	587.33
8.81	146.83	293.66	369.99	434.95	587.33
8.82	146.83	293.66	369.99	434.95	587.33
8.83	148.54	297.08	369.99	434.95	587.33
8.84	148.54	297.08	369.99	434.95	587.33
8.85	145.15	297.08	369.99	440.00	594.15
8.86	145.15	297.08	369.99	440.00	594.15
8.87	146.83	290.29	369.99	434.95	587.33
8.88	146.83	290.29	369.99	434.95	587.33
8.89	145.15	297.08	369.99	434.95	587.33
8.90	145.15	297.08	369.99	434.95	587.33
8.91	148.54	297.08	365.74	440.00	594.15
8.92	148.54	297.08	365.74	440.00	594.15
8.93	146.83	297.08	369.99	434.95	594.15
8.94	146.83	297.08	369.99	434.95	594.15
8.95	145.15	297.08	369.99	440.00	594.15
8.96	145.15	297.08	369.99	440.00	594.15
8.97	148.54	297.08	369.99	440.00	587.33
8.98	148.54	297.08	369.99	440.00	587.33
8.99	148.54	293.66	369.99	440.00	594.15
9.00	148.54	293.66	369.99	440.00	594.15
9.01	146.83	297.08	365.74	440.00	587.33
9.02	146.83	297.08	365.74	440.00	587.33
9.03	150.26	293.66	369.99	440.00	580.58
9.04	150.26	293.66	369.99	440.00	580.58
9.05	145.15	293.66	374.29	445.11	580.58
9.06	145.15	293.66	374.29	445.11	580.58
9.07	148.54	293.66	369.99	440.00	587.33
9.08	148.54	293.66	369.99	440.00
9.09	146.83	297.08	369.99	434.95
9.10	146.83	297.08	369.99	434.95
9.11	146.83	297.08	369.99	440.00
9.12	146.83	297.08	369.99	440.00
9.13	148.54	293.66	369.99	440.00
9.14	148.54	293.66	369.99	440.00
9.15	146.83	293.66	369.99	440.00	493.88
9.16	146.83	293.66	369.99	440.00	493.88
9.17	148.54	293.66	374.29	445.11	493.88
9.18	148.54	293.66	445.11	493.88
9.19	146.83	297.08	440.00	493.88
9.20	297.08	440.00	493.88
9.21	300.53	434.95	499.62
9.22	300.53	499.62
9.23	196.00	297.08	392.00	499.62
9.24	196.00	297.08	392.00	499.62
9.25	196.00	297.08	392.00	493.88
9.26	196.00	297.08	392.00	493.88
9.27	196.00	297.08	392.00	493.88
9.28	196.00	297.08	392.00	493.88
9.29	196.00	293.66	392.00	493.88
9.30	196.00	293.66	392.00	493.88
9.31	196.00	300.53	396.55	499.62
9.32	196.00	300.53	396.55	499.62
9.33	198.28	293.66	387.49	493.88
9.34	198.28	293.66	387.49	493.88
9.35	196.00	297.08	392.00	493.88
9.36	196.00	297.08	392.00	493.88
9.37	196.00	297.08	392.00	493.88
9.38	196.00	297.08	392.00	493.88
9.39	196.00	297.08	392.00	499.62
9.40	196.00	297.08	392.00	499.62
9.41	193.75	297.08	392.00	493.88
9.42	193.75	297.08	392.00	493.88
9.43	193.75	293.66	392.00	493.88
9.44	193.75	293.66	392.00	493.88
9.45	196.00	293.66	392.00	493.88	511.30
9.46	196.00	293.66	392.00	511.30
9.47	196.00	297.08	387.49	517.24
9.48	196.00	297.08	387.49	517.24
9.49	196.00	297.08	392.00	517.24
9.50	196.00	297.08	392.00	517.24
9.51	198.28	293.66	396.55	523.25
9.52	198.28	293.66	396.55	523.25
9.53	193.75	293.66	392.00	523.25
9.54	193.75	293.66	392.00	523.25
9.55	198.28	297.08	387.49	523.25
9.56	198.28	297.08	523.25
9.57	196.00	297.08	517.24
9.58	196.00	297.08	517.24
9.59	196.00	293.66	523.25
9.60	196.00	293.66	523.25
9.61	198.28	293.66	387.49	523.25
9.62	198.28	293.66	387.49	523.25
9.63	193.75	293.66	387.49	523.25
9.64	193.75	293.66	387.49	523.25
9.65	196.00	297.08	392.00	523.25
9.66	196.00	297.08	392.00	523.25
9.67	198.28	293.66	392.00	523.25
9.68	198.28	293.66	392.00	523.25
9.69	196.00	290.29	392.00	523.25
9.70	196.00	290.29	392.00	523.25
9.71	196.00	293.66	392.00	523.25
9.72	196.00	293.66	392.00	523.25
9.73	196.00	293.66	392.00	523.25
9.74	196.00	293.66	392.00	523.25
9.75	196.00	297.08	392.00	523.25
9.76	196.00	297.08	392.00	523.25
9.77	196.00	293.66	392.00	445.11	529.33
9.78	196.00	293.66	392.00	445.11
9.79	198.28	297.08	401.16	445.11
9.80	198.28	297.08	401.16	445.11
9.81	196.00	297.08	392.00	440.00
9.82	297.08	392.00	440.00
9.83	300.53	392.00	445.11
9.84	300.53	392.00	445.11
9.85	300.53	392.00	445.11
9.86	300.53	392.00	445.11
9.87	130.81	297.08	392.00	445.11
9.88	130.81	392.00	445.11
9.89	130.81	325.84	392.00	445.11
9.90	130.81	325.84	392.00	445.11
9.91	130.81	325.84	392.00	450.28
9.92	130.81	325.84	392.00	450.28
9.93	130.81	329.63	387.49	445.11
9.94	130.81	329.63	387.49	445.11
9.95	132.33	325.84	392.00	440.00
9.96	132.33	325.84	392.00	440.00
9.97	130.81	329.63	392.00	440.00
9.98	130.81	329.63	392.00	440.00
9.99	129.31	329.63	392.00	440.00
10.00	129.31	329.63	392.00	440.00
10.01	130.81	329.63	392.00	445.11
10.02	130.81	329.63	392.00	445.11
10.03	130.81	325.84	387.49	445.11
10.04	130.81	325.84	387.49	445.11
10.05	130.81	329.63	392.00	445.11
10.06	130.81	329.63	392.00	445.11
10.07	129.31	329.63	392.00	445.11
10.08	129.31	329.63	392.00	445.11
10.09	132.33	329.63	392.00	445.11
10.10	132.33	329.63	392.00	445.11
10.11	130.81	325.84	392.00	445.11
10.12	130.81	325.84	392.00	445.11
10.13	130.81	329.63	387.49	440.00
10.14	130.81	329.63	387.49	440.00
10.15	130.81	329.63	392.00	440.00
10.16	130.81	329.63	392.00	440.00
10.17	129.31	333.46	392.00	434.95
10.18	129.31	333.46	392.00	434.95
10.19	132.33	329.63	387.49	440.00
10.20	132.33	329.63	387.49	440.00
10.21	129.31	325.84	392.00	445.11
10.22	129.31	325.84	392.00	445.11
10.23	129.31	329.63	392.00	440.00	880.00
10.24	129.31	329.63	392.00	440.00	880.00
10.25	129.31	325.84	392.00	445.11	880.00
10.26	129.31	325.84	392.00	445.11	880.00
10.27	130.81	329.63	392.00	440.00	880.00
10.28	130.81	329.63	392.00	440.00	880.00
10.29	130.81	329.63	392.00	440.00	869.89
10.30	130.81	329.63	392.00	440.00	869.89
10.31	132.33	329.63	392.00	434.95	869.89
10.32	132.33	329.63	392.00	434.95	869.89
10.33	132.33	329.63	392.00	440.00	869.89
10.34	132.33	329.63	392.00	440.00	869.89
10.35	130.81	333.46	396.55	440.00	880.00
10.36	333.46	396.55	440.00	880.00
10.37	325.84	396.55	440.00	890.23
10.38	396.55	440.00	890.23
10.39	293.66	365.74	401.16	440.00	890.23
10.40	293.66	365.74	440.00
10.41	293.66	369.99	440.00
10.42	293.66	369.99	440.00
10.43	293.66	374.29	440.00
10.44	293.66	374.29	440.00
10.45	297.08	374.29	445.11
10.46	297.08	374.29	445.11
10.47	297.08	369.99	440.00
10.48	297.08	369.99	440.00
10.49	146.83	293.66	369.99	440.00
10.50	146.83	293.66	369.99	440.00
10.51	145.15	297.08	374.29	440.00
10.52	145.15	297.08	374.29	440.00
10.53	146.83	293.66	374.29	440.00
10.54	146.83	293.66	374.29	440.00
10.55	150.26	293.66	374.29	440.00
10.56	150.26	293.66	374.29	440.00
10.57	146.83	293.66	369.99	434.95
10.58	146.83	293.66	369.99	434.95
10.59	148.54	290.29	369.99	440.00
10.60	148.54	290.29	369.99	440.00
10.61	146.83	293.66	369.99	440.00
10.62	146.83	293.66	369.99	440.00
10.63	145.15	297.08	369.99	440.00
10.64	145.15	297.08	369.99	440.00
10.65	146.83	290.29	369.99	440.00
10.66	146.83	290.29	369.99	440.00
10.67	146.83	293.66	369.99	440.00
10.68	146.83	293.66	369.99	440.00
10.69	145.15	264.67	297.08	374.29	440.00
10.70	145.15	264.67	297.08	374.29	440.00
10.71	148.54	261.63	293.66	369.99	440.00
10.72	148.54	261.63	293.66	369.99	440.00
10.73	146.83	261.63	290.29	369.99	440.00
10.74	146.83	261.63	290.29	369.99	440.00
10.75	143.48	264.67	293.66	369.99	440.00
10.76	143.48	264.67	293.66	369.99	440.00
10.77	146.83	261.63	293.66	369.99	440.00	869.89
10.78	146.83	261.63	293.66	369.99	440.00	869.89
10.79	145.15	261.63	290.29	369.99	440.00	880.00
10.80	145.15	261.63	290.29	369.99	440.00	880.00
10.81	145.15	261.63	290.29	365.74	440.00	880.00
10.82	145.15	261.63	290.29	365.74	440.00
10.83	146.83	261.63	293.66	374.29	440.00
10.84	146.83	261.63	293.66	374.29	440.00
10.85	145.15	261.63	293.66	369.99	434.95
10.86	145.15	261.63	293.66	369.99	434.95
10.87	146.83	261.63	290.29	369.99	434.95
10.88	146.83	261.63	290.29	369.99	434.95
10.89	146.83	261.63	297.08	369.99	429.95
10.90	146.83	261.63	297.08	369.99	429.95
10.91	145.15	261.63	293.66	369.99	434.95
10.92	145.15	261.63	293.66	369.99	434.95
10.93	145.15	261.63	293.66	369.99	440.00
10.94	145.15	261.63	293.66	369.99	440.00
10.95	146.83	264.67	290.29	365.74	440.00
10.96	146.83	264.67	290.29	365.74	440.00
10.97	146.83	264.67	293.66	365.74	445.11
10.98	146.83	264.67	293.66	365.74	445.11
10.99	148.54	246.94	258.62	293.66	365.74	434.95
11.00	148.54	246.94	293.66	434.95
11.01	150.26	246.94	293.66	440.00
11.02	246.94	293.66	440.00
11.03	246.94	293.66	445.11
11.04	246.94	293.66
11.05	249.81	293.66
11.06	249.81	293.66
11.07	246.94	297.08
11.08	246.94	297.08
11.09	96.87	246.94	293.66
11.10	96.87	246.94	293.66
11.11	99.14	246.94	297.08
11.12	99.14	246.94	297.08
11.13	100.29	244.11	293.66
11.14	100.29	244.11	293.66
11.15	99.14	196.00	246.94	293.66
11.16	99.14	196.00	246.94	293.66
11.17	99.14	196.00	246.94	293.66
11.18	99.14	196.00	246.94	293.66
11.19	98.00	193.75	244.11	290.29
11.20	98.00	193.75	244.11	290.29
11.21	98.00	196.00	246.94	293.66
11.22	98.00	196.00	246.94	293.66
11.23	99.14	198.28	246.94	293.66
11.24	99.14	198.28	246.94	293.66
11.25	98.00	193.75	244.11	297.08
11.26	98.00	193.75	244.11	297.08
11.27	98.00	198.28	249.81	290.29
11.28	98.00	198.28	249.81	290.29
11.29	98.00	196.00	244.11	293.66	401.16
11.30	98.00	244.11	293.66	401.16
11.31	98.00	246.94	293.66	392.00
11.32	98.00	246.94	293.66	392.00
11.33	98.00	244.11	293.66	392.00
11.34	98.00	244.11	293.66	392.00
11.35	96.87	244.11	293.66	392.00
11.36	96.87	244.11	293.66	392.00
11.37	98.00	244.11	290.29	392.00
11.38	98.00	244.11	290.29	392.00
11.39	98.00	244.11	293.66	392.00
11.40	98.00	244.11	293.66	392.00
11.41	98.00	193.75	246.94	293.66	392.00	783.99
11.42	98.00	193.75	246.94	293.66	392.00	783.99
11.43	96.87	196.00	249.81	293.66	392.00	783.99
11.44	96.87	196.00	249.81	293.66	392.00	783.99
11.45	98.00	198.28	246.94	293.66	392.00	793.10
11.46	98.00	246.94	293.66	392.00	793.10
11.47	98.00	249.81	293.66	396.55	793.10
11.48	98.00	249.81	293.66	396.55	793.10
11.49	96.87	246.94	293.66	396.55	793.10
11.50	96.87	246.94	293.66	396.55
11.51	98.00	249.81	290.29	396.55
11.52	98.00	249.81	290.29	396.55
11.53	96.87	244.11	290.29	387.49
11.54	96.87	244.11	290.29	387.49
11.55	98.00	193.75	246.94	293.66	392.00
11.56	98.00	193.75	246.94	293.66	392.00
11.57	96.87	196.00	246.94	293.66	387.49
11.58	96.87	196.00	246.94	293.66	387.49
11.59	98.00	196.00	246.94	293.66	392.00	783.99
11.60	98.00	196.00	246.94	293.66	392.00	783.99
11.61	98.00	196.00	244.11	293.66	392.00	783.99
11.62	98.00	196.00	244.11	293.66	392.00	783.99
11.63	98.00	198.28	244.11	293.66	396.55	793.10
11.64	98.00	244.11	293.66	396.55	793.10
11.65	98.00	196.00	246.94	290.29	392.00	793.10
11.66	98.00	196.00	246.94	290.29	392.00	793.10
11.67	96.87	193.75	246.94	293.66	392.00	793.10
11.68	96.87	193.75	246.94	293.66	392.00	793.10
11.69	98.00	198.28	246.94	293.66	396.55	783.99
11.70	98.00	198.28	246.94	293.66	396.55	783.99
11.71	98.00	196.00	246.94	293.66	392.00	774.99
11.72	98.00	196.00	246.94	293.66	392.00	774.99
11.73	98.00	196.00	246.94	293.66	396.55	783.99
11.74	98.00	196.00	246.94	293.66	396.55	783.99
11.75	96.87	193.75	244.11	290.29	392.00	774.99
11.76	96.87	193.75	244.11	290.29	392.00	774.99
11.77	99.14	196.00	244.11	293.66	396.55	783.99
11.78	99.14	196.00	244.11	293.66	396.55	783.99
11.79	99.14	196.00	241.30	293.66	392.00	793.10
11.80	99.14	196.00	241.30	293.66	392.00	793.10
11.81	96.87	196.00	244.11	297.08	396.55	783.99
11.82	96.87	196.00	244.11	297.08	396.55	783.99
11.83	99.14	191.52	244.11	293.66	392.00	793.10
11.84	99.14	191.52	244.11	293.66	392.00	793.10
11.85	98.00	193.75	246.94	293.66	392.00	793.10
11.86	98.00	193.75	246.94	293.66	392.00
11.87	95.76	198.28	244.11	297.08	392.00
11.88	95.76	198.28	244.11	297.08	392.00
11.89	96.87	193.75	244.11	293.66	392.00
11.90	96.87	193.75	244.11	293.66	392.00
11.91	98.00	193.75	241.30	293.66	387.49
11.92	98.00	193.75	241.30	293.66
11.93	98.00	196.00	246.94	293.66
11.94	98.00	196.00	246.94	293.66
11.95	98.00	198.28	246.94	297.08
11.96	98.00	198.28	246.94	297.08
11.97	98.00	198.28	246.94	297.08
11.98	98.00	198.28	246.94	297.08
11.99	99.14	196.00	244.11	297.08
12.00	99.14	244.11	297.08
12.01	96.87	246.94	297.08	401.16
12.02	96.87	246.94	297.08	401.16
12.03	96.87	246.94	297.08	401.16
12.04	96.87	246.94	297.08	401.16
12.05	96.87	249.81	290.29	387.49
12.06	96.87	249.81	290.29
12.07	96.87	244.11	297.08
12.08	96.87	244.11	297.08
12.09	98.00	244.11	293.66
12.10	98.00	244.11	293.66
12.11	96.87	244.11	293.66	392.00
12.12	96.87	244.11	293.66	392.00
12.13	99.14	244.11	293.66	392.00
12.14	99.14	244.11	293.66	392.00
12.15	99.14	244.11	297.08	401.16
12.16	99.14	244.11	401.16
12.17	99.14	246.94	396.55
12.18	99.14	246.94	396.55
12.19	99.14	246.94	392.00
12.20	99.14	246.94
12.21	99.14	246.94
12.22	99.14
12.23	99.14
12.24	99.14
12.25	98.00
12.26	98.00
12.27	98.00
12.28	98.00
12.29	98.00
12.30	98.00
12.31	99.14
12.32	99.14
12.33	99.14
12.34	99.14
12.35	98.00
12.36
12.37
12.38
12.39
12.40
12.41
12.42
12.43
12.44
12.45
12.46
12.47
12.48
12.49
12.50
12.51
12.52
12.53
12.54
12.55
12.56
12.57
12.58
12.59
12.60
12.61
12.62
12.63
12.64
12.65
12.66
12.67
12.68
12.69
12.70
12.71
12.72
12.73
12.74
12.75
12.76
12.77
12.78
12.79
12.80
12.81
12.82
12.83
12.84
12.85	392.00
12.86	392.00
12.87	166.73	255.65	396.55
12.88	166.73	255.65	396.55
12.89	166.73	258.62	392.00
12.90	166.73	258.62	392.00
12.91	166.73	261.63	396.55
12.92	166.73	261.63	396.55
12.93	168.67	258.62	392.00
12.94	168.67	258.62	392.00
12.95	164.81	261.63	396.55
12.96	164.81	261.63	396.55
12.97	166.73	264.67	392.00
12.98	166.73	264.67	392.00
12.99	164.81	261.63	392.00
13.00	164.81	261.63	392.00
13.01	164.81	261.63	396.55
13.02	164.81	261.63	396.55
13.03	166.73	258.62	387.49
13.04	166.73	258.62	387.49
13.05	166.73	258.62	396.55
13.06	166.73	258.62	396.55
13.07	164.81	261.63	392.00	1034.48
13.08	164.81	261.63	392.00	1034.48
13.09	164.81	261.63	392.00	1034.48
13.10	164.81	261.63	392.00	1034.48
13.11	164.81	258.62	392.00	1034.48
13.12	164.81	258.62	392.00	1034.48
13.13	164.81	261.63	396.55	1034.48
13.14	164.81	261.63	396.55	1034.48
13.15	166.73	261.63	392.00	1022.60
13.16	166.73	261.63	392.00	1022.60
13.17	162.92	261.63	392.00	493.88	1022.60
13.18	162.92	261.63	392.00	493.88	1022.60
13.19	166.73	264.67	396.55	493.88	517.24	1034.48
13.20	166.73	264.67	396.55	493.88	517.24	1034.48
13.21	164.81	261.63	392.00	493.88	529.33	1034.48
13.22	164.81	261.63	392.00	529.33	1034.48
13.23	164.81	258.62	396.55	523.25	1034.48
13.24	164.81	258.62	396.55	523.25	1034.48
13.25	166.73	261.63	392.00	523.25	1046.50
13.26	166.73	261.63	392.00	523.25
13.27	168.67	261.63	392.00	523.25
13.28	168.67	261.63	392.00	523.25
13.29	166.73	264.67	396.55	523.25
13.30	166.73	264.67	396.55	523.25
13.31	164.81	261.63	396.55	517.24
13.32	164.81	261.63	396.55	517.24
13.33	164.81	261.63	396.55	517.24
13.34	164.81	261.63	396.55	517.24
13.35	164.81	264.67	392.00	523.25
13.36	164.81	264.67	392.00	523.25
13.37	164.81	267.74	392.00	523.25
13.38	164.81	267.74	392.00	523.25
13.39	164.81	264.67	392.00	523.25
13.40	164.81	264.67	392.00	523.25
13.41	164.81	258.62	396.55	505.43	523.25
13.42	164.81	396.55	505.43	523.25
13.43	164.81	396.55	493.88	517.24
13.44	164.81	396.55	493.88	517.24
13.45	168.67	297.08	392.00	493.88	517.24
13.46	168.67	297.08	392.00	493.88
13.47	168.67	293.66	392.00	493.88
13.48	293.66	493.88
13.49	297.08	357.39	445.11	493.88
13.50	297.08	357.39	445.11	493.88
13.51	297.08	353.29	440.00	493.88
13.52	297.08	353.29	440.00	493.88
13.53	148.54	297.08	353.29	440.00	488.21
13.54	148.54	297.08	353.29	440.00	488.21
13.55	146.83	293.66	349.23	445.11	493.88
13.56	146.83	293.66	349.23	445.11	493.88
13.57	148.54	297.08	353.29	440.00	493.88
13.58	148.54	297.08	353.29	440.00	493.88
13.59	148.54	297.08	353.29	440.00	493.88
13.60	148.54	297.08	353.29	440.00	493.88
13.61	148.54	297.08	349.23	440.00	499.62
13.62	148.54	297.08	349.23	440.00	499.62
13.63	146.83	297.08	349.23	445.11	493.88
13.64	146.83	297.08	349.23	445.11	493.88
13.65	146.83	297.08	353.29	440.00	499.62
13.66	146.83	297.08	353.29	440.00	499.62
13.67	148.54	293.66	353.29	440.00	493.88	587.33
13.68	148.54	293.66	353.29	440.00	493.88	587.33
13.69	145.15	297.08	349.23	440.00	499.62	594.15
13.70	145.15	297.08	349.23	440.00	499.62	594.15
13.71	148.54	290.29	345.22	440.00	488.21	587.33
13.72	148.54	290.29	345.22	440.00	488.21	587.33
13.73	148.54	293.66	349.23	434.95	488.21	587.33
13.74	148.54	293.66	349.23	434.95	488.21	587.33
13.75	146.83	293.66	349.23	440.00	493.88	587.33
13.76	146.83	293.66	349.23	440.00	493.88	587.33
13.77	146.83	290.29	349.23	434.95	493.88	594.15
13.78	146.83	290.29	349.23	434.95	493.88	594.15
13.79	146.83	293.66	349.23	440.00	499.62	587.33
13.80	146.83	293.66	349.23	440.00	499.62	587.33
13.81	145.15	293.66	349.23	434.95	499.62	587.33
13.82	145.15	293.66	349.23	434.95	499.62	587.33
13.83	148.54	297.08	349.23	434.95	493.88	580.58
13.84	148.54	297.08	349.23	434.95	493.88
13.85	146.83	293.66	349.23	445.11	499.62
13.86	146.83	293.66	349.23	445.11	499.62
13.87	143.48	297.08	349.23	440.00	499.62
13.88	143.48	297.08	349.23	440.00	499.62
13.89	145.15	293.66	349.23	434.95	488.21
13.90	145.15	293.66	349.23	434.95	488.21
13.91	145.15	297.08	349.23	440.00	493.88
13.92	145.15	297.08	349.23	440.00	493.88
13.93	146.83	293.66	349.23	434.95	499.62
13.94	146.83	293.66	349.23	434.95	499.62
13.95	145.15	297.08	349.23	445.11	493.88
13.96	145.15	297.08	349.23	445.11	493.88
13.97	146.83	293.66	353.29	445.11	493.88
13.98	146.83	293.66	353.29	445.11	493.88
13.99	146.83	297.08	349.23	434.95	493.88
14.00	146.83	297.08	349.23	434.95	493.88
14.01	145.15	286.96	349.23	440.00	488.21	517.24
14.02	145.15	349.23	440.00	488.21	517.24
14.03	148.54	329.63	353.29	445.11	505.43	517.24
14.04	148.54	329.63	353.29	517.24
14.05	146.83	337.33	341.25	517.24
14.06	337.33	517.24
14.07	329.63	392.00	517.24
14.08	329.63	392.00	517.24
14.09	329.63	396.55	517.24
14.10	329.63	396.55	517.24
14.11	130.81	329.63	396.55	517.24
14.12	130.81	329.63	396.55	517.24
14.13	130.81	325.84	396.55	523.25
14.14	130.81	325.84	396.55	523.25
14.15	130.81	329.63	392.00	523.25
14.16	130.81	329.63	392.00	523.25
14.17	130.81	333.46	396.55	517.24
14.18	130.81	333.46	396.55	517.24
14.19	130.81	329.63	396.55	517.24
14.20	130.81	329.63	396.55	517.24
14.21	130.81	329.63	392.00	523.25
14.22	130.81	329.63	392.00	523.25
14.23	130.81	329.63	396.55	511.30
14.24	130.81	329.63	396.55	511.30
14.25	130.81	329.63	396.55	517.24
14.26	130.81	329.63	396.55	517.24
14.27	129.31	333.46	392.00	517.24
14.28	129.31	333.46	392.00	517.24
14.29	130.81	325.84	396.55	523.25
14.30	130.81	325.84	396.55	523.25
14.31	130.81	329.63	392.00	523.25
14.32	130.81	329.63	392.00	523.25
14.33	129.31	325.84	387.49	523.25
14.34	129.31	325.84	387.49	523.25
14.35	132.33	329.63	392.00	517.24
14.36	132.33	329.63	392.00	517.24
14.37	129.31	329.63	392.00	523.25
14.38	129.31	329.63	392.00	523.25
14.39	132.33	329.63	392.00	523.25
14.40	132.33	329.63	392.00	523.25
14.41	130.81	329.63	392.00	523.25
14.42	130.81	329.63	392.00	523.25
14.43	132.33	329.63	392.00	523.25
14.44	132.33	329.63	392.00	523.25
14.45	129.31	329.63	387.49	523.25
14.46	129.31	329.63	387.49	523.25
14.47	130.81	325.84	392.00	517.24
14.48	130.81	325.84	392.00	517.24
14.49	132.33	329.63	396.55	517.24
14.50	132.33	329.63	396.55	517.24
14.51	130.81	329.63	392.00	523.25
14.52	130.81	329.63	392.00	523.25
14.53	130.81	329.63	392.00	517.24
14.54	130.81	329.63	392.00	517.24
14.55	130.81	329.63	396.55	523.25
14.56	130.81	329.63	396.55	523.25
14.57	127.83	329.63	392.00	523.25
14.58	127.83	329.63	392.00	523.25
14.59	130.81	333.46	392.00	523.25
14.60	130.81	333.46	392.00
14.61	129.31	325.84	401.16	580.58
14.62	129.31	325.84	401.16	580.58
14.63	133.87	329.63	392.00	587.33
14.64	133.87	392.00	587.33
14.65	130.81	387.49	580.58
14.66	387.49	580.58
14.67	241.30	396.55	580.58
14.68	241.30	396.55	580.58
14.69	193.75	249.81	392.00	587.33
14.70	193.75	249.81	392.00	587.33
14.71	193.75	246.94	392.00	580.58
14.72	193.75	246.94	392.00	580.58
14.73	198.28	249.81	392.00	580.58
14.74	198.28	249.81	392.00	580.58
14.75	196.00	249.81	392.00	573.91
14.76	196.00	249.81	392.00	573.91
14.77	196.00	249.81	392.00	580.58
14.78	196.00	249.81	392.00	580.58
14.79	198.28	249.81	392.00	580.58
14.80	198.28	249.81	392.00	580.58
14.81	196.00	246.94	387.49	587.33
14.82	196.00	246.94	387.49	587.33
14.83	198.28	249.81	392.00	580.58
14.84	198.28	249.81	392.00	580.58
14.85	196.00	246.94	387.49	587.33
14.86	196.00	246.94	387.49	587.33
14.87	193.75	246.94	387.49	587.33
14.88	193.75	246.94	387.49	587.33
14.89	196.00	244.11	392.00	580.58
14.90	196.00	244.11	392.00	580.58
14.91	193.75	244.11	392.00	580.58
14.92	193.75	244.11	392.00	580.58
14.93	196.00	249.81	392.00	580.58
14.94	196.00	249.81	392.00	580.58
14.95	196.00	249.81	392.00	580.58
14.96	196.00	249.81	392.00	580.58
14.97	198.28	246.94	396.55	587.33
14.98	198.28	246.94	396.55	587.33
14.99	196.00	246.94	392.00	587.33
15.00	196.00	246.94	392.00	587.33
15.01	196.00	249.81	392.00	587.33
15.02	196.00	249.81	392.00	587.33
15.03	196.00	249.81	387.49	587.33
15.04	196.00	249.81	387.49	587.33
15.05	196.00	249.81	396.55	580.58
15.06	196.00	249.81	396.55	580.58
15.07	193.75	249.81	392.00	587.33
15.08	193.75	249.81	392.00	587.33
15.09	193.75	249.81	392.00	587.33
15.10	193.75	249.81	392.00	587.33
15.11	196.00	249.81	396.55	580.58
15.12	196.00	249.81	396.55	580.58
15.13	196.00	246.94	387.49	573.91
15.14	196.00	246.94	387.49	573.91
15.15	196.00	246.94	396.55	580.58
15.16	196.00	246.94	396.55	580.58
15.17	193.75	246.94	387.49	580.58
15.18	193.75	246.94	387.49	580.58
15.19	196.00	246.94	392.00	587.33
15.20	196.00	246.94	392.00	587.33
15.21	193.75	244.11	392.00	587.33
15.22	193.75	244.11	392.00	587.33
15.23	196.00	249.81	387.49	594.15
15.24	196.00	249.81	387.49	594.15
15.25	196.00	246.94	396.55	580.58
15.26	196.00	246.94	396.55	580.58
15.27	196.00	244.11	387.49	587.33
15.28	196.00	244.11	387.49	587.33
15.29	196.00	249.81	392.00	580.58
15.30	196.00	249.81	392.00	580.58
15.31	196.00	249.81	396.55	580.58
15.32	196.00	249.81	396.55	580.58
15.33	198.28	244.11	392.00	580.58
15.34	198.28	244.11	392.00	580.58
15.35	193.75	244.11	392.00	580.58
15.36	193.75	244.11	392.00	580.58
15.37	196.00	249.81	392.00	587.33
15.38	196.00	249.81	392.00	587.33
15.39	196.00	246.94	396.55	587.33
15.40	196.00	246.94	396.55	587.33
15.41	198.28	246.94	392.00	594.15
15.42	198.28	246.94	392.00	594.15
15.43	193.75	249.81	387.49	587.33
15.44	193.75	249.81	387.49	587.33
15.45	196.00	246.94	396.55	573.91
15.46	196.00	246.94	396.55	573.91
15.47	196.00	246.94	392.00	580.58
15.48	196.00	246.94	392.00	580.58
15.49	196.00	244.11	392.00	580.58
15.50	196.00	244.11	392.00	580.58
15.51	198.28	246.94	387.49	587.33
15.52	198.28	246.94	387.49	587.33
15.53	193.75	249.81	392.00	587.33
15.54	193.75	249.81	392.00	587.33
15.55	193.75	246.94	396.55	587.33
15.56	193.75	246.94	396.55	587.33
15.57	193.75	246.94	396.55	594.15
15.58	193.75	246.94	396.55	594.15
15.59	196.00	244.11	392.00	587.33
15.60	196.00	244.11	392.00	587.33
15.61	193.75	246.94	392.00	587.33
15.62	193.75	246.94	392.00	587.33
15.63	196.00	244.11	392.00	587.33
15.64	196.00	244.11	392.00	587.33
15.65	193.75	246.94	392.00	580.58
15.66	193.75	246.94	392.00	580.58
15.67	196.00	246.94	392.00	580.58
15.68	196.00	246.94	392.00	580.58
15.69	196.00	249.81	392.00	580.58
15.70	196.00	249.81	392.00	580.58
15.71	196.00	249.81	392.00	573.91
15.72	196.00	249.81	392.00	573.91
15.73	193.75	246.94	392.00	580.58
15.74	193.75	246.94	392.00	580.58
15.75	193.75	246.94	387.49	587.33
15.76	193.75	246.94	387.49	587.33
15.77	193.75	246.94	396.55	580.58
15.78	193.75	246.94	396.55	580.58
15.79	191.52	252.71	392.00	573.91
15.80	191.52	252.71	392.00	573.91
15.81	191.52	252.71	387.49	587.33
15.82	191.52	252.71	587.33
15.83	193.75	246.94	587.33
15.84	193.75	246.94	587.33
15.85	193.75	249.81	580.58
15.86	193.75	249.81	580.58
15.87	198.28	249.81	580.58
15.88	198.28	249.81	580.58
15.89	200.58	244.11	580.58
15.90	200.58	244.11	580.58
15.91	193.75	241.30	396.55	587.33
15.92	193.75	241.30	396.55	587.33
15.93	198.28	246.94	392.00	587.33
15.94	198.28	246.94	392.00	587.33
15.95	198.28	244.11	392.00	594.15
15.96	198.28	244.11	392.00	594.15
15.97	196.00	246.94	392.00	587.33
15.98	196.00	246.94	392.00	587.33
15.99	198.28	246.94	392.00	587.33
16.00	198.28	246.94	392.00	587.33
16.01	196.00	249.81	396.55	580.58
16.02	196.00	249.81	396.55	580.58
16.03	198.28	246.94	387.49	580.58
16.04	198.28	246.94	387.49	580.58
16.05	196.00	246.94	392.00	587.33
16.06	196.00	246.94	392.00	587.33
16.07	198.28	249.81	392.00	580.58
16.08	198.28	249.81	392.00	580.58
16.09	196.00	249.81	396.55	594.15
16.10	196.00	249.81	396.55	594.15
16.11	196.00	246.94	392.00	587.33
16.12	196.00	246.94	587.33
16.13	196.00	244.11	580.58
16.14	196.00	244.11	580.58
16.15	193.75	246.94	587.33
16.16	193.75	246.94	587.33
16.17	196.00	246.94	580.58
16.18	196.00	246.94	580.58
16.19	196.00	246.94	587.33
16.20	196.00	246.94	587.33
16.21	196.00	246.94	587.33
16.22	196.00	246.94	587.33
16.23	196.00	246.94	587.33
16.24	196.00	246.94	587.33
16.25	196.00	249.81	587.33
16.26	196.00	249.81	587.33
16.27	196.00	241.30	580.58
16.28	196.00	241.30	580.58
16.29	196.00	244.11	387.49	580.58
16.30	196.00	244.11	387.49	580.58
16.31	196.00	246.94	387.49	587.33
16.32	196.00	246.94	387.49	587.33
16.33	193.75	249.81	392.00	587.33
16.34	193.75	249.81	392.00	587.33
16.35	196.00	246.94	392.00	580.58
16.36	196.00	246.94	392.00	580.58
16.37	198.28	249.81	387.49	580.58
16.38	198.28	249.81	387.49	580.58
16.39	196.00	249.81	392.00	580.58
16.40	196.00	249.81	392.00	580.58
16.41	196.00	252.71	387.49	580.58
16.42	196.00	252.71	387.49	580.58
16.43	196.00	252.71	396.55	573.91	651.68
16.44	252.71	396.55	573.91	651.68
16.45	249.81	255.65	401.16	580.58	651.68
16.46	255.65	401.16	651.68
16.47	258.62	387.49	651.68
16.48	258.62	387.49	651.68
16.49	258.62	387.49	651.68
16.50	258.62	387.49	651.68
16.51	261.63	392.00	644.20
16.52	261.63	392.00	644.20
16.53	261.63	387.49	651.68
16.54	261.63	387.49	651.68
16.55	258.62	387.49	659.26
16.56	258.62	387.49	659.26
16.57	258.62	392.00	651.68
16.58	258.62	392.00	651.68
16.59	258.62	387.49	659.26
16.60	258.62	387.49	659.26
16.61	261.63	387.49	659.26
16.62	261.63	387.49	659.26
16.63	261.63	392.00	659.26
16.64	261.63	392.00	659.26
16.65	261.63	392.00	659.26
16.66	261.63	392.00	659.26
16.67	261.63	392.00	651.68
16.68	261.63	392.00	651.68
16.69	255.65	392.00	659.26
16.70	255.65	392.00	659.26
16.71	241.30	261.63	387.49	659.26
16.72	241.30	261.63	387.49	659.26
16.73	252.71	258.62	392.00	659.26
16.74	252.71	258.62	392.00	659.26
16.75	244.11	258.62	392.00	651.68
16.76	244.11	258.62	392.00	651.68
16.77	246.94	261.63	392.00	659.26
16.78	246.94	261.63	392.00	659.26
16.79	246.94	261.63	392.00	499.62	659.26
16.80	246.94	261.63	392.00	499.62	659.26
16.81	249.81	267.74	392.00	488.21	651.68
16.82	249.81	267.74	392.00	488.21	651.68
16.83	244.11	258.62	396.55	493.88	659.26
16.84	244.11	258.62	396.55	659.26
16.85	244.11	258.62	392.00	659.26
16.86	244.11	258.62	392.00	659.26
16.87	244.11	264.67	396.55	659.26
16.88	244.11	264.67	396.55	659.26
16.89	244.11	258.62	392.00	651.68
16.90	244.11	258.62	392.00	651.68
16.91	246.94	258.62	392.00	659.26
16.92	246.94	258.62	392.00
16.93	246.94	264.67	392.00	594.15
16.94	246.94	264.67	392.00	594.15
16.95	246.94	261.63	392.00	587.33
16.96	246.94	261.63	392.00	587.33
16.97	244.11	264.67	387.49	587.33
16.98	244.11	264.67	387.49	587.33
16.99	241.30	264.67	387.49	587.33
17.00	264.67	387.49	587.33
17.01	264.67	369.99	387.49	580.58
17.02	264.67	369.99	387.49	580.58
17.03	220.00	264.67	365.74	383.04	580.58
17.04	220.00	264.67	365.74	580.58
17.05	220.00	261.63	369.99	587.33
17.06	220.00	261.63	369.99	587.33
17.07	222.56	261.63	374.29	587.33
17.08	222.56	261.63	374.29	587.33
17.09	220.00	264.67	369.99	580.58
17.10	220.00	264.67	369.99	580.58
17.11	220.00	264.67	374.29	580.58
17.12	220.00	264.67	374.29	580.58
17.13	220.00	261.63	369.99	440.00	573.91
17.14	220.00	261.63	369.99	440.00	573.91
17.15	222.56	261.63	374.29	434.95	587.33
17.16	222.56	261.63	374.29	434.95	587.33
17.17	220.00	261.63	369.99	440.00	580.58
17.18	220.00	261.63	369.99	440.00
17.19	220.00	258.62	369.99	429.95
17.20	220.00	258.62	369.99
17.21	220.00	261.63	374.29
17.22	220.00	261.63	374.29
17.23	220.00	261.63	374.29
17.24	220.00	261.63	374.29
17.25	220.00	258.62	369.99	517.24
17.26	220.00	258.62	369.99	517.24
17.27	220.00	261.63	369.99	517.24
17.28	220.00	261.63	369.99	517.24
17.29	220.00	258.62	374.29	523.25
17.30	220.00	258.62	374.29	523.25
17.31	220.00	261.63	369.99	517.24
17.32	220.00	261.63	369.99	517.24
17.33	217.47	261.63	374.29	523.25
17.34	217.47	261.63	374.29	523.25
17.35	220.00	261.63	369.99	517.24
17.36	220.00	261.63	369.99	517.24
17.37	220.00	261.63	369.99	523.25
17.38	220.00	261.63	369.99	523.25
17.39	222.56	258.62	369.99	523.25
17.40	222.56	258.62	369.99	523.25
17.41	220.00	261.63	374.29	440.00	523.25
17.42	220.00	261.63	374.29	440.00	523.25
17.43	220.00	261.63	369.99	440.00	523.25
17.44	220.00	261.63	369.99	440.00	523.25
17.45	220.00	261.63	374.29	429.95	523.25
17.46	220.00	261.63	374.29	429.95	523.25
17.47	220.00	261.63	374.29	429.95	523.25
17.48	220.00	261.63	374.29	429.95	523.25
17.49	217.47	264.67	369.99	440.00	523.25
17.50	217.47	264.67	369.99	523.25
17.51	220.00	258.62	369.99	529.33
17.52	220.00	258.62	369.99	529.33
17.53	217.47	264.67	374.29	529.33
17.54	217.47	264.67	374.29
17.55	220.00	264.67	374.29
17.56	220.00	264.67	374.29
17.57	196.00	225.14	267.74	374.29
17.58	196.00	225.14	267.74	374.29
17.59	198.28	220.00	267.74	374.29	387.49
17.60	198.28	267.74	387.49
17.61	193.75	241.30	267.74	392.00
17.62	193.75	241.30	392.00
17.63	196.00	252.71	396.55
17.64	196.00	252.71	396.55
17.65	198.28	244.11	396.55
17.66	198.28	244.11	396.55
17.67	196.00	246.94	392.00
17.68	196.00	246.94	392.00
17.69	196.00	246.94	392.00
17.70	196.00	246.94	392.00
17.71	196.00	249.81	392.00
17.72	196.00	249.81	392.00
17.73	198.28	246.94	387.49
17.74	198.28	246.94	387.49
17.75	198.28	244.11	387.49
17.76	198.28	244.11	387.49
17.77	196.00	246.94	387.49	587.33
17.78	196.00	246.94	387.49	587.33
17.79	198.28	246.94	392.00	587.33
17.80	198.28	246.94	392.00	587.33
17.81	196.00	246.94	392.00	594.15
17.82	196.00	246.94	392.00	594.15
17.83	196.00	246.94	392.00	580.58
17.84	196.00	246.94	392.00	580.58
17.85	196.00	246.94	396.55	594.15
17.86	196.00	246.94	396.55	594.15
17.87	196.00	246.94	396.55	587.33
17.88	196.00	246.94	396.55	587.33
17.89	193.75	249.81	396.55	587.33
17.90	193.75	249.81	396.55	587.33
17.91	193.75	246.94	392.00	580.58
17.92	193.75	246.94	392.00	580.58
17.93	196.00	249.81	387.49	587.33
17.94	196.00	249.81	387.49	587.33
17.95	193.75	244.11	392.00	587.33
17.96	193.75	244.11	392.00	587.33
17.97	193.75	246.94	392.00	587.33
17.98	193.75	246.94	392.00	587.33
17.99	196.00	244.11	392.00	587.33
18.00	196.00	244.11	392.00	587.33
18.01	193.75	246.94	396.55	587.33
18.02	193.75	246.94	396.55	587.33
18.03	193.75	249.81	396.55	580.58
18.04	193.75	249.81	396.55	580.58
18.05	196.00	249.81	392.00	587.33
18.06	196.00	249.81	392.00	587.33
18.07	193.75	246.94	396.55	587.33
18.08	193.75	246.94	396.55	587.33
18.09	196.00	246.94	392.00	580.58
18.10	196.00	246.94	392.00	580.58
18.11	196.00	246.94	396.55	580.58
18.12	196.00	246.94	396.55	580.58
18.13	193.75	249.81	387.49	587.33
18.14	193.75	249.81	387.49	587.33
18.15	193.75	246.94	392.00	587.33
18.16	193.75	246.94	392.00	587.33
18.17	198.28	249.81	392.00	587.33
18.18	198.28	249.81	392.00	587.33
18.19	193.75	246.94	387.49	580.58
18.20	193.75	246.94	387.49	580.58
18.21	193.75	246.94	396.55	587.33
18.22	193.75	246.94	396.55	587.33
18.23	193.75	246.94	392.00	580.58
18.24	193.75	246.94	392.00	580.58
18.25	191.52	246.94	392.00	580.58
18.26	191.52	246.94	392.00	580.58
18.27	196.00	244.11	392.00	580.58
18.28	196.00	244.11	392.00	580.58
18.29	196.00	246.94	392.00	580.58
18.30	196.00	246.94	392.00	580.58
18.31	196.00	246.94	392.00	594.15
18.32	196.00	246.94	392.00	594.15
18.33	196.00	244.11	387.49	594.15
18.34	196.00	244.11	387.49	594.15
18.35	196.00	246.94	387.49	587.33
18.36	196.00	246.94	387.49	587.33
18.37	196.00	246.94	401.16	594.15
18.38	196.00	246.94	401.16	594.15
18.39	196.00	244.11	383.04	587.33
18.40	196.00	244.11	383.04	587.33
18.41	196.00	246.94	396.55	580.58
18.42	196.00	246.94	396.55	580.58
18.43	193.75	246.94	396.55	580.58
18.44	193.75	246.94	396.55	580.58
18.45	196.00	246.94	392.00	573.91
18.46	196.00	246.94	392.00	573.91
18.47	196.00	246.94	396.55	587.33
18.48	196.00	246.94	396.55	587.33
18.49	198.28	244.11	387.49	580.58
18.50	198.28	244.11	387.49	580.58
18.51	196.00	246.94	392.00	587.33
18.52	196.00	246.94	392.00	587.33
18.53	193.75	246.94	396.55	587.33
18.54	193.75	246.94	396.55	587.33
18.55	191.52	246.94	392.00	587.33
18.56	191.52	246.94	392.00	587.33
18.57	193.75	246.94	392.00	587.33
18.58	193.75	246.94	392.00	587.33
18.59	193.75	246.94	392.00	580.58
18.60	193.75	246.94	392.00	580.58
18.61	196.00	241.30	396.55	573.91
18.62	196.00	241.30	396.55	573.91
18.63	198.28	246.94	392.00	587.33
18.64	198.28	246.94	392.00	587.33
18.65	196.00	252.71	392.00	580.58
18.66	196.00	252.71	392.00	580.58
18.67	196.00	246.94	396.55	594.15
18.68	196.00	246.94	594.15
18.69	198.28	249.81	594.15
18.70	198.28	249.81	594.15
18.71	193.75	246.94	580.58
18.72	193.75	580.58
18.73	198.28	587.33
18.74	198.28	587.33
18.75	198.28	587.33
18.76	198.28	587.33
18.77	193.75	573.91
18.78	573.91
18.79	580.58
18.80	580.58
18.81	587.33
18.82	587.33
18.83	587.33
18.84	587.33
18.85	587.33
18.86	587.33
18.87	587.33
18.88	587.33
18.89	580.58
18.90	580.58
18.91	580.58
18.92	580.58
18.93	580.58
18.94	580.58
18.95	573.91
18.96
18.97
18.98
18.99
19.00
19.01
19.02
19.03
19.04
19.05
19.06
19.07
19.08
19.09
19.10
19.11
19.12
19.13
19.14
19.15
19.16
19.17
19.18
19.19
19.20
19.21
19.22
19.23
19.24
19.25
19.26
19.27	161.05
19.28	161.05
19.29	164.81
19.30	164.81
19.31	168.67
19.32	168.67
19.33	168.67
19.34	168.67
19.35	168.67	255.65
19.36	168.67	255.65
19.37	166.73	261.63	396.55
19.38	166.73	261.63	396.55
19.39	168.67	258.62	392.00
19.40	168.67	258.62	392.00
19.41	168.67	261.63	387.49
19.42	168.67	261.63	387.49
19.43	168.67	264.67	396.55
19.44	168.67	264.67	396.55
19.45	164.81	261.63	392.00
19.46	164.81	261.63	392.00
19.47	166.73	261.63	392.00
19.48	166.73	261.63	392.00
19.49	168.67	258.62	392.00
19.50	168.67	258.62	392.00
19.51	166.73	258.62	392.00
19.52	166.73	258.62	392.00
19.53	166.73	261.63	387.49
19.54	166.73	261.63	387.49
19.55	164.81	261.63	387.49
19.56	164.81	261.63	387.49
19.57	166.73	261.63	392.00
19.58	166.73	261.63	392.00
19.59	166.73	261.63	387.49
19.60	166.73	261.63	387.49
19.61	166.73	264.67	392.00
19.62	166.73	264.67	392.00
19.63	166.73	258.62	392.00
19.64	166.73	258.62	392.00
19.65	164.81	261.63	392.00
19.66	164.81	261.63	392.00
19.67	164.81	255.65	392.00
19.68	164.81	255.65	392.00
19.69	168.67	261.63	392.00
19.70	168.67	261.63	392.00
19.71	164.81	261.63	392.00
19.72	164.81	261.63	392.00
19.73	166.73	261.63	392.00
19.74	166.73	261.63	392.00
19.75	164.81	261.63	392.00
19.76	164.81	261.63	392.00
19.77	166.73	261.63	392.00
19.78	166.73	261.63	392.00
19.79	166.73	261.63	392.00
19.80	166.73	261.63	392.00
19.81	166.73	264.67	392.00
19.82	166.73	264.67	392.00
19.83	164.81	261.63	396.55
19.84	164.81	261.63	396.55
19.85	168.67	261.63	392.00
19.86	168.67	261.63	392.00
19.87	161.05	185.00	261.63	297.08	396.55
19.88	185.00	261.63	297.08	396.55
19.89	182.87	264.67	300.53	396.55
19.90	182.87	264.67	300.53
19.91	189.32	264.67	293.66
19.92	189.32	264.67	293.66
19.93	185.00	258.62	297.08
19.94	185.00	258.62	297.08
19.95	185.00	258.62	293.66
19.96	185.00	258.62	293.66
19.97	187.15	264.67	297.08	880.00
19.98	187.15	264.67	297.08	880.00
19.99	185.00	261.63	293.66	440.00	880.00
20.00	185.00	261.63	293.66	440.00	880.00
20.01	185.00	261.63	293.66	440.00	880.00
20.02	185.00	261.63	293.66	440.00	880.00
20.03	185.00	264.67	293.66	445.11	880.00
20.04	185.00	264.67	293.66	445.11	880.00
20.05	187.15	261.63	297.08	440.00	890.23
20.06	187.15	261.63	297.08	440.00
20.07	187.15	261.63	297.08	440.00
20.08	187.15	261.63	297.08	440.00
20.09	187.15	261.63	290.29	440.00
20.10	187.15	261.63	290.29	440.00
20.11	185.00	261.63	293.66	445.11
20.12	185.00	261.63	293.66	445.11
20.13	187.15	261.63	293.66	440.00
20.14	187.15	261.63	293.66	440.00
20.15	182.87	261.63	293.66	440.00
20.16	182.87	261.63	293.66	440.00
20.17	185.00	261.63	290.29	440.00
20.18	185.00	261.63	290.29	440.00
20.19	185.00	261.63	293.66	440.00
20.20	185.00	261.63	293.66	440.00
20.21	185.00	261.63	290.29	440.00
20.22	185.00	261.63	290.29	440.00
20.23	185.00	258.62	293.66	440.00
20.24	185.00	258.62	293.66	440.00
20.25	182.87	258.62	293.66	434.95
20.26	182.87	258.62	293.66	434.95
20.27	185.00	261.63	297.08	429.95
20.28	185.00	261.63	297.08	429.95
20.29	185.00	264.67	293.66	429.95
20.30	185.00	264.67	293.66	429.95
20.31	182.87	261.63	293.66	429.95
20.32	182.87	261.63	293.66
20.33	182.87	258.62	290.29
20.34	182.87	258.62	290.29
20.35	187.15	261.63	293.66
20.36	187.15	261.63	293.66
20.37	185.00	258.62	293.66
20.38	185.00	258.62	293.66
20.39	185.00	261.63	297.08	488.21
20.40	185.00	261.63	297.08	488.21
20.41	185.00	261.63	293.66	488.21
20.42	185.00	261.63	293.66	488.21
20.43	182.87	264.67	293.66	488.21
20.44	182.87	264.67	293.66	488.21
20.45	185.00	267.74	297.08	488.21
20.46	185.00	267.74	297.08	488.21
20.47	187.15	205.27	244.11	264.67	297.08	488.21
20.48	205.27	244.11	297.08	488.21
20.49	205.27	244.11	297.08	493.88
20.50	205.27	244.11	297.08	493.88
20.51	210.07	246.94	293.66	488.21
20.52	210.07	246.94	293.66	488.21
20.53	207.65	246.94	293.66	493.88
20.54	207.65	246.94	293.66	493.88
20.55	207.65	246.94	293.66	493.88
20.56	207.65	246.94	293.66	493.88
20.57	207.65	249.81	293.66	488.21
20.58	207.65	249.81	293.66	488.21
20.59	207.65	244.11	297.08	488.21
20.60	207.65	244.11	297.08	488.21
20.61	205.27	244.11	293.66	488.21
20.62	205.27	244.11	293.66	488.21
20.63	212.51	246.94	293.66	488.21
20.64	212.51	246.94	293.66	488.21
20.65	207.65	244.11	293.66	488.21
20.66	207.65	244.11	293.66	488.21
20.67	207.65	244.11	293.66	493.88
20.68	207.65	244.11	293.66	493.88
20.69	210.07	244.11	293.66	488.21
20.70	210.07	244.11	293.66	488.21
20.71	207.65	246.94	290.29	488.21
20.72	207.65	246.94	290.29	488.21
20.73	207.65	249.81	293.66	493.88
20.74	207.65	249.81	293.66	493.88
20.75	207.65	246.94	293.66	488.21
20.76	207.65	246.94	293.66	488.21
20.77	207.65	249.81	293.66	493.88
20.78	207.65	249.81	293.66	493.88
20.79	207.65	246.94	297.08	488.21
20.80	207.65	246.94	297.08	488.21
20.81	205.27	244.11	293.66	488.21
20.82	205.27	244.11	293.66	488.21
20.83	205.27	246.94	297.08	493.88
20.84	205.27	246.94	297.08	493.88
20.85	205.27	244.11	293.66	499.62
20.86	205.27	244.11	293.66	499.62
20.87	207.65	244.11	290.29	493.88
20.88	207.65	244.11	290.29	493.88
20.89	205.27	249.81	293.66	488.21
20.90	205.27	249.81	293.66	488.21
20.91	210.07	252.71	293.66	493.88
20.92	210.07	252.71	293.66	493.88
20.93	205.27	252.71	290.29	493.88
20.94	205.27	252.71	290.29	493.88
20.95	205.27	252.71	290.29	488.21
20.96	205.27	252.71	290.29
20.97	205.27	246.94	293.66	517.24
20.98	205.27	246.94	293.66	517.24
20.99	205.27	249.81	297.08	511.30
21.00	205.27	249.81	297.08	511.30
21.01	207.65	249.81	297.08	511.30
21.02	207.65	249.81	297.08	511.30
21.03	210.07	249.81	255.65	297.08	511.30
21.04	210.07	249.81	255.65	297.08	511.30
21.05	212.51	252.71	255.65	297.08	517.24
21.06	212.51	255.65	297.08	517.24
21.07	212.51	220.00	261.63	297.08	322.10	511.30
21.08	220.00	261.63	322.10	511.30
21.09	220.00	261.63	325.84	517.24
21.10	220.00	261.63	325.84	517.24
21.11	222.56	261.63	325.84	517.24
21.12	222.56	261.63	325.84	517.24
21.13	220.00	261.63	325.84	511.30
21.14	220.00	261.63	325.84	511.30
21.15	217.47	264.67	325.84	445.11	517.24
21.16	217.47	264.67	325.84	445.11	517.24
21.17	217.47	258.62	329.63	440.00	511.30
21.18	217.47	258.62	329.63	440.00	511.30
21.19	220.00	258.62	322.10	440.00	517.24
21.20	220.00	258.62	322.10	440.00	517.24
21.21	220.00	258.62	325.84	434.95	511.30
21.22	220.00	258.62	325.84	434.95	511.30
21.23	217.47	261.63	329.63	445.11	523.25
21.24	217.47	261.63	329.63	445.11	523.25
21.25	220.00	261.63	325.84	440.00	511.30
21.26	220.00	261.63	325.84	440.00
21.27	217.47	261.63	329.63	440.00
21.28	217.47	261.63	329.63	440.00
21.29	220.00	261.63	329.63	434.95
21.30	220.00	261.63	329.63	434.95
21.31	220.00	264.67	329.63	440.00
21.32	220.00	264.67	329.63	440.00
21.33	220.00	261.63	329.63	341.25	445.11	587.33
21.34	220.00	261.63	329.63	341.25	445.11	587.33
21.35	220.00	264.67	325.84	353.29	440.00	587.33
21.36	220.00	264.67	325.84	353.29	440.00	587.33
21.37	220.00	261.63	325.84	353.29	440.00	587.33
21.38	220.00	261.63	353.29	440.00	587.33
21.39	217.47	264.67	349.23	440.00	587.33
21.40	217.47	264.67	349.23	440.00	587.33
21.41	217.47	261.63	349.23	450.28	587.33
21.42	217.47	261.63	349.23	450.28	587.33
21.43	220.00	264.67	357.39	440.00	587.33
21.44	220.00	264.67	357.39	440.00	587.33
21.45	220.00	261.63	353.29	440.00	587.33
21.46	220.00	261.63	353.29	440.00	587.33
21.47	220.00	261.63	357.39	440.00	587.33
21.48	220.00	261.63	357.39	440.00	587.33
21.49	217.47	258.62	357.39	440.00	587.33
21.50	217.47	258.62	357.39	440.00	587.33
21.51	217.47	267.74	353.29	440.00	580.58
21.52	217.47	267.74	353.29	440.00	580.58
21.53	217.47	261.63	353.29	440.00	580.58
21.54	217.47	261.63	353.29	440.00	580.58
21.55	220.00	261.63	349.23	440.00	587.33
21.56	220.00	261.63	349.23	440.00	587.33
21.57	220.00	264.67	349.23	440.00	580.58
21.58	220.00	264.67	349.23	440.00	580.58
21.59	220.00	264.67	353.29	440.00	580.58	651.68
21.60	220.00	264.67	353.29	440.00	580.58	651.68
21.61	222.56	261.63	357.39	440.00	587.33	659.26
21.62	222.56	261.63	357.39	440.00	587.33	659.26
21.63	220.00	264.67	353.29	396.55	445.11	580.58	659.26
21.64	220.00	264.67	353.29	396.55	445.11	659.26
21.65	198.28	222.56	264.67	357.39	392.00	440.00	659.26
21.66	198.28	222.56	264.67	357.39	392.00	659.26
21.67	196.00	220.00	264.67	349.23	396.55	666.92
21.68	196.00	264.67	396.55	666.92
21.69	196.00	264.67	401.16	659.26
21.70	196.00	264.67	401.16	659.26
21.71	196.00	258.62	387.49	659.26
21.72	196.00	258.62	387.49	659.26
21.73	196.00	261.63	392.00	659.26
21.74	196.00	261.63	392.00	659.26
21.75	198.28	264.67	392.00	659.26
21.76	198.28	264.67	392.00	659.26
21.77	196.00	261.63	392.00	659.26
21.78	196.00	261.63	392.00	659.26
21.79	196.00	261.63	392.00	666.92
21.80	196.00	261.63	392.00	666.92
21.81	196.00	261.63	396.55	659.26
21.82	196.00	261.63	396.55	659.26
21.83	193.75	261.63	396.55	666.92
21.84	193.75	261.63	396.55	666.92
21.85	196.00	261.63	401.16	674.66	690.43
21.86	196.00	261.63	401.16	674.66	690.43
21.87	196.00	261.63	392.00	674.66	690.43
21.88	196.00	261.63	392.00	690.43
21.89	196.00	261.63	392.00	698.46
21.90	196.00	261.63	392.00	698.46
21.91	196.00	267.74	387.49	698.46
21.92	196.00	267.74	698.46
21.93	196.00	261.63	698.46
21.94	196.00	261.63	698.46
21.95	174.61	198.28	255.65	690.43
21.96	174.61	198.28	255.65	690.43
21.97	174.61	193.75	261.63	690.43
21.98	174.61	261.63	690.43
21.99	174.61	261.63	698.46
22.00	174.61	261.63	698.46
22.01	172.61	261.63	429.95	690.43
22.02	172.61	261.63	429.95	690.43
22.03	176.64	261.63	440.00	698.46
22.04	176.64	261.63	440.00	698.46
22.05	174.61	264.67	440.00	698.46
22.06	174.61	264.67	440.00	698.46
22.07	176.64	258.62	440.00	698.46
22.08	176.64	258.62	440.00	698.46
22.09	174.61	261.63	445.11	690.43
22.10	174.61	261.63	445.11	690.43
22.11	174.61	258.62	445.11	690.43
22.12	174.61	258.62	445.11	690.43
22.13	174.61	258.62	440.00	690.43
22.14	174.61	258.62	440.00	690.43
22.15	174.61	264.67	440.00	698.46
22.16	174.61	264.67	440.00	698.46
22.17	172.61	264.67	440.00	690.43
22.18	172.61	264.67	440.00	690.43
22.19	172.61	261.63	440.00	698.46
22.20	172.61	261.63	440.00
22.21	174.61	261.63	440.00
22.22	174.61	261.63	440.00
22.23	174.61	264.67	445.11
22.24	174.61	264.67	445.11
22.25	172.61	264.67	434.95
22.26	264.67	434.95
22.27	196.00	261.63	440.00
22.28	196.00	261.63	440.00
22.29	193.75	264.67	387.49	429.95	580.58
22.30	193.75	264.67	387.49	580.58
22.31	196.00	261.63	396.55	587.33
22.32	196.00	261.63	396.55	587.33
22.33	196.00	261.63	401.16	587.33
22.34	196.00	261.63	401.16	587.33
22.35	198.28	264.67	392.00	587.33
22.36	198.28	264.67	392.00	587.33
22.37	196.00	261.63	392.00	587.33
22.38	196.00	261.63	392.00	587.33
22.39	196.00	261.63	396.55	587.33
22.40	196.00	261.63	396.55	587.33
22.41	193.75	261.63	392.00	580.58
22.42	193.75	261.63	392.00	580.58
22.43	196.00	258.62	392.00	587.33
22.44	196.00	258.62	392.00	587.33
22.45	196.00	261.63	392.00	594.15
22.46	196.00	261.63	392.00	594.15
22.47	196.00	261.63	392.00	580.58
22.48	196.00	261.63	392.00	580.58
22.49	193.75	261.63	396.55	580.58
22.50	193.75	261.63	396.55	580.58
22.51	193.75	264.67	392.00	587.33
22.52	193.75	264.67	392.00	587.33
22.53	196.00	258.62	396.55	587.33
22.54	196.00	258.62	396.55	587.33
22.55	196.00	261.63	396.55	587.33
22.56	196.00	261.63	396.55	587.33
22.57	193.75	261.63	396.55	587.33
22.58	193.75	261.63	396.55	587.33
22.59	198.28	261.63	392.00	594.15
22.60	198.28	261.63	392.00	594.15
22.61	193.75	261.63	396.55	580.58
22.62	193.75	261.63	396.55	580.58
22.63	198.28	261.63	387.49	587.33
22.64	198.28	261.63	387.49	587.33
22.65	196.00	261.63	396.55	587.33
22.66	196.00	261.63	396.55	587.33
22.67	196.00	258.62	392.00	573.91
22.68	196.00	258.62	392.00	573.91
22.69	198.28	264.67	392.00	580.58
22.70	198.28	264.67	392.00	580.58
22.71	196.00	264.67	396.55	587.33
22.72	196.00	264.67	396.55	587.33
22.73	196.00	261.63	396.55	594.15
22.74	196.00	261.63	396.55	594.15
22.75	193.75	261.63	392.00	594.15
22.76	193.75	261.63	392.00	594.15
22.77	198.28	261.63	387.49	594.15
22.78	198.28	261.63	387.49	594.15
22.79	196.00	264.67	392.00	580.58
22.80	196.00	264.67	392.00	580.58
22.81	198.28	264.67	387.49	580.58
22.82	198.28	264.67	387.49	580.58
22.83	196.00	264.67	392.00	587.33
22.84	196.00	264.67	392.00	587.33
22.85	198.28	261.63	392.00	580.58
22.86	198.28	392.00	580.58
22.87	193.75	392.00	580.58
22.88	193.75	392.00	580.58
22.89	196.00	246.94	396.55	587.33
22.90	196.00	246.94	396.55	587.33
22.91	193.75	244.11	396.55	594.15
22.92	193.75	244.11	396.55	594.15
22.93	196.00	244.11	392.00	594.15
22.94	196.00	244.11	392.00	594.15
22.95	196.00	249.81	290.29	396.55	587.33
22.96	196.00	249.81	290.29	396.55	587.33
22.97	98.00	198.28	246.94	293.66	387.49	580.58
22.98	98.00	198.28	246.94	293.66	387.49	580.58
22.99	96.87	193.75	249.81	290.29	392.00	587.33
23.00	96.87	193.75	249.81	290.29	392.00	587.33
23.01	96.87	196.00	249.81	286.96	387.49	594.15
23.02	96.87	196.00	249.81	286.96	387.49	594.15
23.03	95.76	198.28	246.94	293.66	392.00	587.33
23.04	95.76	198.28	246.94	293.66	392.00	587.33
23.05	98.00	198.28	244.11	286.96	392.00	587.33
23.06	98.00	198.28	244.11	286.96	392.00	587.33
23.07	96.87	196.00	246.94	293.66	392.00	587.33
23.08	96.87	196.00	246.94	293.66	392.00	587.33
23.09	96.87	196.00	249.81	293.66	396.55	580.58
23.10	96.87	196.00	249.81	293.66	396.55	580.58
23.11	96.87	196.00	246.94	293.66	401.16	594.15
23.12	96.87	196.00	246.94	293.66	401.16	594.15
23.13	98.00	196.00	249.81	286.96	396.55	587.33
23.14	98.00	196.00	249.81	286.96	396.55	587.33
23.15	98.00	196.00	246.94	290.29	396.55	587.33
23.16	98.00	196.00	246.94	290.29	396.55	587.33
23.17	99.14	196.00	244.11	293.66	392.00	587.33
23.18	99.14	196.00	244.11	293.66	392.00	587.33
23.19	98.00	196.00	244.11	293.66	392.00	587.33
23.20	98.00	196.00	244.11	293.66	587.33
23.21	96.87	193.75	244.11	293.66	594.15
23.22	96.87	193.75	244.11	293.66	594.15
23.23	98.00	198.28	249.81	290.29	357.39	580.58
23.24	98.00	198.28	249.81	290.29	357.39	580.58
23.25	98.00	191.52	246.94	290.29	353.29	594.15
23.26	98.00	191.52	246.94	290.29	353.29	594.15
23.27	99.14	196.00	244.11	293.66	349.23	594.15
23.28	99.14	196.00	244.11	293.66	349.23	594.15
23.29	96.87	196.00	244.11	293.66	349.23	587.33
23.30	96.87	196.00	244.11	293.66	349.23	587.33
23.31	98.00	196.00	244.11	293.66	349.23	587.33
23.32	98.00	196.00	244.11	293.66	349.23	587.33
23.33	96.87	196.00	246.94	297.08	353.29	587.33
23.34	96.87	196.00	246.94	297.08	353.29	587.33
23.35	98.00	198.28	244.11	293.66	349.23	594.15
23.36	98.00	198.28	244.11	293.66	349.23	594.15
23.37	99.14	196.00	244.11	293.66	349.23	587.33
23.38	99.14	196.00	244.11	293.66	349.23	587.33
23.39	99.14	193.75	246.94	293.66	349.23	580.58
23.40	99.14	193.75	246.94	349.23
23.41	98.00	193.75	244.11	349.23
23.42	98.00	193.75	244.11	349.23
23.43	99.14	196.00	244.11	345.22
23.44	196.00	244.11	345.22
23.45	196.00	246.94	345.22
23.46	196.00	246.94	345.22
23.47	196.00	249.81	353.29
23.48	196.00	249.81	353.29
23.49	193.75	252.71	349.23
23.50	193.75	252.71	349.23
23.51	198.28	249.81	349.23
23.52	198.28	349.23
23.53	193.75	345.22
23.54	193.75	345.22
23.55	191.52	329.63	341.25
23.56	191.52	329.63
23.57	193.75	329.63	517.24
23.58	193.75	329.63	517.24
23.59	130.81	196.00	325.84	511.30
23.60	130.81	196.00	325.84	511.30
23.61	130.81	193.75	329.63	511.30
23.62	130.81	193.75	329.63	511.30
23.63	132.33	196.00	325.84	511.30
23.64	132.33	196.00	325.84	511.30
23.65	129.31	196.00	329.63	517.24
23.66	129.31	196.00	329.63	517.24
23.67	130.81	196.00	329.63	517.24
23.68	130.81	196.00	329.63	517.24
23.69	129.31	193.75	329.63	511.30
23.70	129.31	193.75	329.63	511.30
23.71	129.31	200.58	325.84	517.24
23.72	129.31	200.58	325.84	517.24
23.73	130.81	198.28	329.63	517.24
23.74	130.81	198.28	329.63	517.24
23.75	130.81	196.00	329.63	517.24
23.76	130.81	196.00	329.63	517.24
23.77	130.81	196.00	325.84	517.24
23.78	130.81	196.00	325.84	517.24
23.79	130.81	196.00	329.63	517.24
23.80	130.81	196.00	329.63	517.24
23.81	129.31	193.75	329.63	523.25
23.82	129.31	193.75	329.63	523.25
23.83	130.81	193.75	329.63	517.24
23.84	130.81	193.75	329.63	517.24
23.85	132.33	198.28	329.63	517.24
23.86	132.33	198.28	329.63	517.24
23.87	132.33	196.00	329.63	517.24
23.88	132.33	196.00	329.63	517.24
23.89	130.81	198.28	329.63	517.24
23.90	130.81	198.28	329.63	517.24
23.91	132.33	198.28	325.84	517.24
23.92	132.33	198.28	325.84	517.24
23.93	129.31	196.00	329.63	523.25
23.94	129.31	196.00	329.63	523.25
23.95	132.33	196.00	325.84	517.24
23.96	132.33	196.00	325.84	517.24
23.97	130.81	196.00	329.63	517.24
23.98	130.81	196.00	329.63	517.24
23.99	130.81	198.28	329.63	517.24
24.00	130.81	198.28	329.63	517.24
24.01	130.81	198.28	329.63	523.25
24.02	130.81	198.28	329.63	523.25
24.03	129.31	193.75	329.63	517.24
24.04	129.31	193.75	329.63	517.24
24.05	130.81	196.00	329.63	517.24
24.06	130.81	196.00	329.63	517.24
24.07	130.81	196.00	329.63	517.24
24.08	130.81	196.00	329.63	517.24
24.09	132.33	196.00	329.63	523.25
24.10	132.33	196.00	329.63	523.25
24.11	130.81	196.00	329.63	523.25
24.12	130.81	196.00	329.63	523.25
24.13	129.31	196.00	329.63	523.25
24.14	129.31	196.00	329.63	523.25
24.15	130.81	196.00	329.63	517.24
24.16	130.81	196.00	329.63	517.24
24.17	129.31	196.00	329.63	517.24
24.18	129.31	196.00	329.63	517.24
24.19	130.81	198.28	333.46	517.24
24.20	130.81	198.28	333.46	517.24
24.21	130.81	198.28	333.46	523.25
24.22	130.81	198.28	333.46	523.25
24.23	130.81	198.28	329.63	523.25
24.24	130.81	198.28	329.63	523.25
24.25	132.33	193.75	329.63	517.24
24.26	132.33	193.75	329.63	517.24
24.27	130.81	198.28	329.63	392.00	523.25
24.28	130.81	198.28	329.63	392.00	523.25
24.29	130.81	196.00	329.63	392.00	523.25
24.30	130.81	196.00	329.63	392.00	523.25
24.31	130.81	196.00	329.63	392.00	517.24
24.32	130.81	196.00	329.63	392.00	517.24
24.33	133.87	193.75	333.46	392.00	517.24
24.34	133.87	193.75	333.46	392.00	517.24
24.35	132.33	198.28	325.84	392.00	517.24
24.36	132.33	198.28	325.84	392.00	517.24
24.37	129.31	196.00	329.63	392.00	517.24
24.38	129.31	196.00	329.63	392.00	517.24
24.39	132.33	198.28	333.46	392.00	523.25
24.40	132.33	198.28	333.46	523.25
24.41	130.81	193.75	329.63	517.24
24.42	130.81	193.75	329.63	517.24
24.43	130.81	198.28	329.63	529.33
24.44	130.81	198.28	329.63	529.33
24.45	130.81	196.00	333.46	517.24
24.46	130.81	196.00	333.46	517.24
24.47	132.33	198.28	337.33	517.24
24.48	132.33	198.28	337.33	517.24
24.49	132.33	198.28	329.63	511.30
24.50	132.33	198.28	329.63	511.30
24.51	130.81	196.00	333.46	511.30
24.52	130.81	196.00	333.46	511.30
24.53	132.33	198.28	333.46	511.30
24.54	132.33	198.28	333.46	511.30
24.55	129.31	193.75	333.46	523.25
24.56	129.31	193.75	333.46	523.25
24.57	132.33	196.00	333.46	517.24
24.58	132.33	196.00	333.46	517.24
24.59	130.81	196.00	329.63	523.25
24.60	130.81	196.00	329.63	523.25
24.61	132.33	198.28	329.63	523.25
24.62	132.33	198.28	329.63	523.25
24.63	130.81	193.75	329.63	523.25
24.64	130.81	193.75	329.63	523.25
24.65	132.33	196.00	333.46	517.24
24.66	132.33	196.00	333.46	517.24
24.67	132.33	198.28	329.63	523.25
24.68	132.33	198.28	329.63	523.25
24.69	130.81	193.75	333.46	517.24
24.70	193.75	333.46	517.24
24.71	198.28	337.33	523.25
24.72	198.28	337.33	523.25
24.73	196.00	333.46	523.25
24.74	196.00	333.46	523.25
24.75	198.28	329.63	523.25
24.76	198.28	523.25
24.77	198.28	523.25
24.78	198.28	523.25
24.79	196.00	523.25
24.80	196.00	523.25
24.81	198.28	523.25
24.82	198.28	523.25
24.83	198.28	523.25
24.84	198.28	523.25
24.85	196.00	523.25
24.86	196.00	523.25
24.87	198.28	523.25
24.88	198.28	523.25
24.89	198.28	523.25
24.90	198.28	523.25
24.91	196.00	529.33
24.92	196.00	529.33
24.93	198.28	529.33
24.94	198.28	529.33
24.95	198.28	523.25
24.96	198.28	523.25
24.97	196.00	517.24
24.98	196.00
24.99	196.00
25.00	196.00
25.01	198.28
25.02	198.28
25.03	198.28
25.04	198.28
25.05	196.00
25.06	196.00
25.07	193.75
25.08	193.75
25.09	196.00
25.10	196.00
25.11	196.00
25.12	196.00
25.13	196.00
25.14
25.15
25.16
25.17
25.18
25.19
25.20
25.21
25.22
25.23
25.24
25.25
25.26
25.27
25.28
25.29
25.30
25.31
25.32
25.33
25.34
25.35
25.36
25.37
25.38
25.39
25.40
25.41
25.42
25.43
25.44
25.45
25.46
25.47
25.48
25.49
25.50
25.51
25.52
25.53
25.54
25.55
25.56
25.57
25.58
25.59
25.60
25.61
25.62
25.63
25.64
25.65
25.66
25.67
25.68
25.69
25.70
25.71
25.72
25.73
25.74
25.75
25.76
25.77
25.78
25.79
25.80
25.81
25.82
25.83
25.84
25.85
25.86
25.87
25.88
25.89
25.90
25.91
25.92
25.93
25.94
25.95
25.96
25.97
25.98
25.99
26.00
26.01
26.02
26.03
26.04
26.05
26.06
26.07
26.08
26.09
26.10
26.11
26.12
26.13
26.14
26.15
26.16
26.17
26.18
26.19
26.20
26.21
26.22
26.23
26.24
26.25
26.26
26.27
26.28
26.29
26.30
26.31
26.32
26.33
26.34
26.35
26.36
26.37
26.38
