0.01
0.02
0.03
0.04
0.05
0.06
0.07
0.08
0.09
0.10
0.11
0.12
0.13	227.76
0.14	227.76
0.15	233.08
0.16	233.08
0.17	233.08	297.08
0.18	233.08	297.08
0.19	238.53	293.66
0.20	238.53	293.66
0.21	235.79	293.66
0.22	235.79	293.66
0.23	235.79	297.08
0.24	235.79	297.08
0.25	235.79	297.08
0.26	235.79	297.08
0.27	235.79	297.08
0.28	235.79	297.08
0.29	235.79	293.66
0.30	235.79	293.66
0.31	99.14	235.79	293.66
0.32	99.14	235.79	293.66
0.33	99.14	235.79	293.66
0.34	99.14	235.79	293.66
0.35	100.29	233.08	290.29
0.36	100.29	233.08	290.29
0.37	99.14	230.40	293.66
0.38	99.14	230.40	293.66
0.39	99.14	233.08	293.66
0.40	99.14	233.08	293.66
0.41	99.14	230.40	293.66
0.42	99.14	230.40	293.66
0.43	99.14	233.08	293.66
0.44	99.14	233.08	293.66
0.45	100.29	235.79	297.08	387.49
0.46	100.29	235.79	297.08	387.49
0.47	100.29	235.79	290.29	392.00
0.48	235.79	290.29	392.00
0.49	235.79	293.66	392.00
0.50	235.79	293.66	392.00
0.51	233.08	293.66	387.49
0.52	233.08	293.66	387.49
0.53	233.08	290.29	387.49
0.54	233.08	290.29	387.49
0.55	233.08	293.66	383.04
0.56	233.08	293.66	383.04
0.57	233.08	290.29	392.00
0.58	233.08	290.29	392.00
0.59	112.57	233.08	290.29	383.04
0.60	112.57	233.08	290.29	383.04
0.61	112.57	235.79	290.29	387.49
0.62	112.57	235.79	290.29	387.49
0.63	111.28	235.79	293.66	387.49
0.64	111.28	235.79	293.66	387.49
0.65	111.28	233.08	297.08	383.04
0.66	111.28	233.08	297.08	383.04
0.67	111.28	233.08	290.29	383.04
0.68	111.28	233.08	290.29	383.04
0.69	111.28	230.40	290.29	387.49
0.70	111.28	230.40	290.29	387.49
0.71	110.00	227.76	290.29	392.00
0.72	110.00	227.76	290.29	392.00
0.73	110.00	230.40	293.66	392.00
0.74	110.00	230.40	293.66	392.00
0.75	111.28	227.76	290.29	387.49
0.76	111.28	227.76	290.29	387.49
0.77	110.00	227.76	297.08	383.04
0.78	227.76	297.08	383.04
0.79	227.76	297.08	387.49
0.80	227.76	297.08	387.49
0.81	116.54	230.40	300.53	383.04
0.82	116.54	230.40	300.53
0.83	116.54	233.08	297.08
0.84	116.54	233.08	297.08
0.85	116.54	233.08	290.29	349.23
0.86	116.54	233.08	290.29	349.23
0.87	117.90	233.08	293.66	349.23
0.88	117.90	233.08	293.66	349.23
0.89	119.26	233.08	293.66	345.22
0.90	119.26	233.08	293.66	345.22
0.91	117.90	233.08	293.66	345.22
0.92	117.90	233.08	293.66	345.22
0.93	116.54	230.40	293.66	349.23
0.94	116.54	230.40	293.66	349.23
0.95	116.54	230.40	293.66	345.22
0.96	116.54	230.40	293.66	345.22
0.97	116.54	233.08	293.66	349.23
0.98	116.54	233.08	293.66	349.23
0.99	117.90	233.08	293.66	349.23
1.00	117.90	233.08	293.66	349.23
1.01	116.54	230.40	293.66	349.23
1.02	116.54	230.40	293.66	349.23
1.03	116.54	233.08	293.66	345.22
1.04	116.54	233.08	293.66	345.22
1.05	116.54	233.08	293.66	349.23
1.06	116.54	233.08	293.66	349.23
1.07	115.20	233.08	293.66	345.22
1.08	233.08	293.66	345.22
1.09	233.08	290.29	345.22
1.10	233.08	290.29	345.22
1.11	230.40	290.29	345.22
1.12	230.40	290.29	345.22
1.13	233.08	293.66	341.25
1.14	233.08	293.66	341.25
1.15	233.08	290.29	353.29
1.16	233.08	290.29	353.29
1.17	233.08	290.29	349.23
1.18	233.08	290.29	349.23
1.19	233.08	290.29	349.23
1.20	233.08	290.29	349.23
1.21	230.40	290.29	349.23
1.22	230.40	290.29	349.23
1.23	233.08	293.66	345.22
1.24	233.08	293.66	345.22
1.25	233.08	290.29	345.22
1.26	233.08	290.29	345.22
1.27	230.40	293.66	345.22
1.28	230.40	293.66	345.22
1.29	233.08	290.29	345.22
1.30	233.08	290.29	345.22
1.31	230.40	293.66	345.22
1.32	230.40	293.66	345.22
1.33	235.79	297.08	345.22
1.34	235.79	297.08	345.22
1.35	233.08	293.66	345.22
1.36	233.08	293.66	345.22
1.37	230.40	297.08	349.23
1.38	230.40	297.08	349.23
1.39	230.40	297.08	353.29
1.40	230.40	297.08	353.29
1.41	225.14	230.40	297.08	345.22
1.42	225.14	297.08	345.22
1.43	150.26	214.98	297.08	345.22
1.44	150.26	214.98	297.08	345.22
1.45	150.26	225.14	297.08	341.25
1.46	150.26	225.14	297.08	341.25
1.47	146.83	220.00	290.29	349.23
1.48	146.83	220.00	290.29	349.23
1.49	150.26	220.00	297.08	345.22
1.50	150.26	220.00	297.08	345.22
1.51	146.83	217.47	293.66	345.22
1.52	146.83	217.47	293.66	345.22
1.53	146.83	220.00	297.08	353.29	445.11
1.54	146.83	220.00	297.08	353.29	445.11
1.55	146.83	220.00	293.66	345.22	440.00
1.56	146.83	220.00	293.66	345.22	440.00
1.57	146.83	220.00	293.66	353.29	440.00
1.58	146.83	220.00	293.66	353.29
1.59	148.54	217.47	293.66	345.22
1.60	148.54	217.47	293.66	345.22
1.61	146.83	222.56	293.66	345.22
1.62	146.83	222.56	293.66	345.22
1.63	146.83	217.47	290.29	349.23
1.64	146.83	217.47	290.29	349.23
1.65	148.54	220.00	293.66	349.23
1.66	148.54	220.00	293.66	349.23
1.67	146.83	220.00	293.66	349.23
1.68	146.83	220.00	293.66	349.23
1.69	146.83	220.00	230.40	290.29	349.23
1.70	146.83	220.00	230.40	290.29	349.23
1.71	146.83	220.00	230.40	293.66	349.23
1.72	146.83	220.00	230.40	293.66	349.23
1.73	146.83	222.56	230.40	297.08	349.23
1.74	146.83	230.40	297.08	349.23
1.75	146.83	227.76	293.66	345.22
1.76	146.83	227.76	293.66	345.22
1.77	146.83	230.40	297.08	349.23
1.78	146.83	230.40	297.08	349.23
1.79	148.54	230.40	290.29	345.22	440.00
1.80	148.54	230.40	290.29	345.22	440.00
1.81	146.83	230.40	290.29	349.23	440.00
1.82	146.83	230.40	290.29	349.23	440.00
1.83	148.54	233.08	290.29	349.23	440.00
1.84	148.54	233.08	290.29	349.23	440.00
1.85	148.54	233.08	293.66	349.23	440.00
1.86	148.54	233.08	293.66	349.23	440.00
1.87	145.15	233.08	293.66	349.23	434.95
1.88	145.15	233.08	293.66	349.23	434.95
1.89	148.54	235.79	290.29	353.29	434.95
1.90	148.54	235.79	290.29	353.29	434.95
1.91	148.54	233.08	290.29	357.39	440.00
1.92	148.54	233.08	290.29	357.39	440.00
1.93	145.15	233.08	293.66	357.39	383.04	445.11
1.94	145.15	233.08	293.66	357.39	383.04	445.11
1.95	146.83	233.08	293.66	341.25	387.49	440.00
1.96	146.83	233.08	293.66	387.49
1.97	146.83	162.92	230.40	293.66	387.49
1.98	162.92	230.40	293.66	387.49
1.99	164.81	233.08	297.08	392.00
2.00	164.81	233.08	297.08	392.00
2.01	168.67	235.79	297.08	387.49
2.02	168.67	235.79	297.08	387.49
2.03	162.92	230.40	297.08	387.49
2.04	162.92	297.08	387.49
2.05	166.73	196.00	293.66	392.00
2.06	166.73	196.00	293.66	392.00
2.07	168.67	196.00	293.66	387.49
2.08	168.67	196.00	293.66	387.49
2.09	164.81	196.00	293.66	387.49
2.10	164.81	196.00	293.66	387.49
2.11	164.81	198.28	293.66	387.49
2.12	164.81	198.28	293.66	387.49
2.13	166.73	196.00	293.66	387.49
2.14	166.73	196.00	293.66	387.49
2.15	164.81	196.00	297.08	329.63	392.00
2.16	164.81	196.00	297.08	329.63	392.00
2.17	162.92	196.00	290.29	333.46	392.00
2.18	162.92	196.00	290.29	333.46	392.00
2.19	166.73	196.00	293.66	329.63	392.00
2.20	166.73	196.00	293.66	329.63	392.00
2.21	166.73	196.00	290.29	329.63	392.00
2.22	166.73	196.00	290.29	329.63	392.00
2.23	166.73	196.00	290.29	329.63	387.49
2.24	166.73	196.00	290.29	329.63	387.49
2.25	166.73	196.00	290.29	333.46	392.00
2.26	166.73	196.00	290.29	333.46	392.00
2.27	166.73	193.75	290.29	329.63	392.00
2.28	166.73	193.75	290.29	329.63	392.00
2.29	166.73	196.00	297.08	329.63	387.49	493.88
2.30	166.73	196.00	297.08	329.63	387.49	493.88
2.31	164.81	193.75	264.67	293.66	329.63	396.55	493.88
2.32	164.81	193.75	264.67	293.66	329.63	396.55	493.88
2.33	166.73	193.75	264.67	297.08	329.63	392.00	488.21
2.34	166.73	193.75	264.67	329.63	392.00
2.35	164.81	193.75	261.63	333.46	387.49	499.62
2.36	164.81	193.75	261.63	333.46	387.49	499.62
2.37	166.73	193.75	264.67	333.46	387.49	493.88
2.38	166.73	193.75	264.67	333.46	387.49	493.88
2.39	164.81	196.00	261.63	329.63	392.00	493.88
2.40	164.81	196.00	261.63	329.63	392.00	493.88
2.41	166.73	196.00	264.67	329.63	387.49	493.88
2.42	166.73	196.00	264.67	329.63	387.49	493.88
2.43	164.81	193.75	261.63	333.46	392.00	493.88
2.44	164.81	193.75	261.63	333.46	392.00	493.88
2.45	162.92	196.00	258.62	325.84	392.00	499.62
2.46	162.92	196.00	258.62	392.00	499.62
2.47	164.81	198.28	261.63	392.00	488.21
2.48	164.81	198.28	261.63	392.00	488.21
2.49	164.81	198.28	261.63	387.49	493.88
2.50	164.81	198.28	261.63	387.49
2.51	166.73	170.63	198.28	264.67	392.00
2.52	166.73	170.63	264.67	392.00
2.53	168.67	176.64	261.63	383.04
2.54	168.67	176.64	261.63	383.04
2.55	166.73	178.70	264.67	392.00	429.95
2.56	178.70	264.67	429.95
2.57	174.61	264.67	434.95
2.58	174.61	264.67	434.95
2.59	178.70	261.63	434.95
2.60	178.70	261.63	434.95
2.61	172.61	261.63	434.95
2.62	172.61	261.63	434.95
2.63	172.61	261.63	434.95
2.64	172.61	261.63	434.95
2.65	176.64	261.63	434.95
2.66	176.64	261.63	434.95
2.67	176.64	261.63	434.95
2.68	176.64	261.63	434.95
2.69	176.64	258.62	434.95
2.70	176.64	258.62	434.95
2.71	176.64	261.63	434.95
2.72	176.64	261.63	434.95
2.73	172.61	264.67	440.00
2.74	172.61	264.67	440.00
2.75	174.61	261.63	429.95
2.76	174.61	261.63	429.95
2.77	176.64	261.63	434.95
2.78	176.64	261.63	434.95
2.79	174.61	261.63	440.00
2.80	174.61	261.63	440.00
2.81	172.61	261.63	434.95
2.82	172.61	261.63	434.95
2.83	174.61	267.74	434.95
2.84	174.61	267.74	434.95
2.85	174.61	217.47	264.67	434.95
2.86	174.61	217.47	434.95
2.87	174.61	220.00	440.00
2.88	174.61	220.00	440.00
2.89	174.61	217.47	341.25	434.95
2.90	174.61	217.47	341.25	434.95
2.91	176.64	217.47	349.23	434.95
2.92	176.64	217.47	349.23	434.95
2.93	178.70	217.47	349.23	434.95
2.94	178.70	217.47	349.23	434.95
2.95	174.61	217.47	349.23	434.95
2.96	174.61	217.47	349.23	434.95
2.97	174.61	220.00	349.23	434.95
2.98	174.61	220.00	349.23	434.95
2.99	174.61	220.00	349.23	434.95
3.00	174.61	220.00	349.23	434.95
3.01	174.61	217.47	349.23	434.95
3.02	174.61	217.47	349.23	434.95
3.03	174.61	220.00	345.22	434.95
3.04	174.61	220.00	345.22	434.95
3.05	176.64	217.47	349.23	440.00
3.06	176.64	217.47	349.23	440.00
3.07	172.61	220.00	353.29	434.95
3.08	172.61	220.00	353.29	434.95
3.09	174.61	220.00	230.40	349.23	440.00
3.10	174.61	220.00	230.40	349.23
3.11	172.61	222.56	238.53	345.22	387.49
3.12	172.61	238.53	345.22	387.49
3.13	176.64	230.40	349.23	392.00
3.14	230.40	349.23	392.00
3.15	233.08	345.22	387.49
3.16	233.08	345.22	387.49
3.17	196.00	233.08	345.22	387.49
3.18	196.00	233.08	345.22	387.49
3.19	200.58	233.08	349.23	392.00
3.20	200.58	233.08	349.23	392.00
3.21	198.28	233.08	349.23	387.49
3.22	198.28	233.08	349.23	387.49
3.23	198.28	233.08	349.23	383.04
3.24	198.28	233.08	349.23	383.04
3.25	193.75	235.79	349.23	387.49
3.26	193.75	235.79	349.23	387.49
3.27	196.00	235.79	349.23	387.49
3.28	196.00	235.79	349.23	387.49
3.29	198.28	233.08	349.23	392.00
3.30	198.28	233.08	349.23	392.00
3.31	193.75	233.08	349.23	387.49
3.32	193.75	233.08	349.23	387.49
3.33	196.00	233.08	349.23	387.49
3.34	196.00	233.08	349.23	387.49
3.35	196.00	230.40	349.23	387.49
3.36	196.00	230.40	349.23	387.49
3.37	193.75	233.08	349.23	387.49
3.38	193.75	233.08	349.23	387.49
3.39	193.75	233.08	349.23	383.04
3.40	193.75	233.08	349.23	383.04
3.41	196.00	230.40	311.13	345.22	387.49
3.42	196.00	230.40	311.13	387.49
3.43	196.00	233.08	311.13	387.49
3.44	196.00	233.08	311.13	387.49
3.45	196.00	235.79	307.55	383.04
3.46	196.00	235.79	307.55	383.04
3.47	193.75	233.08	311.13	387.49	774.99
3.48	193.75	233.08	311.13	387.49	774.99
3.49	193.75	233.08	314.74	383.04	766.08
3.50	193.75	233.08	314.74	383.04	766.08
3.51	196.00	235.79	311.13	387.49	766.08
3.52	196.00	235.79	311.13	387.49	766.08
3.53	196.00	233.08	314.74	387.49	774.99
3.54	196.00	233.08	314.74	387.49
3.55	196.00	233.08	314.74	392.00
3.56	196.00	233.08	314.74	392.00
3.57	191.52	233.08	311.13	383.04
3.58	191.52	233.08	311.13	383.04
3.59	198.28	230.40	311.13	387.49
3.60	198.28	230.40	311.13
3.61	196.00	230.40	311.13
3.62	196.00	230.40	311.13
3.63	198.28	233.08	307.55
3.64	198.28	233.08	307.55
3.65	196.00	235.79	314.74	349.23
3.66	196.00	235.79	314.74	349.23
3.67	198.28	230.40	311.13	341.25
3.68	198.28	230.40	341.25
3.69	198.28	230.40	349.23
3.70	198.28	230.40	349.23
3.71	193.75	238.53	249.81	341.25
3.72	238.53	249.81	341.25
3.73	205.27	233.08	241.30	345.22
3.74	205.27	241.30	345.22
3.75	210.07	244.11	300.53	349.23
3.76	210.07	244.11	300.53	349.23
3.77	207.65	246.94	297.08	349.23
3.78	207.65	246.94	297.08	349.23
3.79	210.07	246.94	293.66	349.23
3.80	210.07	246.94	293.66	349.23
3.81	207.65	241.30	293.66	345.22
3.82	207.65	241.30	293.66	345.22
3.83	207.65	241.30	293.66	345.22
3.84	207.65	241.30	293.66	345.22
3.85	207.65	246.94	293.66	345.22
3.86	207.65	246.94	293.66	345.22
3.87	207.65	241.30	293.66	345.22
3.88	207.65	241.30	293.66	345.22
3.89	205.27	244.11	293.66	345.22
3.90	205.27	244.11	293.66	345.22
3.91	205.27	241.30	293.66	345.22
3.92	205.27	241.30	293.66	345.22
3.93	207.65	246.94	293.66	349.23
3.94	207.65	246.94	293.66	349.23
3.95	205.27	244.11	293.66	349.23
3.96	205.27	244.11	293.66	349.23
3.97	205.27	244.11	293.66	349.23
3.98	205.27	244.11	293.66	349.23
3.99	207.65	244.11	293.66	345.22
4.00	207.65	244.11	293.66	345.22
4.01	207.65	241.30	293.66	345.22
4.02	207.65	241.30	293.66	345.22
4.03	210.07	241.30	290.29	345.22
4.04	210.07	241.30	290.29	345.22
4.05	210.07	241.30	290.29	345.22
4.06	210.07	241.30	290.29	345.22
4.07	210.07	244.11	290.29	345.22
4.08	210.07	244.11	290.29	345.22
4.09	205.27	244.11	293.66	345.22
4.10	205.27	244.11	293.66	345.22
4.11	207.65	244.11	293.66	349.23
4.12	207.65	244.11	293.66	349.23
4.13	207.65	246.94	300.53	349.23
4.14	207.65	246.94	300.53	349.23
4.15	210.07	244.11	290.29	349.23
4.16	210.07	290.29	349.23
4.17	207.65	297.08	349.23
4.18	207.65	297.08	349.23
4.19	207.65	233.08	297.08	345.22
4.20	207.65	233.08	297.08	345.22
4.21	207.65	233.08	297.08	349.23
4.22	207.65	233.08	297.08	349.23
4.23	207.65	233.08	293.66	341.25
4.24	207.65	233.08	293.66	341.25
4.25	210.07	233.08	293.66	349.23
4.26	210.07	233.08	293.66	349.23
4.27	207.65	233.08	293.66	341.25
4.28	233.08	293.66	341.25
4.29	233.08	293.66	341.25
4.30	233.08	293.66
4.31	222.56	233.08	297.08
4.32	222.56	233.08	297.08
4.33	225.14	227.76	293.66
4.34	225.14	227.76	293.66
4.35	166.73	222.56	227.76	297.08
4.36	166.73	222.56	227.76	297.08
4.37	162.92	225.14	230.40	297.08
4.38	162.92	225.14	230.40	297.08
4.39	164.81	220.00	227.76	297.08
4.40	164.81	220.00	297.08
4.41	164.81	220.00	293.66
4.42	164.81	220.00	293.66
4.43	162.92	220.00	293.66
4.44	162.92	220.00	293.66
4.45	164.81	222.56	293.66
4.46	164.81	222.56	293.66
4.47	162.92	220.00	293.66	329.63
4.48	162.92	220.00	293.66	329.63
4.49	164.81	220.00	297.08	325.84
4.50	164.81	220.00	297.08	325.84
4.51	166.73	222.56	293.66	322.10
4.52	166.73	222.56	293.66	322.10
4.53	164.81	222.56	293.66	325.84
4.54	164.81	222.56	293.66	325.84
4.55	162.92	222.56	297.08	333.46
4.56	162.92	222.56	297.08	333.46
4.57	168.67	222.56	297.08	325.84
4.58	168.67	222.56	297.08	325.84
4.59	166.73	214.98	293.66	325.84
4.60	166.73	214.98	293.66	325.84
4.61	166.73	225.14	293.66	325.84	434.95
4.62	166.73	225.14	293.66	325.84	434.95
4.63	108.74	164.81	220.00	277.18	286.96	322.10	434.95
4.64	108.74	220.00	277.18	322.10	434.95
4.65	111.28	220.00	277.18	325.84	440.00
4.66	111.28	220.00	277.18	325.84	440.00
4.67	110.00	222.56	277.18	322.10	434.95
4.68	110.00	222.56	277.18	322.10	434.95
4.69	110.00	217.47	277.18	325.84	445.11
4.70	110.00	217.47	277.18	325.84	445.11
4.71	110.00	220.00	274.00	325.84	440.00
4.72	110.00	220.00	274.00	325.84	440.00
4.73	111.28	220.00	277.18	329.63	440.00
4.74	111.28	220.00	277.18	329.63	440.00
4.75	111.28	217.47	277.18	325.84	440.00
4.76	111.28	217.47	277.18	325.84	440.00
4.77	110.00	196.00	220.00	277.18	337.33	445.11
4.78	110.00	196.00	220.00	277.18	337.33	445.11
4.79	110.00	196.00	217.47	277.18	329.63	440.00
4.80	110.00	196.00	277.18	440.00
4.81	108.74	198.28	277.18	434.95
4.82	108.74	198.28	277.18	434.95
4.83	110.00	196.00	277.18	445.11
4.84	110.00	196.00	277.18	445.11
4.85	110.00	196.00	277.18	445.11
4.86	110.00	196.00	277.18	445.11
4.87	111.28	196.00	277.18	286.96	440.00
4.88	196.00	277.18	286.96	440.00
4.89	196.00	277.18	290.29	445.11
4.90	196.00	277.18	290.29	445.11
4.91	196.00	283.66	290.29	434.95
4.92	196.00	290.29	434.95
4.93	170.63	196.00	293.66	434.95
4.94	170.63	196.00	293.66	434.95
4.95	174.61	193.75	222.56	293.66	440.00
4.96	174.61	222.56	293.66	440.00
4.97	145.15	176.64	220.00	293.66	445.11
4.98	145.15	176.64	220.00	293.66	445.11
4.99	146.83	176.64	220.00	297.08	440.00
5.00	146.83	176.64	220.00	297.08	440.00
5.01	146.83	178.70	225.14	293.66	440.00
5.02	146.83	178.70	225.14	293.66	440.00
5.03	146.83	174.61	220.00	297.08	445.11
5.04	146.83	174.61	220.00	297.08	445.11
5.05	145.15	176.64	220.00	293.66	440.00
5.06	145.15	176.64	220.00	293.66	440.00
5.07	146.83	174.61	222.56	293.66	434.95
5.08	146.83	174.61	222.56	293.66	434.95
5.09	145.15	178.70	217.47	297.08	445.11
5.10	145.15	178.70	217.47	297.08	445.11
5.11	145.15	176.64	220.00	293.66	434.95
5.12	145.15	176.64	220.00	293.66	434.95
5.13	145.15	176.64	220.00	293.66	440.00
5.14	145.15	176.64	220.00	293.66	440.00
5.15	145.15	176.64	220.00	290.29	434.95
5.16	145.15	176.64	220.00	290.29	434.95
5.17	146.83	176.64	220.00	293.66	434.95
5.18	146.83	176.64	220.00	293.66	434.95
5.19	146.83	174.61	222.56	293.66	440.00
5.20	146.83	174.61	222.56	293.66	440.00
5.21	145.15	178.70	220.00	300.53	440.00
5.22	145.15	178.70	220.00	300.53	440.00
5.23	145.15	178.70	222.56	293.66	434.95
5.24	145.15	178.70	222.56	293.66	434.95
5.25	146.83	176.64	220.00	293.66	445.11
5.26	146.83	176.64	220.00	293.66	445.11
5.27	145.15	176.64	220.00	297.08	440.00
5.28	145.15	176.64	220.00	297.08	440.00
5.29	145.15	178.70	220.00	293.66	434.95
5.30	145.15	178.70	220.00	293.66	434.95
5.31	145.15	176.64	222.56	290.29	440.00
5.32	145.15	176.64	222.56	290.29	440.00
5.33	145.15	176.64	220.00	290.29	440.00
5.34	145.15	176.64	220.00	290.29
5.35	145.15	176.64	220.00	290.29	440.00
5.36	145.15	176.64	220.00	290.29	440.00
5.37	143.48	172.61	222.56	293.66	434.95
5.38	143.48	172.61	222.56	293.66	434.95
5.39	146.83	176.64	220.00	293.66	434.95
5.40	146.83	176.64	220.00	293.66	434.95
5.41	146.83	178.70	220.00	293.66	445.11
5.42	146.83	178.70	220.00	293.66
5.43	146.83	172.61	217.47	293.66
5.44	146.83	172.61	217.47	293.66
5.45	145.15	174.61	220.00	293.66	440.00
5.46	145.15	174.61	220.00	293.66	440.00
5.47	146.83	178.70	220.00	293.66	440.00
5.48	146.83	178.70	220.00	293.66	440.00
5.49	146.83	174.61	220.00	290.29	440.00
5.50	146.83	174.61	220.00	290.29	440.00
5.51	146.83	174.61	220.00	290.29	445.11
5.52	146.83	174.61	220.00	290.29	445.11
5.53	145.15	178.70	220.00	290.29	440.00
5.54	145.15	178.70	220.00	290.29	440.00
5.55	146.83	176.64	220.00	290.29	445.11
5.56	146.83	176.64	220.00	290.29	445.11
5.57	148.54	178.70	220.00	293.66	440.00
5.58	148.54	178.70	220.00	293.66	440.00
5.59	146.83	178.70	222.56	293.66	440.00
5.60	146.83	178.70	222.56	293.66	440.00
5.61	145.15	174.61	220.00	293.66	440.00
5.62	145.15	174.61	220.00	293.66	440.00
5.63	145.15	176.64	222.56	293.66	434.95
5.64	145.15	176.64	222.56	293.66	434.95
5.65	145.15	176.64	220.00	290.29	440.00
5.66	145.15	176.64	220.00	290.29	440.00
5.67	145.15	176.64	220.00	293.66	440.00
5.68	145.15	176.64	220.00	293.66	440.00
5.69	148.54	174.61	220.00	290.29	434.95
5.70	148.54	174.61	220.00	290.29	434.95
5.71	145.15	174.61	220.00	293.66	434.95
5.72	145.15	174.61	220.00	293.66
5.73	146.83	174.61	222.56	290.29
5.74	146.83	174.61	222.56	290.29
5.75	148.54	174.61	220.00	297.08
5.76	148.54	174.61	220.00	297.08
5.77	148.54	176.64	222.56	293.66
5.78	148.54	176.64	222.56	293.66
5.79	148.54	176.64	220.00	293.66
5.80	148.54	176.64	220.00	293.66
5.81	146.83	176.64	220.00	297.08
5.82	146.83	176.64	220.00	297.08
5.83	145.15	178.70	220.00	290.29
5.84	145.15	178.70	220.00	290.29
5.85	146.83	174.61	222.56	290.29
5.86	146.83	174.61	222.56	290.29
5.87	146.83	174.61	220.00	290.29
5.88	146.83	174.61	220.00	290.29
5.89	148.54	176.64	220.00	290.29
5.90	148.54	176.64	220.00	290.29
5.91	145.15	174.61	222.56	293.66
5.92	145.15	174.61	222.56	293.66
5.93	146.83	176.64	220.00	297.08
5.94	146.83	176.64	220.00	297.08
5.95	146.83	176.64	222.56	297.08
5.96	146.83	176.64	222.56	297.08
5.97	146.83	176.64	217.47	297.08
5.98	146.83	176.64	217.47	297.08
5.99	146.83	176.64	222.56	293.66
6.00	176.64	222.56	293.66
6.01	174.61	217.47	293.66
6.02	174.61	217.47	293.66
6.03	176.64	220.00	293.66
6.04	176.64	220.00	293.66
6.05	174.61	222.56	290.29
6.06	174.61	222.56	290.29
6.07	176.64	222.56	290.29
6.08	176.64	222.56	290.29
6.09	174.61	220.00	297.08
6.10	220.00	297.08
6.11	222.56	297.08
6.12	222.56	297.08
6.13	217.47	297.08
6.14	217.47	297.08
6.15	222.56	293.66
6.16	222.56	293.66
6.17	220.00	290.29
6.18	220.00	290.29
6.19	220.00	293.66
6.20	220.00	293.66
6.21	217.47	297.08
6.22	217.47	297.08
6.23	222.56	290.29
6.24	222.56	290.29
6.25	220.00	293.66
6.26	293.66
6.27	290.29
6.28	290.29
6.29	297.08
6.30	297.08
6.31	293.66
6.32	293.66
6.33	293.66
6.34
6.35
6.36
6.37
6.38
6.39
6.40
6.41
6.42
6.43
6.44
6.45
6.46
6.47
6.48
6.49
6.50
6.51
6.52
6.53
6.54
6.55
6.56
6.57
6.58
6.59
6.60
6.61
6.62
6.63
6.64
6.65
6.66
6.67	150.26
6.68	150.26
6.69	146.83	297.08
6.70	146.83	297.08
6.71	146.83	293.66
6.72	146.83	293.66
6.73	148.54	297.08
6.74	148.54	297.08
6.75	150.26	225.14	290.29
6.76	150.26	225.14	290.29
6.77	146.83	222.56	293.66
6.78	146.83	222.56	293.66
6.79	146.83	220.00	290.29
6.80	146.83	220.00	290.29
6.81	148.54	214.98	290.29
6.82	148.54	214.98	290.29
6.83	146.83	217.47	293.66	445.11
6.84	146.83	217.47	293.66	445.11
6.85	145.15	220.00	293.66	445.11
6.86	145.15	220.00	293.66	445.11
6.87	146.83	220.00	293.66	349.23	445.11
6.88	146.83	220.00	293.66	349.23	445.11
6.89	143.48	217.47	293.66	341.25	440.00
6.90	217.47	293.66	341.25	440.00
6.91	220.00	290.29	349.23	434.95
6.92	220.00	290.29	349.23	434.95
6.93	217.47	293.66	349.23	440.00
6.94	217.47	293.66	349.23
6.95	217.47	293.66	349.23
6.96	217.47	293.66	349.23
6.97	217.47	290.29	345.22
6.98	217.47	290.29	345.22
6.99	217.47	290.29	349.23
7.00	217.47	290.29	349.23
7.01	214.98	290.29	345.22
7.02	214.98	290.29	345.22
7.03	217.47	290.29	349.23	440.00
7.04	217.47	290.29	349.23	440.00
7.05	222.56	293.66	349.23	434.95
7.06	222.56	293.66	349.23	434.95
7.07	217.47	290.29	349.23	434.95
7.08	217.47	290.29	349.23	434.95
7.09	220.00	293.66	349.23	440.00
7.10	220.00	293.66	349.23	440.00
7.11	220.00	290.29	349.23	440.00
7.12	220.00	290.29	349.23	440.00
7.13	214.98	290.29	345.22	440.00
7.14	214.98	290.29	345.22
7.15	217.47	293.66	345.22
7.16	217.47	293.66	345.22
7.17	217.47	293.66	349.23
7.18	217.47	293.66	349.23
7.19	220.00	290.29	349.23
7.20	220.00	290.29	349.23
7.21	214.98	293.66	345.22
7.22	214.98	293.66	345.22
7.23	220.00	297.08	349.23
7.24	220.00	297.08	349.23
7.25	220.00	293.66	353.29
7.26	220.00	293.66	353.29
7.27	117.90	217.47	293.66	349.23	383.04
7.28	117.90	217.47	293.66	383.04
7.29	117.90	220.00	293.66	383.04
7.30	117.90	220.00	293.66	383.04
7.31	116.54	222.56	235.79	290.29	383.04
7.32	116.54	222.56	235.79	290.29	383.04
7.33	116.54	220.00	235.79	293.66	383.04
7.34	116.54	235.79	293.66	383.04
7.35	116.54	227.76	293.66	387.49
7.36	116.54	227.76	293.66	387.49
7.37	116.54	230.40	293.66	387.49
7.38	116.54	230.40	293.66	387.49
7.39	115.20	230.40	293.66	387.49
7.40	115.20	230.40	293.66	387.49
7.41	116.54	230.40	293.66	383.04
7.42	116.54	230.40	293.66	383.04
7.43	116.54	227.76	290.29	387.49
7.44	116.54	227.76	290.29	387.49
7.45	115.20	230.40	290.29	387.49
7.46	115.20	230.40	290.29	387.49
7.47	116.54	230.40	293.66	383.04
7.48	116.54	230.40	293.66	383.04
7.49	116.54	227.76	293.66	387.49
7.50	116.54	227.76	293.66	387.49
7.51	117.90	227.76	293.66	387.49
7.52	117.90	227.76	293.66	387.49
7.53	116.54	230.40	293.66	387.49
7.54	116.54	230.40	293.66	387.49
7.55	117.90	233.08	293.66	383.04
7.56	117.90	233.08	293.66	383.04
7.57	115.20	233.08	293.66	387.49
7.58	115.20	233.08	293.66	387.49
7.59	119.26	196.00	230.40	297.08	392.00
7.60	119.26	196.00	230.40	297.08	392.00
7.61	117.90	193.75	233.08	297.08	387.49
7.62	117.90	193.75	233.08	297.08	387.49
7.63	115.20	196.00	230.40	290.29	383.04
7.64	115.20	196.00	230.40	290.29	383.04
7.65	115.20	196.00	233.08	293.66	387.49
7.66	115.20	196.00	293.66	387.49
7.67	115.20	193.75	297.08	392.00
7.68	115.20	193.75	297.08	392.00
7.69	117.90	198.28	290.29	387.49
7.70	117.90	198.28	290.29	387.49
7.71	116.54	193.75	293.66	387.49
7.72	116.54	193.75	293.66	387.49
7.73	117.90	193.75	293.66	387.49
7.74	117.90	193.75	293.66	387.49
7.75	117.90	196.00	293.66	383.04
7.76	117.90	196.00	293.66	383.04
7.77	117.90	196.00	293.66	387.49
7.78	117.90	196.00	293.66	387.49
7.79	119.26	196.00	293.66	396.55	429.95
7.80	119.26	196.00	293.66	396.55	429.95
7.81	117.90	196.00	293.66	387.49	434.95
7.82	196.00	293.66	387.49	434.95
7.83	196.00	290.29	314.74	392.00	434.95
7.84	196.00	290.29	314.74	392.00	434.95
7.85	189.32	198.28	286.96	311.13	392.00	434.95
7.86	189.32	198.28	311.13	434.95
7.87	182.87	198.28	311.13	434.95
7.88	182.87	198.28	311.13	434.95
7.89	187.15	198.28	255.65	307.55	434.95
7.90	187.15	255.65	307.55	434.95
7.91	187.15	255.65	307.55	434.95
7.92	187.15	255.65	307.55	434.95
7.93	187.15	261.63	311.13	434.95	466.16
7.94	187.15	261.63	311.13	434.95	466.16
7.95	185.00	264.67	311.13	434.95	466.16
7.96	185.00	264.67	311.13	434.95	466.16
7.97	185.00	264.67	314.74	434.95	460.81
7.98	185.00	264.67	314.74	434.95	460.81
7.99	182.87	261.63	314.74	429.95	466.16
8.00	182.87	261.63	314.74	429.95
8.01	185.00	261.63	311.13	429.95	471.58
8.02	185.00	261.63	311.13	429.95	471.58
8.03	187.15	258.62	290.29	311.13	434.95	466.16
8.04	187.15	258.62	290.29	311.13	434.95	466.16
8.05	185.00	261.63	300.53	311.13	434.95	460.81
8.06	185.00	261.63	300.53	434.95	460.81
8.07	185.00	258.62	297.08	434.95	460.81
8.08	185.00	258.62	297.08	434.95	460.81
8.09	187.15	258.62	297.08	434.95	466.16
8.10	187.15	258.62	297.08	434.95	466.16
8.11	187.15	261.63	297.08	434.95	460.81
8.12	187.15	261.63	297.08	434.95	460.81
8.13	187.15	264.67	293.66	440.00	460.81
8.14	187.15	264.67	293.66	440.00	460.81
8.15	187.15	261.63	293.66	434.95	460.81	517.24
8.16	187.15	261.63	293.66	434.95	460.81	517.24
8.17	185.00	264.67	293.66	434.95	460.81	523.25
8.18	185.00	264.67	293.66	434.95	460.81	523.25
8.19	182.87	264.67	290.29	434.95	466.16	517.24
8.20	182.87	264.67	290.29	434.95	466.16
8.21	187.15	261.63	290.29	434.95	466.16
8.22	187.15	261.63	290.29	434.95	466.16
8.23	185.00	261.63	297.08	440.00	466.16
8.24	185.00	261.63	297.08	440.00	466.16
8.25	185.00	261.63	293.66	429.95	460.81
8.26	185.00	261.63	293.66	429.95	460.81
8.27	185.00	258.62	293.66	434.95	460.81
8.28	185.00	258.62	293.66	434.95	460.81
8.29	182.87	261.63	293.66	429.95	460.81
8.30	182.87	261.63	293.66	429.95	460.81
8.31	185.00	258.62	290.29	429.95	466.16
8.32	185.00	258.62	290.29	466.16
8.33	185.00	261.63	293.66	460.81
8.34	185.00	261.63	293.66	460.81
8.35	187.15	261.63	293.66	471.58	523.25
8.36	187.15	261.63	293.66	471.58	523.25
8.37	187.15	264.67	293.66	466.16	523.25
8.38	187.15	264.67	293.66	466.16	523.25
8.39	187.15	264.67	290.29	477.06	529.33
8.40	264.67	290.29	477.06
8.41	96.87	255.65	293.66	477.06
8.42	96.87	255.65	293.66
8.43	96.87	258.62	290.29
8.44	96.87	258.62	290.29
8.45	98.00	264.67	297.08
8.46	98.00	264.67	297.08
8.47	100.29	258.62	293.66
8.48	100.29	258.62	293.66
8.49	98.00	196.00	261.63	293.66	392.00	488.21
8.50	98.00	196.00	261.63	293.66	392.00	488.21
8.51	99.14	196.00	261.63	293.66	387.49	493.88
8.52	99.14	196.00	261.63	293.66	387.49	493.88
8.53	98.00	198.28	261.63	293.66	383.04	488.21
8.54	98.00	198.28	261.63	293.66	383.04
8.55	99.14	196.00	258.62	293.66	387.49	488.21
8.56	99.14	196.00	258.62	293.66	387.49	488.21
8.57	96.87	193.75	258.62	290.29	383.04	488.21
8.58	96.87	193.75	258.62	290.29	383.04	488.21
8.59	96.87	196.00	261.63	297.08	387.49	482.60
8.60	96.87	196.00	261.63	297.08	387.49	482.60
8.61	96.87	193.75	258.62	293.66	383.04	482.60
8.62	96.87	258.62	293.66	383.04	482.60
8.63	96.87	261.63	297.08	387.49	482.60
8.64	96.87	261.63	297.08	387.49	482.60
8.65	96.87	261.63	290.29	387.49	482.60
8.66	96.87	261.63	290.29	387.49	482.60
8.67	99.14	261.63	290.29	392.00	482.60
8.68	99.14	261.63	290.29	392.00
8.69	98.00	261.63	293.66	383.04
8.70	98.00	261.63	293.66	383.04
8.71	99.14	264.67	293.66	387.49
8.72	99.14	264.67	293.66	387.49
8.73	98.00	267.74	293.66	387.49
8.74	98.00	293.66	387.49
8.75	99.14	230.40	293.66	383.04
8.76	99.14	230.40	293.66	383.04
8.77	98.00	235.79	290.29	387.49
8.78	98.00	235.79	290.29	387.49
8.79	96.87	235.79	290.29	387.49
8.80	96.87	235.79	290.29	387.49
8.81	98.00	235.79	290.29	387.49
8.82	98.00	235.79	290.29	387.49
8.83	98.00	191.52	235.79	290.29	383.04
8.84	98.00	191.52	235.79	290.29	383.04
8.85	98.00	191.52	233.08	293.66	383.04
8.86	98.00	191.52	233.08	293.66	383.04
8.87	96.87	193.75	233.08	290.29	392.00
8.88	96.87	193.75	233.08	290.29	392.00
8.89	98.00	191.52	233.08	293.66	378.64	387.49
8.90	98.00	191.52	233.08	293.66	378.64
8.91	98.00	191.52	235.79	297.08	374.29
8.92	98.00	191.52	235.79	297.08	374.29
8.93	98.00	196.00	233.08	293.66	374.29
8.94	98.00	196.00	233.08	293.66	374.29
8.95	100.29	196.00	235.79	297.08	369.99
8.96	100.29	235.79	297.08	369.99
8.97	99.14	235.79	293.66	361.54
8.98	235.79	293.66	361.54
8.99	235.79	300.53	361.54
9.00	235.79	300.53	361.54
9.01	148.54	225.14	233.08	293.66	365.74
9.02	148.54	225.14	233.08	293.66	365.74
9.03	148.54	220.00	233.08	297.08	365.74
9.04	148.54	220.00	297.08	365.74
9.05	148.54	220.00	290.29	365.74
9.06	148.54	220.00	290.29	365.74
9.07	148.54	220.00	286.96	365.74
9.08	148.54	220.00	286.96	365.74
9.09	146.83	222.56	297.08	365.74
9.10	146.83	222.56	297.08	365.74
9.11	146.83	220.00	297.08	365.74	440.00
9.12	146.83	220.00	297.08	365.74	440.00
9.13	148.54	220.00	293.66	361.54	440.00
9.14	148.54	220.00	293.66	361.54	440.00
9.15	146.83	220.00	293.66	365.74	440.00
9.16	146.83	220.00	293.66	365.74	440.00
9.17	150.26	222.56	293.66	365.74	440.00
9.18	150.26	222.56	293.66	365.74	440.00
9.19	145.15	220.00	293.66	365.74	440.00
9.20	145.15	220.00	293.66	365.74	440.00
9.21	146.83	217.47	290.29	369.99	440.00
9.22	146.83	217.47	290.29	369.99	440.00
9.23	146.83	217.47	293.66	369.99	445.11
9.24	146.83	217.47	293.66	369.99	445.11
9.25	148.54	217.47	293.66	365.74	440.00
9.26	148.54	217.47	293.66	365.74	440.00
9.27	146.83	220.00	293.66	365.74	440.00
9.28	146.83	220.00	293.66	365.74	440.00
9.29	146.83	214.98	293.66	369.99	440.00
9.30	146.83	214.98	293.66	369.99
9.31	146.83	220.00	293.66	361.54	440.00
9.32	146.83	220.00	293.66	361.54	440.00
9.33	145.15	220.00	290.29	361.54	445.11
9.34	145.15	220.00	290.29	361.54	445.11
9.35	146.83	217.47	293.66	365.74	440.00
9.36	146.83	217.47	293.66	365.74	440.00
9.37	146.83	220.00	293.66	365.74	434.95
9.38	146.83	220.00	293.66	365.74	434.95
9.39	146.83	220.00	293.66	361.54	434.95
9.40	146.83	220.00	293.66	361.54
9.41	146.83	220.00	293.66	369.99
9.42	146.83	220.00	293.66	369.99
9.43	146.83	220.00	293.66	369.99
9.44	146.83	220.00	293.66	369.99
9.45	148.54	220.00	293.66	365.74
9.46	148.54	220.00	293.66	365.74
9.47	148.54	217.47	293.66	369.99
9.48	148.54	217.47	293.66	369.99
9.49	146.83	222.56	293.66	361.54
9.50	146.83	222.56	293.66	361.54
9.51	146.83	220.00	227.76	297.08	369.99
9.52	146.83	220.00	227.76	297.08	369.99
9.53	148.54	222.56	230.40	293.66	369.99	383.04
9.54	148.54	222.56	230.40	293.66	383.04
9.55	146.83	222.56	227.76	297.08	392.00
9.56	146.83	227.76	297.08	392.00
9.57	145.15	233.08	300.53	396.55
9.58	145.15	233.08	300.53	396.55
9.59	148.54	233.08	293.66	387.49
9.60	233.08	293.66	387.49
9.61	235.79	290.29	392.00
9.62	235.79	290.29	392.00
9.63	99.14	233.08	293.66	387.49
9.64	99.14	233.08	293.66	387.49
9.65	99.14	235.79	293.66	387.49
9.66	99.14	235.79	293.66	387.49
9.67	100.29	233.08	293.66	387.49
9.68	100.29	233.08	293.66	387.49
9.69	98.00	233.08	290.29	387.49
9.70	98.00	233.08	290.29	387.49
9.71	98.00	233.08	290.29	383.04
9.72	98.00	233.08	290.29	383.04
9.73	96.87	233.08	293.66	387.49
9.74	96.87	233.08	293.66	387.49
9.75	98.00	233.08	293.66	387.49
9.76	98.00	233.08	293.66	387.49
9.77	99.14	233.08	293.66	387.49
9.78	99.14	233.08	293.66	387.49
9.79	98.00	233.08	293.66	387.49
9.80	98.00	233.08	293.66	387.49
9.81	98.00	233.08	297.08	383.04
9.82	98.00	233.08	297.08	383.04
9.83	98.00	230.40	290.29	383.04
9.84	98.00	230.40	290.29	383.04
9.85	99.14	233.08	290.29	387.49
9.86	99.14	233.08	290.29	387.49
9.87	98.00	233.08	293.66	392.00
9.88	98.00	233.08	293.66	392.00
9.89	98.00	230.40	290.29	387.49
9.90	98.00	230.40	290.29	387.49
9.91	96.87	230.40	297.08	383.04
9.92	96.87	230.40	297.08	383.04
9.93	98.00	233.08	293.66	387.49
9.94	98.00	233.08	293.66	387.49
9.95	99.14	235.79	293.66	387.49
9.96	99.14	235.79	293.66
9.97	99.14	230.40	293.66
9.98	99.14	230.40	293.66
9.99	98.00	196.00	233.08	293.66
10.00	98.00	196.00	233.08	293.66
10.01	98.00	191.52	233.08	293.66
10.02	98.00	191.52	233.08	293.66
10.03	96.87	193.75	233.08	290.29
10.04	96.87	193.75	233.08	290.29
10.05	98.00	191.52	233.08	290.29
10.06	98.00	191.52	233.08	290.29
10.07	99.14	193.75	238.53	297.08	488.21
10.08	99.14	193.75	238.53	297.08	488.21
10.09	96.87	191.52	230.40	293.66	488.21
10.10	96.87	191.52	230.40	293.66	488.21
10.11	96.87	193.75	230.40	293.66	488.21
10.12	96.87	193.75	230.40	293.66	488.21
10.13	95.76	193.75	233.08	297.08	488.21
10.14	95.76	193.75	233.08	297.08	488.21
10.15	99.14	193.75	230.40	290.29	482.60
10.16	99.14	193.75	230.40	290.29	482.60
10.17	98.00	196.00	235.79	293.66	488.21
10.18	98.00	196.00	235.79	293.66	488.21
10.19	96.87	196.00	233.08	293.66	493.88
10.20	96.87	196.00	233.08	293.66
10.21	98.00	193.75	233.08	293.66
10.22	98.00	193.75	233.08	293.66
10.23	98.00	191.52	230.40	293.66
10.24	98.00	191.52	230.40	293.66
10.25	99.14	196.00	230.40	293.66
10.26	99.14	196.00	230.40	293.66
10.27	98.00	193.75	230.40	293.66
10.28	98.00	193.75	230.40	293.66
10.29	99.14	196.00	230.40	293.66
10.30	99.14	196.00	230.40	293.66
10.31	98.00	193.75	233.08	293.66
10.32	98.00	193.75	233.08	293.66
10.33	98.00	193.75	230.40	290.29	387.49
10.34	98.00	193.75	230.40	290.29	387.49
10.35	99.14	193.75	230.40	293.66	387.49
10.36	99.14	193.75	230.40	293.66	387.49
10.37	98.00	193.75	233.08	293.66	387.49
10.38	98.00	193.75	233.08	293.66	387.49
10.39	99.14	193.75	230.40	290.29	383.04
10.40	99.14	193.75	230.40	290.29	383.04
10.41	96.87	191.52	233.08	293.66	387.49
10.42	96.87	191.52	233.08	293.66	387.49
10.43	96.87	196.00	233.08	297.08	383.04
10.44	96.87	196.00	233.08	297.08	383.04
10.45	96.87	196.00	233.08	290.29	383.04
10.46	96.87	196.00	233.08	290.29	383.04
10.47	98.00	193.75	233.08	293.66	392.00
10.48	98.00	193.75	233.08	293.66	392.00
10.49	99.14	193.75	235.79	290.29	383.04
10.50	99.14	193.75	235.79	290.29	383.04
10.51	96.87	193.75	233.08	290.29	392.00
10.52	96.87	193.75	233.08	290.29	392.00
10.53	98.00	196.00	233.08	297.08	392.00
10.54	98.00	196.00	233.08	297.08	392.00
10.55	99.14	196.00	235.79	293.66	392.00
10.56	99.14	196.00	235.79	293.66	392.00
10.57	99.14	193.75	230.40	290.29	387.49
10.58	99.14	193.75	230.40	290.29	387.49
10.59	98.00	196.00	233.08	293.66	392.00
10.60	98.00	196.00	233.08	293.66	392.00
10.61	100.29	196.00	235.79	297.08	387.49
10.62	100.29	196.00	235.79	297.08	387.49
10.63	96.87	196.00	233.08	293.66	383.04
10.64	96.87	196.00	233.08	293.66	383.04
10.65	98.00	196.00	233.08	290.29	387.49
10.66	98.00	196.00	233.08	290.29	387.49
10.67	98.00	191.52	230.40	297.08	383.04
10.68	98.00	191.52	230.40	297.08	383.04
10.69	98.00	196.00	233.08	297.08	387.49
10.70	98.00	196.00	233.08	297.08	387.49
10.71	99.14	196.00	235.79	293.66	387.49
10.72	99.14	196.00	235.79	293.66	387.49
10.73	98.00	196.00	235.79	290.29	392.00
10.74	98.00	196.00	235.79	290.29
10.75	99.14	193.75	233.08	293.66
10.76	99.14	233.08	293.66
10.77	99.14	233.08	290.29
10.78	99.14	233.08	290.29
10.79	100.29	193.75	233.08	244.11	290.29
10.80	100.29	193.75	233.08	244.11	290.29
10.81	99.14	191.52	233.08	244.11	293.66
10.82	99.14	191.52	233.08	244.11	293.66
10.83	99.14	198.28	230.40	244.11	293.66
10.84	99.14	230.40	244.11	293.66
10.85	98.00	233.08	241.30	293.66
10.86	98.00	233.08	241.30	293.66
10.87	98.00	233.08	244.11	293.66
10.88	98.00	233.08	244.11	293.66
10.89	98.00	235.79	241.30	293.66
10.90	98.00	235.79	241.30	293.66
10.91	98.00	230.40	241.30	293.66
10.92	98.00	230.40	241.30	293.66
10.93	96.87	238.53	244.11	293.66
10.94	96.87	238.53	244.11	293.66
10.95	98.00	235.79	246.94	290.29
10.96	98.00	235.79	246.94	290.29
10.97	99.14	238.53	241.30	293.66
10.98	99.14	238.53	241.30	293.66
10.99	98.00	235.79	241.30	290.29
11.00	98.00	290.29
11.01	98.00	290.29
11.02	98.00	290.29
11.03	99.14	290.29
11.04	99.14	290.29
11.05	98.00	293.66
11.06	98.00	293.66
11.07	99.14	297.08
11.08	99.14	297.08
11.09	100.29	193.75	293.66
11.10	100.29	193.75	293.66
11.11	99.14	196.00	297.08
11.12	99.14	196.00	297.08
11.13	99.14	196.00	293.66
11.14	99.14	196.00	293.66
11.15	98.00	198.28	293.66
11.16	98.00	198.28	293.66
11.17	98.00	198.28	293.66
11.18	98.00	198.28	293.66
11.19	98.00	196.00	297.08
11.20	98.00	297.08
11.21	98.00	293.66
11.22	98.00
11.23	98.00
11.24	98.00
11.25	100.29
11.26	100.29
11.27	99.14
11.28	99.14
11.29	99.14
11.30
11.31
11.32
11.33
11.34
11.35
11.36
11.37
11.38
11.39
11.40
11.41
11.42
11.43
11.44
11.45
11.46
11.47
11.48
11.49
11.50
11.51
11.52
11.53
11.54
11.55
11.56
11.57
11.58
11.59
11.60
11.61
11.62
11.63
11.64
11.65
11.66
11.67
11.68
11.69
11.70
11.71
11.72
11.73
11.74
11.75
11.76
11.77
11.78
11.79
11.80
11.81
11.82
11.83
11.84
11.85
11.86
11.87
11.88
11.89
11.90
11.91
11.92
11.93
11.94
11.95
11.96
11.97	267.74
11.98	267.74
11.99	258.62
12.00	258.62
12.01	255.65
12.02	255.65
12.03	264.67
12.04	264.67
12.05	261.63
12.06	261.63
12.07	261.63	392.00
12.08	261.63	392.00
12.09	155.56	261.63	392.00
12.10	155.56	261.63	392.00
12.11	159.20	261.63	392.00
12.12	159.20	261.63	392.00
12.13	155.56	261.63	392.00
12.14	155.56	261.63	392.00
12.15	157.37	261.63	392.00
12.16	157.37	261.63	392.00
12.17	157.37	258.62	392.00
12.18	157.37	258.62	392.00
12.19	159.20	258.62	392.00	523.25
12.20	159.20	258.62	392.00	523.25
12.21	157.37	261.63	387.49	517.24
12.22	157.37	261.63	387.49	517.24
12.23	155.56	258.62	392.00	523.25
12.24	155.56	258.62	392.00	523.25
12.25	153.78	261.63	392.00	517.24
12.26	153.78	261.63	392.00	517.24
12.27	155.56	258.62	392.00	523.25
12.28	155.56	258.62	392.00	523.25
12.29	155.56	258.62	387.49	517.24
12.30	155.56	258.62	387.49	517.24
12.31	157.37	258.62	392.00	517.24
12.32	157.37	258.62	392.00	517.24
12.33	157.37	258.62	392.00	523.25
12.34	157.37	258.62	392.00	523.25
12.35	157.37	261.63	387.49	529.33
12.36	261.63	529.33
12.37	148.54	261.63	517.24
12.38	148.54	261.63	517.24
12.39	146.83	258.62	349.23	523.25
12.40	146.83	258.62	349.23	523.25
12.41	148.54	261.63	345.22	523.25
12.42	148.54	261.63	345.22	523.25
12.43	146.83	261.63	349.23	517.24
12.44	146.83	261.63	349.23	517.24
12.45	146.83	258.62	353.29	517.24
12.46	146.83	258.62	353.29	517.24
12.47	146.83	267.74	349.23	523.25
12.48	146.83	267.74	349.23	523.25
12.49	146.83	261.63	353.29	523.25
12.50	146.83	261.63	353.29	523.25
12.51	148.54	261.63	349.23	523.25
12.52	148.54	261.63	349.23	523.25
12.53	146.83	261.63	349.23	523.25
12.54	146.83	261.63	349.23	523.25
12.55	146.83	258.62	349.23	517.24
12.56	146.83	258.62	349.23	517.24
12.57	146.83	261.63	349.23	523.25
12.58	146.83	261.63	349.23	523.25
12.59	146.83	261.63	353.29	517.24
12.60	146.83	261.63	353.29	517.24
12.61	148.54	267.74	349.23	523.25
12.62	148.54	267.74	349.23	523.25
12.63	146.83	264.67	353.29	523.25
12.64	146.83	264.67	353.29	523.25
12.65	146.83	255.65	357.39	535.48
12.66	146.83	255.65	535.48
12.67	150.26	258.62	307.55	523.25
12.68	258.62	307.55
12.69	261.63	307.55
12.70	261.63	307.55
12.71	261.63	311.13	383.04
12.72	261.63	311.13	383.04
12.73	261.63	314.74	387.49
12.74	261.63	314.74	387.49
12.75	261.63	311.13	383.04
12.76	261.63	311.13	383.04
12.77	130.81	261.63	314.74	383.04
12.78	130.81	261.63	314.74	383.04
12.79	130.81	261.63	311.13	383.04
12.80	130.81	261.63	311.13	383.04
12.81	130.81	258.62	311.13	383.04
12.82	130.81	258.62	311.13	383.04
12.83	130.81	258.62	314.74	383.04	517.24
12.84	130.81	258.62	314.74	383.04	517.24
12.85	130.81	258.62	311.13	387.49	523.25
12.86	130.81	258.62	311.13	523.25
12.87	130.81	261.63	314.74	517.24
12.88	130.81	261.63	314.74	517.24
12.89	129.31	261.63	314.74	523.25
12.90	129.31	261.63	314.74	523.25
12.91	129.31	261.63	311.13	517.24
12.92	129.31	261.63	311.13	517.24
12.93	130.81	255.65	311.13	434.95	523.25
12.94	130.81	255.65	311.13	434.95	523.25
12.95	129.31	261.63	311.13	440.00	517.24
12.96	129.31	261.63	311.13	440.00	517.24
12.97	132.33	261.63	307.55	440.00	517.24
12.98	132.33	261.63	307.55	440.00	517.24
12.99	129.31	264.67	311.13	440.00	523.25
13.00	129.31	264.67	311.13	440.00	523.25
13.01	130.81	261.63	311.13	440.00	517.24
13.02	130.81	261.63	311.13	440.00	517.24
13.03	130.81	255.65	314.74	434.95	517.24
13.04	130.81	255.65	314.74	434.95	517.24
13.05	129.31	261.63	314.74	445.11	517.24
13.06	129.31	261.63	314.74	445.11	517.24
13.07	132.33	258.62	314.74	440.00	517.24
13.08	132.33	258.62	314.74	440.00	517.24
13.09	130.81	261.63	311.13	440.00	517.24
13.10	130.81	261.63	311.13	440.00	517.24
13.11	130.81	258.62	311.13	434.95	523.25
13.12	130.81	258.62	311.13	434.95	523.25
13.13	130.81	258.62	311.13	440.00	517.24
13.14	130.81	258.62	311.13	440.00	517.24
13.15	130.81	264.67	311.13	440.00	517.24
13.16	130.81	264.67	311.13	440.00	517.24
13.17	130.81	258.62	311.13	440.00	517.24
13.18	258.62	311.13	440.00	517.24
13.19	261.63	314.74	440.00	517.24
13.20	314.74	440.00	517.24
13.21	311.13	440.00	535.48
13.22	311.13	440.00
13.23	286.96	307.55	440.00
13.24	286.96	307.55	440.00
13.25	286.96	311.13	434.95
13.26	286.96	311.13
13.27	290.29	307.55
13.28	290.29	307.55
13.29	290.29	314.74	460.81
13.30	290.29	314.74	460.81
13.31	286.96	311.13	460.81
13.32	286.96	311.13	460.81
13.33	290.29	307.55	460.81
13.34	290.29	307.55	460.81
13.35	99.14	293.66	318.40	460.81
13.36	99.14	293.66	318.40	460.81
13.37	100.29	290.29	314.74	460.81
13.38	100.29	290.29	314.74	460.81
13.39	99.14	290.29	311.13	466.16	488.21
13.40	99.14	290.29	311.13	466.16	488.21
13.41	98.00	286.96	311.13	460.81	493.88
13.42	98.00	286.96	311.13	460.81	493.88
13.43	98.00	290.29	311.13	466.16	493.88
13.44	98.00	290.29	311.13	466.16	493.88
13.45	99.14	290.29	307.55	471.58	499.62
13.46	99.14	290.29	307.55	471.58	499.62
13.47	98.00	290.29	311.13	466.16	488.21
13.48	98.00	290.29	311.13	466.16	488.21
13.49	98.00	293.66	311.13	466.16	488.21
13.50	98.00	293.66	311.13	466.16
13.51	99.14	290.29	311.13	460.81
13.52	99.14	290.29	460.81
13.53	100.29	290.29	466.16
13.54	100.29	290.29	466.16
13.55	99.14	196.00	293.66	466.16	869.89
13.56	99.14	196.00	293.66	466.16	869.89
13.57	99.14	198.28	293.66	460.81	869.89
13.58	99.14	198.28	293.66	460.81	869.89
13.59	98.00	193.75	293.66	460.81	880.00
13.60	98.00	193.75	293.66	460.81	880.00
13.61	98.00	198.28	293.66	460.81	880.00
13.62	98.00	198.28	293.66	460.81
13.63	96.87	196.00	293.66	396.55	460.81	869.89
13.64	96.87	196.00	293.66	396.55	460.81	869.89
13.65	95.76	196.00	297.08	392.00	455.52	880.00
13.66	95.76	196.00	297.08	392.00	455.52	880.00
13.67	98.00	198.28	286.96	392.00	460.81	880.00
13.68	98.00	198.28	286.96	392.00	460.81
13.69	99.14	193.75	293.66	392.00	460.81	488.21
13.70	99.14	193.75	293.66	392.00	460.81	488.21
13.71	99.14	196.00	293.66	392.00	466.16	493.88
13.72	99.14	196.00	293.66	392.00	466.16	493.88
13.73	96.87	196.00	293.66	387.49	455.52	493.88
13.74	96.87	196.00	293.66	455.52	493.88
13.75	98.00	196.00	297.08	477.06	493.88
13.76	98.00	196.00	297.08	477.06	493.88
13.77	99.14	196.00	290.29	477.06	493.88
13.78	99.14	196.00	290.29	493.88
13.79	100.29	196.00	300.53	488.21
13.80	100.29	196.00	300.53	488.21
13.81	99.14	196.00	293.66	488.21
13.82	99.14	196.00	293.66	488.21
13.83	99.14	196.00	300.53	488.21
13.84	99.14	196.00	300.53	488.21
13.85	99.14	196.00	293.66	488.21
13.86	99.14	196.00	293.66	488.21
13.87	100.29	198.28	293.66	392.00	493.88
13.88	198.28	293.66	392.00	493.88
13.89	150.26	198.28	297.08	383.04	493.88
13.90	150.26	297.08	383.04
13.91	146.83	297.08	387.49
13.92	146.83	297.08	387.49
13.93	146.83	293.66	392.00
13.94	146.83	293.66	392.00
13.95	146.83	293.66	392.00
13.96	146.83	293.66	392.00
13.97	146.83	293.66	392.00	440.00
13.98	146.83	293.66	392.00	440.00
13.99	146.83	293.66	392.00	445.11
14.00	146.83	293.66	392.00	445.11
14.01	146.83	293.66	392.00	440.00
14.02	146.83	293.66	392.00	440.00
14.03	148.54	290.29	387.49	440.00
14.04	148.54	290.29	387.49	440.00
14.05	146.83	293.66	392.00	440.00
14.06	146.83	293.66	392.00	440.00
14.07	146.83	293.66	396.55	440.00
14.08	146.83	293.66	396.55	440.00
14.09	145.15	297.08	392.00	445.11
14.10	145.15	297.08	392.00	445.11
14.11	148.54	297.08	392.00	440.00
14.12	148.54	297.08	392.00	440.00
14.13	146.83	293.66	396.55	445.11
14.14	146.83	293.66	396.55	445.11
14.15	146.83	297.08	396.55	445.11
14.16	146.83	297.08	396.55	445.11
14.17	145.15	293.66	396.55	445.11
14.18	145.15	293.66	396.55	445.11
14.19	148.54	293.66	365.74	392.00	445.11
14.20	148.54	293.66	365.74	445.11
14.21	146.83	293.66	374.29	440.00	880.00
14.22	146.83	293.66	374.29	440.00	880.00
14.23	148.54	293.66	374.29	445.11	890.23
14.24	148.54	293.66	374.29	445.11	890.23
14.25	148.54	293.66	369.99	445.11	880.00
14.26	148.54	293.66	369.99	445.11	880.00
14.27	145.15	297.08	369.99	440.00	880.00
14.28	145.15	297.08	369.99	440.00	880.00
14.29	145.15	297.08	369.99	445.11	890.23
14.30	145.15	297.08	369.99	445.11
14.31	145.15	293.66	369.99	440.00
14.32	145.15	293.66	369.99	440.00
14.33	146.83	297.08	369.99	440.00
14.34	146.83	297.08	369.99	440.00
14.35	145.15	297.08	374.29	445.11
14.36	145.15	297.08	374.29	445.11
14.37	148.54	297.08	365.74	429.95	587.33
14.38	148.54	297.08	365.74	429.95	587.33
14.39	145.15	293.66	369.99	440.00	594.15
14.40	145.15	293.66	369.99	440.00	594.15
14.41	148.54	297.08	369.99	387.49	445.11	587.33
14.42	148.54	297.08	369.99	387.49	445.11	587.33
14.43	146.83	152.01	297.08	369.99	383.04	440.00	587.33
14.44	146.83	152.01	297.08	369.99	383.04	587.33
14.45	148.54	152.01	297.08	374.29	387.49	587.33
14.46	148.54	152.01	297.08	374.29	387.49
14.47	148.54	155.56	293.66	378.64	387.49
14.48	155.56	293.66	387.49
14.49	157.37	300.53	392.00
14.50	157.37	300.53	392.00
14.51	159.20	297.08	392.00
14.52	159.20	297.08	392.00
14.53	159.20	297.08	396.55
14.54	159.20	297.08	396.55
14.55	155.56	293.66	396.55
14.56	155.56	293.66	396.55
14.57	157.37	293.66	392.00
14.58	157.37	293.66	392.00
14.59	153.78	293.66	387.49
14.60	153.78	293.66	387.49
14.61	155.56	297.08	387.49
14.62	155.56	297.08	387.49
14.63	157.37	293.66	392.00
14.64	157.37	293.66	392.00
14.65	155.56	293.66	392.00
14.66	155.56	293.66	392.00
14.67	155.56	297.08	392.00
14.68	155.56	297.08	392.00
14.69	153.78	293.66	387.49
14.70	153.78	293.66	387.49
14.71	153.78	293.66	392.00
14.72	153.78	293.66	392.00
14.73	155.56	293.66	392.00
14.74	155.56	293.66	392.00
14.75	155.56	293.66	392.00
14.76	155.56	293.66	392.00
14.77	155.56	290.29	392.00
14.78	155.56	290.29	392.00
14.79	155.56	293.66	392.00
14.80	155.56	293.66	392.00
14.81	155.56	293.66	392.00
14.82	155.56	293.66	392.00
14.83	153.78	196.00	264.67	290.29	392.00
14.84	153.78	196.00	264.67	290.29	392.00
14.85	155.56	193.75	267.74	293.66	392.00
14.86	155.56	193.75	267.74	392.00
14.87	153.78	196.00	261.63	396.55
14.88	153.78	196.00	261.63	396.55
14.89	155.56	193.75	261.63	392.00
14.90	155.56	193.75	261.63	392.00
14.91	157.37	196.00	261.63	392.00
14.92	157.37	196.00	261.63	392.00
14.93	155.56	193.75	261.63	387.49
14.94	155.56	193.75	261.63	387.49
14.95	153.78	196.00	258.62	387.49
14.96	153.78	196.00	258.62	387.49
14.97	155.56	196.00	258.62	392.00
14.98	155.56	196.00	258.62	392.00
14.99	155.56	196.00	261.63	396.55
15.00	155.56	196.00	261.63	396.55
15.01	155.56	196.00	255.65	392.00
15.02	155.56	196.00	255.65
15.03	157.37	193.75	258.62
15.04	157.37	193.75	258.62
15.05	159.20	200.58	258.62
15.06	159.20	258.62
15.07	155.56	258.62
15.08	258.62
15.09	255.65	297.08	445.11
15.10	297.08	445.11
15.11	293.66	440.00
15.12	293.66	440.00
15.13	293.66	440.00
15.14	293.66	440.00
15.15	146.83	189.32	290.29	445.11
15.16	146.83	189.32	290.29	445.11
15.17	146.83	180.77	290.29	440.00
15.18	146.83	180.77	290.29	440.00
15.19	148.54	185.00	293.66	440.00
15.20	148.54	185.00	293.66	440.00
15.21	148.54	185.00	293.66	440.00
15.22	148.54	185.00	293.66	440.00
15.23	146.83	187.15	293.66	450.28
15.24	146.83	187.15	293.66	450.28
15.25	146.83	185.00	293.66	440.00
15.26	146.83	185.00	293.66	440.00
15.27	148.54	182.87	297.08	440.00
15.28	148.54	182.87	297.08	440.00
15.29	146.83	182.87	297.08	434.95
15.30	146.83	182.87	297.08	434.95
15.31	143.48	185.00	293.66	440.00
15.32	143.48	185.00	293.66	440.00
15.33	146.83	182.87	290.29	440.00
15.34	146.83	182.87	290.29	440.00
15.35	145.15	185.00	293.66	445.11
15.36	145.15	185.00	293.66	445.11
15.37	146.83	185.00	290.29	445.11
15.38	146.83	185.00	290.29	445.11
15.39	145.15	182.87	293.66	445.11
15.40	145.15	182.87	293.66	445.11
15.41	145.15	187.15	293.66	440.00
15.42	145.15	187.15	293.66	440.00
15.43	146.83	182.87	297.08	440.00
15.44	146.83	182.87	297.08	440.00
15.45	146.83	185.00	293.66	440.00
15.46	146.83	185.00	293.66	440.00
15.47	145.15	182.87	290.29	445.11
15.48	145.15	182.87	290.29	445.11
15.49	146.83	185.00	293.66	440.00
15.50	146.83	185.00	293.66	440.00
15.51	146.83	185.00	293.66	440.00
15.52	146.83	185.00	293.66	440.00
15.53	143.48	185.00	293.66	440.00
15.54	143.48	185.00	293.66	440.00
15.55	148.54	187.15	293.66	440.00
15.56	148.54	187.15	293.66	440.00
15.57	148.54	185.00	290.29	445.11
15.58	148.54	185.00	290.29	445.11
15.59	146.83	185.00	293.66	440.00
15.60	146.83	185.00	293.66	440.00
15.61	145.15	185.00	297.08	445.11
15.62	145.15	185.00	297.08	445.11
15.63	146.83	185.00	290.29	440.00
15.64	146.83	185.00	290.29	440.00
15.65	145.15	182.87	293.66	445.11
15.66	145.15	182.87	293.66	445.11
15.67	146.83	187.15	293.66	440.00
15.68	146.83	187.15	293.66	440.00
15.69	146.83	185.00	290.29	434.95
15.70	146.83	185.00	290.29	434.95
15.71	145.15	182.87	293.66	440.00
15.72	145.15	182.87	293.66	440.00
15.73	145.15	187.15	293.66	445.11
15.74	145.15	187.15	293.66	445.11
15.75	148.54	185.00	293.66	445.11
15.76	148.54	185.00	293.66	445.11
15.77	146.83	185.00	293.66	450.28
15.78	146.83	185.00	293.66	450.28
15.79	146.83	187.15	293.66	445.11
15.80	146.83	187.15	293.66	445.11
15.81	146.83	185.00	293.66	440.00
15.82	146.83	185.00	293.66	440.00
15.83	148.54	187.15	290.29	440.00
15.84	148.54	187.15	290.29	440.00
15.85	146.83	185.00	290.29	440.00
15.86	146.83	185.00	290.29	440.00
15.87	146.83	185.00	293.66	440.00
15.88	146.83	185.00	293.66	440.00
15.89	146.83	185.00	293.66	445.11
15.90	146.83	185.00	293.66	445.11
15.91	146.83	185.00	290.29	440.00
15.92	146.83	185.00	290.29	440.00
15.93	148.54	185.00	290.29	440.00
15.94	148.54	185.00	290.29	440.00
15.95	148.54	185.00	293.66	445.11
15.96	148.54	185.00	293.66	445.11
15.97	146.83	185.00	286.96	440.00
15.98	146.83	185.00	286.96	440.00
15.99	146.83	187.15	293.66	440.00
16.00	146.83	187.15	293.66	440.00
16.01	146.83	185.00	293.66	440.00
16.02	146.83	185.00	293.66	440.00
16.03	148.54	187.15	293.66	440.00
16.04	148.54	187.15	293.66	440.00
16.05	146.83	187.15	293.66	440.00
16.06	146.83	187.15	293.66	440.00
16.07	148.54	187.15	293.66	434.95
16.08	148.54	187.15	293.66	434.95
16.09	148.54	182.87	293.66	445.11
16.10	148.54	182.87	293.66	445.11
16.11	150.26	187.15	293.66	445.11
16.12	150.26	187.15	293.66	445.11
16.13	146.83	189.32	293.66	445.11
16.14	146.83	189.32	293.66	445.11
16.15	146.83	185.00	297.08	434.95
16.16	146.83	185.00	297.08	434.95
16.17	148.54	185.00	293.66	440.00
16.18	148.54	185.00	293.66	440.00
16.19	148.54	187.15	293.66	440.00
16.20	148.54	187.15	293.66	440.00
16.21	145.15	182.87	297.08	440.00
16.22	145.15	182.87	297.08	440.00
16.23	150.26	187.15	293.66	440.00
16.24	150.26	187.15	293.66	440.00
16.25	150.26	182.87	297.08	445.11
16.26	150.26	182.87	297.08	445.11
16.27	146.83	180.77	300.53	440.00
16.28	146.83	180.77	300.53	440.00
16.29	145.15	185.00	300.53	445.11
16.30	185.00	300.53	445.11
16.31	182.87	297.08	440.00
16.32	440.00
16.33	440.00
16.34	440.00
16.35	440.00
16.36	440.00
16.37	440.00
16.38
16.39
16.40
16.41
16.42
16.43
16.44
16.45
16.46
16.47
16.48
16.49
16.50
16.51
16.52
16.53
16.54
16.55
16.56
16.57
16.58
16.59
16.60
16.61
16.62
16.63
16.64
16.65
16.66
16.67
16.68
16.69
16.70
16.71
16.72
16.73
16.74
16.75
16.76
16.77
16.78
16.79
16.80
16.81
16.82
16.83
16.84
16.85
16.86
16.87	286.96
16.88	286.96
16.89	98.00	300.53
16.90	98.00	300.53
16.91	99.14	300.53
16.92	99.14	300.53
16.93	99.14	293.66
16.94	99.14	293.66
16.95	99.14	233.08	297.08
16.96	99.14	233.08	297.08
16.97	100.29	233.08	297.08
16.98	100.29	233.08	297.08
16.99	99.14	227.76	293.66
17.00	99.14	227.76	293.66
17.01	99.14	233.08	293.66
17.02	99.14	233.08	293.66
17.03	98.00	235.79	293.66
17.04	98.00	235.79	293.66
17.05	100.29	233.08	293.66
17.06	100.29	233.08	293.66
17.07	99.14	233.08	293.66
17.08	99.14	233.08	293.66
17.09	100.29	235.79	290.29	387.49
17.10	100.29	235.79	290.29	387.49
17.11	98.00	233.08	293.66	387.49
17.12	98.00	233.08	293.66	387.49
17.13	99.14	233.08	293.66	387.49
17.14	99.14	233.08	293.66	387.49
17.15	99.14	233.08	293.66	387.49
17.16	99.14	233.08	293.66	387.49
17.17	99.14	230.40	293.66	383.04
17.18	99.14	230.40	293.66	383.04
17.19	98.00	233.08	300.53	387.49
17.20	98.00	233.08	300.53	387.49
17.21	98.00	233.08	283.66	300.53	383.04
17.22	98.00	233.08	283.66	300.53	383.04
17.23	100.29	230.40	277.18	300.53	387.49
17.24	100.29	230.40	277.18	300.53	387.49
17.25	99.14	235.79	277.18	286.96	387.49
17.26	99.14	235.79	277.18	286.96	387.49
17.27	99.14	233.08	280.40	293.66	387.49
17.28	99.14	233.08	280.40	293.66	387.49
17.29	98.00	233.08	277.18	293.66	387.49
17.30	98.00	233.08	277.18	387.49
17.31	99.14	230.40	241.30	280.40	392.00
17.32	99.14	230.40	241.30	280.40	392.00
17.33	99.14	233.08	244.11	280.40	392.00
17.34	99.14	233.08	244.11	280.40
17.35	98.00	235.79	246.94	277.18
17.36	98.00	235.79	246.94	277.18
17.37	96.87	233.08	241.30	280.40
17.38	96.87	233.08	241.30	280.40
17.39	99.14	235.79	241.30	280.40
17.40	99.14	235.79	241.30	280.40
17.41	99.14	230.40	246.94	280.40	293.66
17.42	99.14	230.40	246.94	280.40	293.66
17.43	99.14	225.14	230.40	244.11	277.18	297.08
17.44	225.14	230.40	277.18	297.08
17.45	220.00	230.40	280.40	297.08
17.46	220.00	280.40	297.08
17.47	220.00	280.40	290.29
17.48	220.00	280.40	290.29
17.49	220.00	283.66	297.08
17.50	220.00	283.66	297.08
17.51	150.26	217.47	280.40	300.53
17.52	150.26	217.47	300.53
17.53	146.83	222.56	300.53
17.54	146.83	222.56	300.53
17.55	146.83	222.56	293.66	353.29
17.56	146.83	222.56	293.66	353.29
17.57	146.83	217.47	297.08	349.23
17.58	146.83	217.47	297.08	349.23
17.59	146.83	220.00	293.66	353.29
17.60	146.83	220.00	293.66	353.29
17.61	146.83	220.00	293.66	349.23
17.62	146.83	220.00	293.66	349.23
17.63	146.83	220.00	293.66	353.29
17.64	146.83	220.00	293.66	353.29
17.65	145.15	220.00	297.08	349.23
17.66	145.15	220.00	297.08	349.23
17.67	146.83	220.00	293.66	345.22
17.68	146.83	220.00	293.66	345.22
17.69	146.83	217.47	293.66	353.29
17.70	146.83	217.47	293.66	353.29
17.71	145.15	217.47	297.08	353.29
17.72	145.15	217.47	297.08	353.29
17.73	148.54	217.47	293.66	349.23
17.74	148.54	217.47	293.66	349.23
17.75	146.83	220.00	297.08	353.29
17.76	146.83	220.00	297.08	353.29
17.77	146.83	217.47	297.08	353.29
17.78	146.83	217.47	297.08	353.29
17.79	146.83	217.47	297.08	345.22
17.80	146.83	217.47	297.08	345.22
17.81	146.83	217.47	297.08	353.29	440.00
17.82	146.83	217.47	297.08	353.29	440.00
17.83	148.54	217.47	290.29	349.23	445.11
17.84	148.54	217.47	290.29	349.23	445.11
17.85	148.54	217.47	293.66	349.23	434.95
17.86	148.54	217.47	293.66	349.23	434.95
17.87	146.83	217.47	297.08	349.23	440.00
17.88	146.83	217.47	297.08	349.23	440.00
17.89	146.83	217.47	297.08	349.23	440.00
17.90	146.83	217.47	297.08	349.23	440.00
17.91	148.54	217.47	293.66	349.23	440.00
17.92	148.54	217.47	293.66	349.23	440.00
17.93	148.54	220.00	297.08	349.23	440.00
17.94	148.54	220.00	297.08	349.23	440.00
17.95	148.54	220.00	293.66	349.23	445.11
17.96	148.54	220.00	293.66	349.23	445.11
17.97	146.83	220.00	297.08	353.29	440.00
17.98	146.83	220.00	353.29
17.99	148.54	222.56	357.39
18.00	148.54	222.56	357.39
18.01	146.83	225.14	349.23
18.02	146.83	349.23
18.03	146.83	349.23
18.04	146.83	349.23
18.05	146.83	258.62	349.23
18.06	146.83	258.62	349.23
18.07	146.83	258.62	349.23
18.08	258.62	349.23
18.09	261.63	349.23
18.10	261.63	349.23
18.11	258.62	349.23	401.16
18.12	258.62	349.23	401.16
18.13	261.63	349.23	387.49	523.25
18.14	261.63	349.23	387.49	523.25
18.15	258.62	349.23	387.49	523.25
18.16	258.62	349.23	387.49	523.25
18.17	258.62	349.23	387.49	523.25
18.18	258.62	349.23	387.49	523.25
18.19	264.67	345.22	392.00	523.25
18.20	264.67	345.22	392.00	523.25
18.21	261.63	349.23	392.00	523.25
18.22	261.63	349.23	392.00	523.25
18.23	261.63	349.23	387.49	523.25
18.24	261.63	349.23	387.49	523.25
18.25	261.63	349.23	392.00	517.24
18.26	261.63	349.23	392.00	517.24
18.27	258.62	345.22	387.49	523.25
18.28	258.62	345.22	387.49	523.25
18.29	255.65	345.22	387.49	523.25
18.30	255.65	345.22	387.49	523.25
18.31	261.63	349.23	387.49	517.24
18.32	261.63	349.23	387.49	517.24
18.33	264.67	345.22	392.00	523.25
18.34	264.67	345.22	392.00	523.25
18.35	261.63	345.22	392.00	523.25
18.36	261.63	345.22	392.00	523.25
18.37	261.63	349.23	387.49	517.24
18.38	261.63	349.23	387.49	517.24
18.39	261.63	349.23	392.00	517.24	774.99
18.40	261.63	349.23	392.00	517.24	774.99
18.41	261.63	353.29	387.49	517.24	783.99
18.42	261.63	353.29	387.49	517.24	783.99
18.43	261.63	349.23	392.00	523.25	783.99
18.44	261.63	349.23	392.00	523.25	783.99
18.45	261.63	349.23	392.00	517.24	774.99
18.46	261.63	349.23	392.00	517.24	774.99
18.47	261.63	349.23	387.49	523.25	774.99
18.48	261.63	349.23	387.49	523.25	774.99
18.49	261.63	337.33	349.23	387.49	523.25	774.99
18.50	261.63	337.33	349.23	387.49	523.25	774.99
18.51	258.62	329.63	341.25	392.00	523.25	774.99
18.52	258.62	329.63	341.25	392.00	523.25	774.99
18.53	261.63	329.63	349.23	387.49	523.25	774.99
18.54	261.63	329.63	387.49	774.99
18.55	258.62	325.84	396.55	783.99
18.56	258.62	325.84	396.55	783.99
18.57	264.67	329.63	392.00	783.99
18.58	264.67	329.63
18.59	261.63	329.63
18.60	261.63	329.63
18.61	258.62	329.63
18.62	258.62	329.63
18.63	261.63	325.84
18.64	261.63	325.84
18.65	172.61	261.63	325.84
18.66	172.61	261.63	325.84
18.67	172.61	258.62	333.46	440.00
18.68	172.61	258.62	333.46	440.00
18.69	174.61	258.62	329.63	445.11
18.70	174.61	258.62	329.63	445.11
18.71	176.64	261.63	333.46	445.11
18.72	176.64	261.63	333.46	445.11
18.73	176.64	258.62	333.46	440.00
18.74	176.64	258.62	333.46	440.00
18.75	176.64	261.63	337.33	440.00
18.76	176.64	261.63	440.00
18.77	176.64	258.62	341.25	440.00
18.78	176.64	258.62	341.25	440.00
18.79	176.64	261.63	345.22	440.00
18.80	176.64	261.63	345.22	440.00
18.81	172.61	261.63	349.23	445.11
18.82	172.61	261.63	349.23	445.11
18.83	172.61	261.63	349.23	440.00	517.24
18.84	172.61	261.63	349.23	440.00	517.24
18.85	176.64	261.63	349.23	440.00	517.24
18.86	176.64	261.63	349.23	440.00	517.24
18.87	174.61	258.62	349.23	445.11	517.24
18.88	174.61	258.62	349.23	445.11	517.24
18.89	176.64	261.63	345.22	440.00	523.25
18.90	176.64	261.63	345.22	440.00	523.25
18.91	178.70	264.67	349.23	434.95	523.25	880.00
18.92	178.70	264.67	349.23	434.95	523.25	880.00
18.93	168.67	174.61	261.63	353.29	440.00	523.25	880.00
18.94	168.67	174.61	261.63	353.29	440.00	523.25	880.00
18.95	161.05	174.61	258.62	345.22	440.00	517.24	869.89
18.96	161.05	258.62	345.22	440.00	517.24	869.89
18.97	162.92	261.63	341.25	434.95	523.25	880.00
18.98	162.92	261.63	341.25	434.95	523.25	880.00
18.99	162.92	261.63	353.29	440.00	523.25	880.00
19.00	162.92	261.63	353.29	440.00	880.00
19.01	164.81	258.62	345.22	445.11	880.00
19.02	164.81	258.62	345.22	445.11	880.00
19.03	166.73	261.63	345.22	434.95	869.89
19.04	166.73	261.63	345.22	434.95	869.89
19.05	162.92	264.67	349.23	440.00	880.00
19.06	162.92	264.67	349.23	440.00	880.00
19.07	164.81	258.62	349.23	434.95	880.00
19.08	164.81	258.62	349.23	434.95	880.00
19.09	164.81	261.63	349.23	440.00	869.89
19.10	164.81	261.63	349.23	440.00	869.89
19.11	162.92	261.63	349.23	434.95	869.89
19.12	162.92	261.63	349.23	434.95
19.13	164.81	261.63	353.29	434.95
19.14	164.81	261.63	353.29	434.95
19.15	164.81	258.62	349.23	440.00
19.16	164.81	349.23	440.00
19.17	162.92	341.25	434.95
19.18	162.92	341.25	434.95
19.19	164.81	230.40	349.23	429.95
19.20	164.81	230.40	349.23	429.95
19.21	168.67	227.76	353.29	429.95
19.22	168.67	227.76	353.29	429.95
19.23	166.73	233.08	349.23	429.95
19.24	166.73	233.08	349.23
19.25	166.73	235.79	345.22
19.26	235.79	345.22
19.27	143.48	233.08	349.23	387.49
19.28	143.48	233.08	349.23	387.49
19.29	146.83	233.08	353.29	387.49
19.30	146.83	233.08	387.49
19.31	146.83	235.79	329.63	383.04
19.32	146.83	235.79	329.63	383.04
19.33	146.83	230.40	329.63	387.49
19.34	146.83	230.40	329.63	387.49
19.35	146.83	230.40	329.63	383.04
19.36	146.83	230.40	329.63	383.04
19.37	146.83	233.08	325.84	383.04
19.38	146.83	233.08	325.84	383.04
19.39	146.83	230.40	329.63	383.04
19.40	146.83	230.40	329.63	383.04
19.41	146.83	230.40	329.63	387.49
19.42	146.83	230.40	329.63	387.49
19.43	145.15	230.40	329.63	383.04
19.44	145.15	230.40	329.63	383.04
19.45	145.15	230.40	325.84	387.49
19.46	145.15	230.40	325.84	387.49
19.47	146.83	230.40	329.63	387.49
19.48	146.83	230.40	329.63	387.49
19.49	146.83	230.40	325.84	383.04
19.50	146.83	230.40	325.84	383.04
19.51	146.83	233.08	325.84	383.04
19.52	233.08	325.84	383.04
19.53	140.20	233.08	325.84	383.04
19.54	140.20	233.08	325.84	383.04
19.55	138.59	230.40	329.63	383.04
19.56	138.59	230.40	329.63	383.04
19.57	138.59	233.08	325.84	387.49
19.58	138.59	233.08	325.84	387.49
19.59	140.20	233.08	329.63	383.04	415.30
19.60	140.20	233.08	329.63	383.04	415.30
19.61	138.59	230.40	329.63	383.04	410.53
19.62	138.59	230.40	329.63	383.04	410.53
19.63	138.59	230.40	333.46	387.49	420.13
19.64	138.59	230.40	333.46	387.49	420.13
19.65	138.59	233.08	325.84	383.04	415.30
19.66	138.59	233.08	325.84	383.04	415.30
19.67	138.59	230.40	329.63	392.00	415.30
19.68	138.59	230.40	329.63	392.00	415.30
19.69	140.20	233.08	325.84	387.49	415.30
19.70	140.20	233.08	325.84	387.49	415.30
19.71	141.83	233.08	329.63	387.49	420.13
19.72	141.83	233.08	329.63	387.49	420.13
19.73	137.00	230.40	325.84	387.49	420.13
19.74	137.00	230.40	325.84	387.49	420.13
19.75	138.59	233.08	325.84	383.04	415.30
19.76	138.59	233.08	325.84	383.04	415.30
19.77	137.00	227.76	325.84	392.00	415.30
19.78	227.76	325.84	392.00	415.30
19.79	217.47	227.76	329.63	392.00	420.13
19.80	217.47	227.76	329.63	392.00	420.13
19.81	222.56	230.40	337.33	387.49	410.53
19.82	222.56	230.40	337.33
19.83	220.00	230.40	333.46
19.84	220.00	333.46
19.85	220.00	337.33	341.25
19.86	220.00	337.33	341.25
19.87	217.47	293.66	325.84	341.25	445.11
19.88	217.47	293.66	325.84	341.25	445.11
19.89	146.83	220.00	293.66	329.63	341.25	440.00
19.90	146.83	220.00	293.66	329.63	341.25	440.00
19.91	148.54	217.47	297.08	333.46	341.25	440.00
19.92	148.54	217.47	297.08	333.46	341.25	440.00
19.93	146.83	222.56	290.29	329.63	345.22	434.95
19.94	146.83	222.56	290.29	329.63	345.22	434.95
19.95	146.83	220.00	297.08	329.63	341.25	434.95
19.96	146.83	220.00	297.08	329.63	341.25	434.95
19.97	148.54	220.00	293.66	329.63	341.25	440.00
19.98	148.54	220.00	293.66	329.63	341.25	440.00
19.99	146.83	217.47	293.66	325.84	341.25	445.11
20.00	146.83	217.47	293.66	325.84	341.25	445.11
20.01	145.15	220.00	293.66	325.84	341.25	440.00
20.02	145.15	220.00	293.66	325.84	341.25
20.03	146.83	220.00	293.66	329.63	345.22
20.04	146.83	220.00	293.66	329.63	345.22
20.05	146.83	220.00	290.29	329.63	341.25
20.06	146.83	220.00	290.29	329.63	341.25
20.07	146.83	217.47	290.29	329.63	341.25
20.08	146.83	217.47	290.29	329.63	341.25
20.09	146.83	220.00	293.66	325.84	345.22
20.10	146.83	220.00	293.66	325.84	345.22
20.11	146.83	222.56	293.66	337.33	341.25
20.12	146.83	222.56	293.66	337.33	341.25
20.13	148.54	220.00	293.66	333.46	341.25
20.14	148.54	220.00	293.66	333.46	341.25
20.15	145.15	217.47	297.08	337.33	345.22
20.16	145.15	217.47	297.08	345.22
20.17	146.83	220.00	293.66	341.25
20.18	146.83	220.00	293.66	341.25
20.19	148.54	217.47	293.66	341.25
20.20	148.54	217.47	293.66	341.25
20.21	145.15	217.47	297.08	341.25
20.22	145.15	217.47	297.08	341.25
20.23	145.15	222.56	293.66	345.22
20.24	145.15	222.56	293.66	345.22
20.25	146.83	220.00	290.29	341.25
20.26	146.83	220.00	290.29	341.25
20.27	146.83	214.98	290.29	341.25
20.28	146.83	214.98	290.29	341.25
20.29	148.54	220.00	293.66	341.25
20.30	148.54	220.00	293.66	341.25
20.31	145.15	222.56	293.66	341.25
20.32	145.15	222.56	293.66	341.25
20.33	146.83	217.47	293.66	345.22
20.34	146.83	217.47	293.66	345.22
20.35	146.83	222.56	293.66	349.23	429.95
20.36	146.83	222.56	293.66	349.23	429.95
20.37	146.83	220.00	293.66	345.22	440.00
20.38	220.00	293.66	345.22	440.00
20.39	217.47	293.66	345.22	440.00
20.40	217.47	293.66	345.22	440.00
20.41	217.47	293.66	349.23	440.00
20.42	217.47	293.66	349.23	440.00
20.43	220.00	290.29	349.23	440.00
20.44	220.00	290.29	440.00
20.45	220.00	293.66	440.00
20.46	220.00	293.66	440.00
20.47	220.00	293.66	329.63	440.00
20.48	220.00	293.66	329.63	440.00
20.49	217.47	297.08	325.84	440.00
20.50	217.47	297.08	325.84	440.00
20.51	222.56	297.08	329.63	450.28
20.52	222.56	297.08	329.63	450.28
20.53	220.00	297.08	329.63	440.00	987.77
20.54	220.00	297.08	329.63	987.77
20.55	222.56	290.29	325.84	987.77
20.56	222.56	290.29	325.84	987.77
20.57	217.47	293.66	329.63	976.42
20.58	217.47	293.66	329.63	976.42
20.59	220.00	293.66	325.84	987.77
20.60	220.00	293.66	325.84	987.77
20.61	108.74	214.98	290.29	325.84	965.21
20.62	108.74	214.98	290.29	325.84	965.21
20.63	110.00	217.47	293.66	329.63	976.42
20.64	110.00	217.47	293.66	329.63	976.42
20.65	110.00	217.47	293.66	322.10	976.42
20.66	110.00	217.47	293.66	322.10	976.42
20.67	111.28	217.47	297.08	325.84	965.21
20.68	111.28	217.47	297.08	325.84	965.21
20.69	108.74	217.47	293.66	325.84	440.00	976.42
20.70	108.74	217.47	293.66	325.84	440.00	976.42
20.71	111.28	220.00	290.29	322.10	440.00	976.42
20.72	111.28	220.00	290.29	322.10	440.00	976.42
20.73	110.00	217.47	290.29	325.84	445.11	976.42
20.74	110.00	217.47	290.29	325.84	445.11	976.42
20.75	110.00	196.00	220.00	290.29	325.84	440.00	976.42
20.76	110.00	196.00	290.29	325.84	440.00	976.42
20.77	108.74	196.00	293.66	325.84	434.95	976.42
20.78	108.74	196.00	293.66	325.84	434.95	976.42
20.79	108.74	198.28	293.66	325.84	445.11	976.42
20.80	108.74	198.28	293.66	325.84	445.11	976.42
20.81	108.74	196.00	290.29	325.84	440.00	976.42
20.82	108.74	196.00	290.29	325.84	440.00	976.42
20.83	108.74	196.00	293.66	325.84	440.00	976.42
20.84	108.74	196.00	293.66	325.84	976.42
20.85	108.74	196.00	274.00	286.96	325.84	976.42
20.86	108.74	196.00	274.00	325.84	976.42
20.87	110.00	193.75	280.40	322.10	976.42
20.88	110.00	193.75	280.40	322.10	976.42
20.89	110.00	196.00	277.18	325.84	976.42
20.90	110.00	196.00	277.18	325.84	976.42
20.91	110.00	193.75	277.18	325.84	965.21
20.92	110.00	193.75	277.18	325.84	965.21
20.93	108.74	196.00	277.18	322.10	965.21
20.94	108.74	196.00	277.18	322.10
20.95	110.00	196.00	277.18	325.84
20.96	110.00	196.00	277.18	325.84
20.97	110.00	196.00	277.18	329.63
20.98	110.00	196.00	277.18	329.63
20.99	110.00	198.28	280.40	329.63
21.00	110.00	198.28	280.40	329.63
21.01	108.74	193.75	277.18	337.33
21.02	108.74	193.75	277.18	337.33
21.03	110.00	193.75	277.18	333.46
21.04	110.00	193.75	277.18
21.05	110.00	196.00	274.00
21.06	196.00	274.00
21.07	148.54	196.00	222.56	277.18	440.00
21.08	148.54	196.00	222.56	277.18	440.00
21.09	148.54	196.00	222.56	277.18	286.96	440.00
21.10	148.54	196.00	222.56	277.18	286.96	440.00
21.11	150.26	196.00	222.56	280.40	297.08	450.28
21.12	150.26	196.00	222.56	280.40	297.08
21.13	146.83	193.75	222.56	280.40	297.08
21.14	146.83	193.75	222.56	297.08
21.15	148.54	196.00	222.56	293.66
21.16	148.54	196.00	222.56	293.66
21.17	146.83	172.61	193.75	220.00	290.29
21.18	146.83	172.61	220.00	290.29
21.19	146.83	176.64	220.00	290.29
21.20	146.83	176.64	220.00	290.29
21.21	72.57	146.83	178.70	220.00	290.29
21.22	72.57	146.83	178.70	220.00	290.29
21.23	74.27	145.15	174.61	220.00	290.29	440.00
21.24	74.27	145.15	174.61	220.00	290.29	440.00
21.25	73.42	143.48	172.61	220.00	290.29	445.11
21.26	73.42	143.48	172.61	220.00	290.29	445.11
21.27	72.57	146.83	172.61	222.56	293.66	445.11
21.28	72.57	146.83	172.61	222.56	293.66
21.29	73.42	145.15	174.61	220.00	293.66
21.30	73.42	145.15	174.61	220.00	293.66
21.31	72.57	146.83	178.70	220.00	290.29
21.32	72.57	146.83	178.70	220.00	290.29
21.33	74.27	148.54	176.64	225.14	293.66
21.34	74.27	148.54	176.64	225.14	293.66
21.35	74.27	145.15	174.61	222.56	290.29
21.36	74.27	145.15	174.61	222.56	290.29
21.37	73.42	145.15	178.70	222.56	290.29
21.38	73.42	145.15	178.70	222.56	290.29
21.39	74.27	145.15	174.61	220.00	290.29
21.40	74.27	145.15	174.61	220.00	290.29
21.41	72.57	148.54	178.70	220.00	290.29
21.42	72.57	148.54	178.70	220.00	290.29
21.43	74.27	146.83	176.64	217.47	286.96
21.44	74.27	146.83	176.64	217.47	286.96
21.45	73.42	146.83	176.64	222.56	290.29
21.46	73.42	146.83	176.64	222.56	290.29
21.47	73.42	148.54	174.61	222.56	293.66
21.48	73.42	148.54	174.61	222.56	293.66
21.49	71.74	146.83	176.64	222.56	297.08
21.50	71.74	146.83	176.64	222.56	297.08
21.51	74.27	146.83	174.61	220.00	293.66
21.52	74.27	146.83	174.61	220.00	293.66
21.53	74.27	146.83	176.64	222.56	293.66
21.54	74.27	146.83	176.64	222.56	293.66
21.55	73.42	145.15	174.61	217.47	290.29
21.56	73.42	145.15	174.61	217.47	290.29
21.57	73.42	146.83	176.64	220.00	297.08
21.58	73.42	146.83	176.64	220.00	297.08
21.59	73.42	146.83	174.61	222.56	286.96
21.60	73.42	146.83	174.61	222.56	286.96
21.61	73.42	143.48	174.61	220.00	290.29
21.62	73.42	143.48	174.61	220.00	290.29
21.63	73.42	146.83	174.61	220.00	290.29
21.64	73.42	146.83	174.61	220.00	290.29
21.65	74.27	148.54	174.61	220.00	286.96
21.66	74.27	148.54	174.61	220.00	286.96
21.67	72.57	148.54	176.64	225.14	290.29
21.68	72.57	148.54	176.64	225.14	290.29
21.69	73.42	146.83	178.70	220.00	290.29
21.70	73.42	146.83	178.70	220.00	290.29
21.71	73.42	146.83	174.61	220.00	286.96
21.72	146.83	174.61	220.00	286.96
21.73	148.54	176.64	222.56	290.29
21.74	148.54	176.64	222.56	290.29
21.75	146.83	176.64	220.00	286.96
21.76	146.83	176.64	220.00	286.96
21.77	146.83	176.64	220.00	286.96
21.78	146.83	176.64	220.00	286.96
21.79	74.27	145.15	178.70	220.00	286.96
21.80	74.27	145.15	178.70	220.00	286.96
21.81	72.57	143.48	176.64	222.56	290.29
21.82	72.57	143.48	176.64	222.56	290.29
21.83	73.42	146.83	178.70	222.56	290.29
21.84	73.42	146.83	178.70	222.56	290.29
21.85	73.42	146.83	176.64	222.56	293.66
21.86	73.42	146.83	176.64	222.56	293.66
21.87	73.42	146.83	178.70	222.56	293.66
21.88	73.42	146.83	178.70	222.56	293.66
21.89	74.27	146.83	176.64	217.47	290.29
21.90	74.27	146.83	176.64	217.47	290.29
21.91	75.13	145.15	176.64	220.00	293.66
21.92	145.15	176.64	220.00	293.66
21.93	71.74	145.15	176.64	225.14	293.66
21.94	71.74	145.15	176.64	225.14	293.66
21.95	72.57	146.83	174.61	222.56	290.29
21.96	72.57	146.83	174.61	222.56	290.29
21.97	73.42	146.83	178.70	220.00	290.29
21.98	146.83	178.70	220.00	290.29
21.99	145.15	178.70	222.56	293.66
22.00	145.15	178.70	222.56	293.66
22.01	145.15	172.61	222.56	297.08
22.02	145.15	172.61	222.56	297.08
22.03	146.83	178.70	220.00	293.66
22.04	146.83	178.70	220.00	293.66
22.05	146.83	178.70	222.56	290.29
22.06	146.83	178.70	222.56	290.29
22.07	148.54	174.61	220.00	293.66
22.08	148.54	174.61	220.00	293.66
22.09	146.83	172.61	220.00	293.66
22.10	146.83	172.61	220.00	293.66
22.11	148.54	176.64	222.56	286.96
22.12	148.54	176.64	222.56	286.96
22.13	148.54	174.61	222.56	290.29
22.14	174.61	222.56	290.29
22.15	176.64	222.56	286.96
22.16	176.64	222.56	286.96
22.17	176.64	222.56	293.66
22.18	176.64	222.56	293.66
22.19	174.61	222.56	290.29
22.20	174.61	222.56	290.29
22.21	176.64	220.00	293.66
22.22	176.64	220.00	293.66
22.23	174.61	222.56	293.66
22.24	174.61	222.56	293.66
22.25	176.64	220.00	290.29
22.26	176.64	220.00	290.29
22.27	174.61	217.47	286.96
22.28	174.61	286.96
22.29	178.70	290.29
22.30	178.70	290.29
22.31	176.64	286.96
22.32	176.64	286.96
22.33	176.64	290.29
22.34	176.64	290.29
22.35	176.64	290.29
22.36	176.64	290.29
22.37	178.70	290.29
22.38	178.70	290.29
22.39	178.70	286.96
22.40	286.96
22.41	290.29
22.42	290.29
22.43	290.29
22.44	290.29
22.45	286.96
22.46	286.96
22.47	286.96
22.48	286.96
22.49	286.96
22.50	286.96
22.51	293.66
22.52	293.66
22.53	290.29
22.54	290.29
22.55	290.29
22.56	290.29
22.57	290.29
22.58
22.59
22.60
22.61
22.62
22.63
22.64
22.65
22.66
22.67
22.68
22.69
22.70
22.71
22.72
22.73
22.74
22.75
22.76
22.77
22.78
22.79
22.80
22.81	145.15
22.82	145.15
22.83	146.83	300.53
22.84	146.83	300.53
22.85	150.26	297.08
22.86	150.26	297.08
22.87	150.26	297.08
22.88	150.26	297.08
22.89	148.54	222.56	293.66
22.90	148.54	222.56	293.66
22.91	146.83	220.00	293.66
22.92	146.83	220.00	293.66
22.93	148.54	220.00	293.66
22.94	148.54	220.00	293.66
22.95	146.83	217.47	297.08	349.23
22.96	146.83	217.47	297.08	349.23
22.97	146.83	220.00	293.66	349.23
22.98	146.83	220.00	293.66	349.23
22.99	146.83	220.00	293.66	353.29
23.00	146.83	220.00	293.66	353.29
23.01	146.83	220.00	293.66	349.23
23.02	146.83	220.00	293.66	349.23
23.03	146.83	220.00	290.29	349.23
23.04	146.83	220.00	290.29	349.23
23.05	146.83	220.00	293.66	349.23
23.06	146.83	220.00	293.66	349.23
23.07	145.15	220.00	297.08	353.29	440.00
23.08	145.15	220.00	297.08	353.29	440.00
23.09	146.83	217.47	297.08	349.23	440.00
23.10	217.47	297.08	349.23	440.00
23.11	220.00	297.08	349.23	434.95
23.12	220.00	297.08	349.23	434.95
23.13	220.00	290.29	349.23	440.00
23.14	220.00	290.29	349.23	440.00
23.15	220.00	293.66	353.29	440.00
23.16	220.00	293.66	353.29	440.00
23.17	220.00	293.66	349.23	445.11
23.18	220.00	293.66	349.23	445.11
23.19	217.47	293.66	353.29	434.95
23.20	217.47	293.66	353.29	434.95
23.21	220.00	293.66	353.29	440.00
23.22	220.00	293.66	353.29	440.00
23.23	217.47	290.29	349.23	440.00
23.24	217.47	290.29	349.23	440.00
23.25	220.00	293.66	353.29	440.00
23.26	220.00	293.66	353.29	440.00
23.27	220.00	290.29	349.23	440.00
23.28	220.00	290.29	349.23	440.00
23.29	217.47	293.66	349.23	440.00
23.30	217.47	293.66	349.23
23.31	222.56	290.29	345.22
23.32	222.56	290.29	345.22
23.33	220.00	293.66	345.22
23.34	220.00	293.66	345.22
23.35	220.00	297.08	341.25
23.36	220.00	297.08	341.25
23.37	220.00	293.66	341.25
23.38	220.00	293.66
23.39	220.00	293.66
23.40	220.00	293.66
23.41	117.90	220.00	235.79	297.08	387.49
23.42	117.90	220.00	235.79	297.08	387.49
23.43	116.54	222.56	235.79	297.08	392.00
23.44	116.54	235.79	297.08	392.00
23.45	116.54	233.08	297.08	387.49
23.46	116.54	233.08	297.08	387.49
23.47	115.20	233.08	300.53	392.00
23.48	115.20	233.08	300.53	392.00
23.49	115.20	230.40	293.66	387.49
23.50	115.20	230.40	293.66	387.49
23.51	116.54	233.08	293.66	387.49
23.52	116.54	233.08	293.66	387.49
23.53	115.20	230.40	297.08	392.00
23.54	115.20	230.40	297.08	392.00
23.55	115.20	235.79	290.29	387.49
23.56	115.20	235.79	290.29	387.49
23.57	115.20	233.08	293.66	392.00
23.58	115.20	233.08	293.66	392.00
23.59	116.54	230.40	297.08	387.49
23.60	116.54	230.40	297.08	387.49
23.61	117.90	233.08	293.66	392.00
23.62	117.90	233.08	293.66	392.00
23.63	116.54	230.40	290.29	387.49
23.64	116.54	230.40	290.29
23.65	115.20	233.08	293.66	387.49
23.66	115.20	233.08	293.66	387.49
23.67	116.54	235.79	293.66	387.49
23.68	116.54	235.79	293.66	387.49
23.69	117.90	233.08	293.66	387.49
23.70	233.08	293.66	387.49
23.71	111.28	233.08	293.66	392.00
23.72	111.28	233.08	293.66	392.00
23.73	111.28	230.40	293.66	396.55	783.99
23.74	111.28	230.40	293.66	396.55	783.99
23.75	110.00	230.40	293.66	392.00	783.99
23.76	110.00	230.40	293.66	392.00	783.99
23.77	111.28	227.76	293.66	396.55	783.99
23.78	111.28	227.76	293.66	396.55	783.99
23.79	108.74	233.08	290.29	387.49	783.99
23.80	108.74	233.08	290.29	387.49	783.99
23.81	110.00	230.40	293.66	392.00	774.99
23.82	110.00	230.40	293.66	392.00	774.99
23.83	108.74	230.40	293.66	387.49	783.99
23.84	108.74	230.40	293.66	387.49
23.85	111.28	230.40	297.08	387.49
23.86	111.28	230.40	297.08	387.49
23.87	110.00	230.40	293.66	392.00
23.88	110.00	230.40	293.66	392.00
23.89	107.49	233.08	297.08	396.55
23.90	107.49	233.08	297.08	396.55
23.91	110.00	233.08	293.66	392.00
23.92	110.00	233.08	293.66	392.00
23.93	110.00	233.08	297.08	392.00	440.00
23.94	110.00	233.08	297.08	392.00	440.00
23.95	110.00	230.40	297.08	392.00	445.11
23.96	230.40	297.08	392.00	445.11
23.97	230.40	290.29	392.00	429.95
23.98	230.40	290.29	392.00	429.95
23.99	230.40	258.62	293.66	304.02	387.49	445.11
24.00	258.62	304.02	445.11
24.01	258.62	314.74	445.11
24.02	258.62	314.74	445.11
24.03	99.14	261.63	311.13	445.11
24.04	99.14	261.63	311.13	445.11
24.05	98.00	196.00	261.63	307.55	445.11
24.06	98.00	196.00	261.63	307.55	445.11
24.07	96.87	196.00	261.63	314.74	445.11
24.08	96.87	196.00	261.63	314.74	445.11
24.09	98.00	196.00	261.63	307.55	440.00
24.10	98.00	196.00	261.63	307.55	440.00
24.11	98.00	193.75	258.62	307.55	445.11
24.12	98.00	193.75	258.62	307.55	445.11
24.13	98.00	191.52	258.62	307.55	445.11
24.14	98.00	191.52	258.62	307.55	445.11
24.15	96.87	196.00	258.62	307.55	445.11
24.16	96.87	196.00	258.62	307.55	445.11
24.17	99.14	193.75	261.63	311.13	440.00
24.18	99.14	193.75	261.63	311.13	440.00
24.19	98.00	193.75	261.63	311.13	445.11
24.20	98.00	261.63	311.13	445.11
24.21	98.00	258.62	307.55	445.11	517.24
24.22	258.62	307.55	445.11	517.24
24.23	261.63	307.55	440.00	517.24
24.24	261.63	307.55	440.00	517.24
24.25	261.63	307.55	440.00	517.24
24.26	261.63	307.55	440.00	517.24
24.27	258.62	307.55	445.11	529.33
24.28	258.62	307.55	445.11	529.33
24.29	185.00	258.62	311.13	445.11	517.24
24.30	185.00	258.62	311.13	445.11	517.24
24.31	187.15	258.62	307.55	445.11	511.30
24.32	187.15	258.62	307.55	445.11	511.30
24.33	185.00	261.63	307.55	450.28	517.24
24.34	185.00	261.63	307.55	450.28	517.24
24.35	182.87	258.62	311.13	445.11	517.24	880.00
24.36	182.87	258.62	311.13	445.11	517.24	880.00
24.37	187.15	258.62	311.13	440.00	517.24	880.00
24.38	187.15	258.62	311.13	440.00	880.00
24.39	187.15	261.63	311.13	440.00	880.00
24.40	187.15	261.63	311.13	440.00	880.00
24.41	185.00	264.67	307.55	440.00	880.00
24.42	185.00	264.67	307.55	440.00	880.00
24.43	187.15	258.62	311.13	440.00	880.00
24.44	187.15	258.62	311.13	440.00
24.45	185.00	261.63	311.13	440.00
24.46	185.00	261.63	311.13	440.00
24.47	185.00	261.63	307.55	440.00
24.48	185.00	261.63	307.55	440.00
24.49	185.00	261.63	311.13	440.00
24.50	185.00	261.63	311.13	440.00
24.51	185.00	261.63	311.13	440.00
24.52	185.00	261.63	440.00
24.53	189.32	261.63	434.95
24.54	189.32	261.63	434.95
24.55	185.00	255.65	434.95
24.56	185.00	255.65
24.57	95.76	185.00	255.65	290.29	392.00
24.58	95.76	255.65	290.29	392.00
24.59	95.76	261.63	293.66	383.04
24.60	95.76	261.63	293.66	383.04
24.61	98.00	261.63	290.29	387.49
24.62	98.00	261.63	290.29	387.49
24.63	98.00	261.63	293.66	387.49
24.64	98.00	261.63	293.66	387.49
24.65	98.00	261.63	290.29	387.49
24.66	98.00	261.63	290.29	387.49
24.67	98.00	261.63	293.66	392.00
24.68	98.00	261.63	293.66	392.00
24.69	99.14	196.00	258.62	290.29	392.00
24.70	99.14	196.00	258.62	290.29	392.00
24.71	95.76	196.00	261.63	286.96	392.00
24.72	95.76	196.00	261.63	286.96	392.00
24.73	99.14	193.75	255.65	293.66	383.04
24.74	99.14	193.75	255.65	293.66	383.04
24.75	96.87	191.52	258.62	290.29	392.00
24.76	96.87	191.52	258.62	290.29	392.00
24.77	95.76	191.52	258.62	293.66	387.49
24.78	95.76	191.52	258.62	293.66
24.79	95.76	196.00	258.62	290.29	774.99
24.80	95.76	196.00	258.62	290.29	774.99
24.81	95.76	193.75	261.63	293.66	774.99
24.82	95.76	193.75	261.63	293.66	774.99
24.83	95.76	196.00	238.53	258.62	293.66	774.99
24.84	95.76	196.00	238.53	293.66	774.99
24.85	96.87	191.52	235.79	293.66	774.99
24.86	96.87	191.52	235.79	293.66	774.99
24.87	96.87	193.75	235.79	293.66	774.99
24.88	96.87	193.75	235.79	293.66	774.99
24.89	96.87	193.75	230.40	293.66	392.00	774.99
24.90	96.87	230.40	293.66	392.00	774.99
24.91	99.14	233.08	297.08	392.00	783.99
24.92	99.14	233.08	297.08	392.00	783.99
24.93	99.14	233.08	293.66	392.00	774.99
24.94	99.14	233.08	293.66	392.00	774.99
24.95	96.87	233.08	290.29	387.49	774.99
24.96	96.87	233.08	290.29	387.49	774.99
24.97	99.14	233.08	290.29	392.00	774.99
24.98	99.14	233.08	290.29	392.00	774.99
24.99	98.00	233.08	293.66	387.49	783.99
25.00	98.00	233.08	293.66	387.49	783.99
25.01	95.76	233.08	293.66	392.00	783.99
25.02	95.76	233.08	293.66
25.03	96.87	233.08	293.66
25.04	96.87	233.08	293.66
25.05	98.00	233.08	293.66
25.06	98.00	233.08	293.66
25.07	96.87	230.40	290.29
25.08	96.87	230.40	290.29
25.09	98.00	230.40	293.66
25.10	98.00	230.40	293.66
25.11	99.14	235.79	290.29
25.12	99.14	235.79	290.29
25.13	99.14	230.40	290.29
25.14	99.14	230.40	290.29
25.15	98.00	225.14	227.76	297.08
25.16	98.00	225.14	227.76	297.08
25.17	98.00	220.00	238.53	293.66
25.18	220.00	293.66
25.19	220.00	297.08	369.99
25.20	220.00	297.08	369.99
25.21	217.47	293.66	369.99
25.22	217.47	293.66	369.99
25.23	220.00	290.29	369.99
25.24	220.00	290.29	369.99
25.25	148.54	220.00	290.29	369.99
25.26	148.54	220.00	290.29	369.99
25.27	143.48	220.00	297.08	369.99
25.28	143.48	220.00	297.08	369.99
25.29	148.54	220.00	293.66	365.74	434.95
25.30	148.54	220.00	293.66	365.74	434.95
25.31	148.54	220.00	293.66	361.54	440.00
25.32	148.54	220.00	293.66	361.54	440.00
25.33	146.83	220.00	297.08	365.74	445.11
25.34	146.83	220.00	297.08	365.74	445.11
25.35	146.83	220.00	293.66	365.74	440.00
25.36	146.83	220.00	293.66	365.74	440.00
25.37	146.83	222.56	293.66	369.99	445.11
25.38	146.83	222.56	293.66	369.99	445.11
25.39	148.54	222.56	293.66	365.74	440.00
25.40	148.54	222.56	293.66	365.74	440.00
25.41	146.83	220.00	293.66	365.74	440.00
25.42	146.83	220.00	293.66	365.74	440.00
25.43	146.83	217.47	293.66	365.74	445.11
25.44	146.83	217.47	293.66	365.74	445.11
25.45	148.54	222.56	258.62	290.29	361.54	445.11
25.46	148.54	222.56	258.62	290.29	361.54	445.11
25.47	74.27	148.54	220.00	261.63	293.66	369.99	445.11
25.48	74.27	148.54	220.00	261.63	293.66	369.99	445.11
25.49	73.42	146.83	222.56	258.62	293.66	365.74	440.00
25.50	73.42	146.83	222.56	258.62	293.66	365.74	440.00
25.51	74.27	148.54	220.00	261.63	286.96	365.74	440.00
25.52	74.27	148.54	220.00	261.63	286.96	365.74
25.53	73.42	148.54	220.00	264.67	290.29	369.99
25.54	73.42	148.54	220.00	264.67	290.29	369.99
25.55	73.42	148.54	222.56	264.67	293.66	365.74
25.56	73.42	148.54	222.56	264.67	293.66	365.74
25.57	73.42	148.54	225.14	261.63	293.66	365.74
25.58	73.42	148.54	225.14	261.63	293.66	365.74
25.59	74.27	146.83	217.47	258.62	293.66	369.99
25.60	74.27	146.83	217.47	258.62	293.66	369.99
25.61	74.27	146.83	220.00	258.62	293.66	369.99
25.62	74.27	146.83	220.00	258.62	293.66	369.99
25.63	74.27	145.15	222.56	261.63	297.08	365.74
25.64	74.27	145.15	222.56	261.63	297.08	365.74
25.65	73.42	146.83	220.00	261.63	293.66	369.99
25.66	73.42	146.83	220.00	261.63	293.66	369.99
25.67	73.42	145.15	220.00	258.62	293.66	365.74
25.68	73.42	145.15	220.00	258.62	293.66	365.74
25.69	73.42	148.54	220.00	261.63	293.66	365.74
25.70	73.42	148.54	220.00	261.63	293.66	365.74
25.71	74.27	148.54	217.47	258.62	290.29	365.74
25.72	74.27	148.54	217.47	258.62	290.29	365.74
25.73	73.42	146.83	220.00	258.62	293.66	369.99
25.74	73.42	146.83	220.00	258.62	293.66	369.99
25.75	73.42	145.15	220.00	261.63	297.08	365.74
25.76	73.42	145.15	220.00	261.63	297.08
25.77	74.27	150.26	222.56	258.62	293.66
25.78	74.27	150.26	222.56	293.66
25.79	74.27	148.54	220.00	300.53
25.80	74.27	148.54	220.00	300.53
25.81	75.13	150.26	225.14	241.30	297.08
25.82	75.13	150.26	225.14	241.30	297.08
25.83	74.27	150.26	220.00	246.94	297.08	387.49
25.84	150.26	220.00	246.94	297.08	387.49
25.85	148.54	225.14	244.11	300.53	387.49
25.86	148.54	244.11	300.53	387.49
25.87	150.26	244.11	300.53	387.49
25.88	244.11	300.53	387.49
25.89	246.94	300.53	383.04
25.90	246.94	300.53	383.04
25.91	246.94	293.66	387.49
25.92	246.94	293.66	387.49
25.93	244.11	293.66	383.04
25.94	244.11	293.66	383.04
25.95	99.14	244.11	290.29	387.49
25.96	99.14	244.11	290.29	387.49
25.97	100.29	241.30	297.08	392.00	774.99
25.98	100.29	241.30	297.08	392.00	774.99
25.99	98.00	196.00	244.11	290.29	383.04	774.99
26.00	98.00	196.00	244.11	290.29	383.04	774.99
26.01	98.00	196.00	244.11	293.66	392.00	783.99
26.02	98.00	196.00	244.11	293.66	392.00	783.99
26.03	98.00	193.75	246.94	297.08	387.49	783.99
26.04	98.00	193.75	246.94	297.08	387.49	783.99
26.05	96.87	193.75	244.11	297.08	387.49	783.99
26.06	96.87	193.75	244.11	297.08	387.49	783.99
26.07	99.14	196.00	241.30	293.66	392.00	774.99
26.08	99.14	196.00	241.30	293.66	774.99
26.09	98.00	196.00	246.94	297.08	774.99
26.10	98.00	196.00	246.94	297.08	774.99
26.11	96.87	196.00	241.30	297.08	774.99
26.12	96.87	196.00	241.30	297.08	774.99
26.13	98.00	193.75	244.11	297.08	774.99
26.14	98.00	193.75	244.11	297.08	774.99
26.15	98.00	193.75	244.11	297.08	783.99
26.16	98.00	193.75	244.11	297.08	783.99
26.17	98.00	196.00	246.94	290.29	783.99
26.18	98.00	196.00	246.94	290.29	783.99
26.19	98.00	193.75	246.94	293.66	783.99
26.20	98.00	193.75	246.94	293.66	783.99
26.21	96.87	196.00	246.94	293.66	774.99
26.22	96.87	196.00	246.94	293.66
26.23	98.00	196.00	244.11	293.66
26.24	98.00	196.00	244.11	293.66
26.25	96.87	196.00	246.94	290.29
26.26	96.87	196.00	246.94	290.29
26.27	96.87	193.75	244.11	293.66
26.28	96.87	193.75	244.11	293.66
26.29	98.00	193.75	246.94	293.66
26.30	98.00	193.75	246.94	293.66
26.31	98.00	196.00	244.11	293.66
26.32	98.00	196.00	244.11	293.66
26.33	99.14	193.75	244.11	290.29
26.34	99.14	193.75	244.11	290.29
26.35	98.00	198.28	246.94	290.29
26.36	98.00	198.28	246.94	290.29
26.37	96.87	196.00	244.11	290.29
26.38	96.87	196.00	244.11	290.29
26.39	99.14	193.75	244.11	290.29
26.40	99.14	193.75	244.11	290.29
26.41	98.00	196.00	244.11	293.66
26.42	98.00	196.00	244.11	293.66
26.43	96.87	193.75	244.11	293.66
26.44	96.87	193.75	244.11	293.66
26.45	96.87	191.52	244.11	293.66
26.46	96.87	191.52	244.11	293.66
26.47	98.00	196.00	244.11	290.29	774.99
26.48	98.00	196.00	244.11	290.29	774.99
26.49	99.14	193.75	246.94	293.66	774.99
26.50	99.14	193.75	246.94	293.66	774.99
26.51	99.14	193.75	244.11	290.29	774.99
26.52	99.14	193.75	244.11	290.29	774.99
26.53	98.00	198.28	244.11	290.29	783.99
26.54	98.00	198.28	244.11	290.29	783.99
26.55	98.00	193.75	244.11	293.66	783.99
26.56	98.00	193.75	244.11	293.66	783.99
26.57	96.87	196.00	244.11	293.66	774.99
26.58	96.87	196.00	244.11	293.66	774.99
26.59	99.14	198.28	244.11	293.66	783.99
26.60	99.14	198.28	244.11	293.66	783.99
26.61	98.00	193.75	244.11	293.66	774.99
26.62	98.00	193.75	244.11	293.66
26.63	96.87	193.75	244.11	297.08
26.64	96.87	193.75	244.11	297.08
26.65	98.00	196.00	244.11	297.08
26.66	98.00	196.00	244.11	297.08
26.67	99.14	196.00	244.11	290.29
26.68	99.14	196.00	244.11	290.29
26.69	98.00	198.28	246.94	293.66
26.70	98.00	198.28	246.94	293.66
26.71	99.14	196.00	244.11	297.08
26.72	99.14	196.00	244.11	297.08
26.73	98.00	196.00	244.11	293.66
26.74	98.00	196.00	244.11	293.66
26.75	96.87	196.00	241.30	297.08
26.76	96.87	196.00	241.30	297.08
26.77	99.14	191.52	246.94	293.66
26.78	99.14	191.52	246.94	293.66
26.79	99.14	196.00	244.11	293.66
26.80	99.14	196.00	244.11	293.66
26.81	98.00	193.75	244.11	293.66
26.82	98.00	193.75	244.11	293.66
26.83	98.00	196.00	246.94	293.66
26.84	98.00	196.00	246.94	293.66
26.85	99.14	193.75	244.11	293.66
26.86	99.14	193.75	244.11	293.66
26.87	98.00	196.00	244.11	293.66
26.88	98.00	196.00	244.11	293.66
26.89	99.14	196.00	244.11	293.66
26.90	99.14	196.00	244.11	293.66
26.91	98.00	198.28	244.11	290.29
26.92	98.00	198.28	244.11	290.29
26.93	98.00	196.00	246.94	290.29
26.94	98.00	196.00	246.94	290.29
26.95	99.14	193.75	246.94	293.66
26.96	99.14	246.94	293.66
26.97	98.00	241.30	293.66
26.98	98.00	241.30	293.66
26.99	96.87	244.11	293.66
27.00	96.87	244.11	293.66
27.01	98.00	196.00	244.11	293.66
27.02	98.00	196.00	244.11	293.66
27.03	98.00	196.00	244.11	293.66
27.04	98.00	196.00	244.11	293.66
27.05	98.00	198.28	241.30	293.66
27.06	98.00	198.28	241.30	293.66
27.07	98.00	193.75	244.11	290.29
27.08	98.00	193.75	244.11	290.29
27.09	98.00	193.75	244.11	293.66
27.10	98.00	193.75	244.11	293.66
27.11	99.14	196.00	244.11	293.66
27.12	99.14	196.00	244.11	293.66
27.13	96.87	196.00	246.94	293.66
27.14	96.87	196.00	246.94	293.66
27.15	99.14	196.00	244.11	293.66
27.16	99.14	196.00	244.11	293.66
27.17	98.00	198.28	244.11	293.66
27.18	98.00	198.28	244.11	293.66
27.19	98.00	193.75	246.94	297.08
27.20	98.00	193.75	246.94	297.08
27.21	96.87	193.75	244.11	293.66
27.22	96.87	193.75	244.11	293.66
27.23	98.00	193.75	246.94	293.66
27.24	98.00	193.75	246.94	293.66
27.25	98.00	196.00	246.94	293.66
27.26	98.00	196.00	246.94	293.66
27.27	98.00	196.00	244.11	290.29
27.28	98.00	196.00	244.11	290.29
27.29	98.00	196.00	241.30	293.66
27.30	98.00	196.00	241.30	293.66
27.31	98.00	196.00	246.94	290.29
27.32	98.00	196.00	246.94	290.29
27.33	99.14	196.00	244.11	293.66
27.34	99.14	196.00	244.11	293.66
27.35	98.00	193.75	244.11	290.29
27.36	98.00	193.75	244.11	290.29
27.37	96.87	193.75	244.11	293.66
27.38	96.87	193.75	244.11	293.66
27.39	98.00	193.75	244.11	297.08
27.40	98.00	193.75	244.11	297.08
27.41	98.00	196.00	246.94	293.66
27.42	98.00	196.00	246.94	293.66
27.43	99.14	196.00	244.11	293.66
27.44	99.14	196.00	244.11	293.66
27.45	99.14	193.75	244.11	290.29
27.46	99.14	193.75	244.11	290.29
27.47	98.00	196.00	244.11	297.08
27.48	98.00	196.00	244.11	297.08
27.49	98.00	193.75	244.11	293.66
27.50	98.00	193.75	244.11	293.66
27.51	96.87	191.52	246.94	293.66
27.52	96.87	191.52	246.94	293.66
27.53	99.14	196.00	244.11	293.66
27.54	99.14	196.00	244.11	293.66
27.55	99.14	196.00	244.11	293.66
27.56	99.14	196.00	244.11	293.66
27.57	98.00	193.75	246.94	293.66
27.58	98.00	193.75	246.94	293.66
27.59	98.00	191.52	246.94	293.66
27.60	98.00	191.52	246.94	293.66
27.61	96.87	196.00	246.94	297.08
27.62	96.87	196.00	246.94	297.08
27.63	96.87	196.00	246.94	297.08
27.64	96.87	196.00	246.94	297.08
27.65	96.87	196.00	246.94	297.08
27.66	96.87	196.00	246.94	297.08
27.67	98.00	193.75	244.11	293.66
27.68	98.00	193.75	244.11	293.66
27.69	99.14	193.75	244.11	293.66
27.70	99.14	193.75	244.11	293.66
27.71	98.00	193.75	244.11	293.66
27.72	98.00	193.75	244.11	293.66
27.73	96.87	193.75	244.11	293.66
27.74	96.87	193.75	244.11	293.66
27.75	99.14	193.75	244.11	293.66
27.76	99.14	193.75	244.11	293.66
27.77	99.14	198.28	246.94	290.29
27.78	99.14	246.94	290.29
27.79	99.14	246.94	293.66
27.80	99.14	246.94	293.66
27.81	98.00	246.94	297.08
27.82	98.00	246.94	297.08
27.83	98.00	246.94	293.66
27.84	98.00	246.94	293.66
27.85	96.87	244.11	293.66
27.86	96.87	244.11	293.66
27.87	98.00	249.81	297.08
27.88	98.00	249.81	297.08
27.89	98.00	244.11	297.08
27.90	98.00	244.11	297.08
27.91	98.00	246.94	293.66
27.92	98.00	246.94	293.66
27.93	96.87	246.94	297.08
27.94	96.87	246.94	297.08
27.95	96.87	244.11	293.66
27.96	96.87	244.11	293.66
27.97	98.00	191.52	246.94	293.66
27.98	98.00	191.52	246.94	293.66
27.99	98.00	196.00	244.11	293.66
28.00	98.00	196.00	244.11	293.66
28.01	99.14	193.75	244.11	297.08
28.02	99.14	193.75	244.11	297.08
28.03	98.00	198.28	249.81	293.66
28.04	98.00	198.28	249.81	293.66
28.05	98.00	196.00	244.11	297.08
28.06	98.00	244.11	297.08
28.07	99.14	244.11	297.08
28.08	99.14	244.11	297.08
28.09	98.00	246.94	297.08
28.10	98.00	246.94	297.08
28.11	98.00	246.94	293.66
28.12	98.00	246.94	293.66
28.13	98.00	244.11	297.08
28.14	98.00	244.11	297.08
28.15	99.14	244.11	297.08
28.16	99.14	244.11	297.08
28.17	99.14	246.94	297.08
28.18	99.14	246.94	297.08
28.19	98.00	244.11	293.66
28.20	98.00	244.11	293.66
28.21	98.00	244.11	297.08
28.22	98.00	244.11	297.08
28.23	99.14	246.94	290.29
28.24	99.14	246.94	290.29
28.25	98.00	244.11	297.08
28.26	98.00	244.11	297.08
28.27	99.14	246.94	297.08
28.28	99.14	246.94	297.08
28.29	96.87	246.94	290.29
28.30	96.87	246.94	290.29
28.31	98.00	249.81	293.66
28.32	98.00	249.81	293.66
28.33	98.00	244.11	297.08
28.34	98.00	244.11	297.08
28.35	100.29	246.94	293.66
28.36	100.29	246.94	293.66
28.37	99.14	244.11	293.66
28.38	99.14	244.11	293.66
28.39	98.00	246.94	297.08
28.40	98.00	246.94	297.08
28.41	99.14	246.94	293.66
28.42	99.14	246.94	293.66
28.43	99.14	249.81	293.66
28.44	99.14	249.81	293.66
28.45	99.14	246.94	293.66
28.46	99.14	246.94	293.66
28.47	98.00	249.81	297.08
28.48	98.00	249.81	297.08
28.49	99.14	246.94	293.66
28.50	99.14	246.94	293.66
28.51	99.14	246.94	297.08
28.52	99.14	246.94	297.08
28.53	98.00	246.94	293.66
28.54	98.00	246.94	293.66
28.55	100.29	244.11	293.66
28.56	100.29	244.11	293.66
28.57	99.14	246.94	297.08
28.58	99.14	246.94	297.08
28.59	99.14	244.11	297.08
28.60	99.14	244.11	297.08
28.61	98.00	196.00	246.94	290.29
28.62	98.00	196.00	246.94	290.29
28.63	98.00	193.75	249.81	293.66
28.64	98.00	193.75	249.81	293.66
28.65	99.14	193.75	246.94	297.08
28.66	99.14	193.75	246.94	297.08
28.67	99.14	196.00	249.81	297.08
28.68	99.14	249.81	297.08
28.69	98.00	196.00	249.81	297.08
28.70	98.00	196.00	249.81	297.08
28.71	99.14	198.28	244.11	293.66
28.72	99.14	198.28	244.11	293.66
28.73	98.00	193.75	246.94	293.66
28.74	98.00	246.94	293.66
28.75	99.14	244.11	293.66
28.76	99.14	244.11	293.66
28.77	99.14	244.11	293.66
28.78	99.14	244.11	293.66
28.79	98.00	246.94	290.29
28.80	98.00	246.94	290.29
28.81	99.14	246.94	293.66
28.82	99.14	246.94	293.66
28.83	99.14	246.94	297.08
28.84	99.14	246.94	297.08
28.85	99.14	246.94	290.29
28.86	99.14	246.94	290.29
28.87	99.14	249.81	293.66
28.88	99.14	249.81	293.66
28.89	98.00	249.81	297.08
28.90	98.00	249.81	297.08
28.91	99.14	246.94	293.66
28.92	99.14	246.94	293.66
28.93	99.14	249.81	290.29
28.94	99.14	249.81	290.29
28.95	98.00	246.94	290.29
28.96	98.00	246.94	290.29
28.97	100.29	246.94	297.08
28.98	100.29	246.94	297.08
28.99	99.14	246.94	297.08
29.00	246.94	297.08
29.01	246.94	293.66
29.02	246.94	293.66
29.03	246.94	297.08
29.04	246.94	297.08
29.05	246.94	293.66
29.06	246.94	293.66
29.07	246.94	293.66
29.08	246.94	293.66
29.09	246.94	297.08
29.10	246.94	297.08
29.11	246.94	297.08
29.12	246.94	297.08
29.13	249.81	293.66
29.14	249.81	293.66
29.15	244.11	297.08
29.16	244.11	297.08
29.17	246.94	293.66
29.18	246.94	293.66
29.19	246.94	293.66
29.20	246.94	293.66
29.21	249.81	293.66
29.22	249.81	293.66
29.23	246.94	293.66
29.24	246.94	293.66
29.25	249.81	293.66
29.26	249.81	293.66
29.27	252.71	297.08
29.28	252.71	297.08
29.29	252.71	293.66
29.30	293.66
29.31	297.08
29.32
29.33
29.34
29.35
29.36
29.37
29.38
29.39
29.40
29.41
29.42
29.43
29.44
29.45
29.46
29.47
29.48
29.49
29.50
29.51
29.52
29.53
29.54
29.55
29.56
29.57
29.58
29.59
29.60
29.61
29.62
29.63
29.64
29.65
29.66
29.67
29.68
29.69
29.70
29.71
29.72
29.73
29.74
29.75
29.76
29.77
29.78
29.79
29.80
29.81
29.82
29.83
29.84
29.85
29.86
29.87
29.88
29.89
29.90
29.91
29.92
29.93
29.94
29.95
29.96
29.97
29.98
29.99
30.00
30.01
30.02
30.03
30.04
30.05
30.06
30.07
30.08
30.09
30.10
30.11
30.12
30.13
30.14
30.15
30.16
30.17
30.18
30.19
30.20
30.21
30.22
30.23
30.24
30.25
30.26
30.27
30.28
30.29
30.30
30.31
30.32
30.33
30.34
30.35
30.36
30.37
30.38
30.39
30.40
30.41
30.42
30.43
30.44
30.45
30.46
30.47
30.48
30.49
30.50
30.51
30.52
30.53
30.54
30.55
30.56
30.57
30.58
30.59
30.60
30.61
30.62
30.63
30.64
30.65
30.66
30.67
30.68
30.69
30.70
30.71
30.72
