0.01
0.02
0.03
0.04
0.05
0.06
0.07
0.08
0.09
0.10
0.11
0.12
0.13
0.14
0.15
0.16
0.17
0.18
0.19
0.20
0.21
0.22
0.23
0.24
0.25
0.26
0.27
0.28
0.29
0.30
0.31
0.32
0.33
0.34
0.35
0.36
0.37
0.38
0.39
0.40
0.41
0.42
0.43
0.44
0.45
0.46
0.47
0.48
0.49
0.50
0.51
0.52
0.53
0.54
0.55
0.56
0.57
0.58
0.59
0.60
0.61
0.62
0.63
0.64
0.65
0.66
0.67
0.68
0.69
0.70
0.71
0.72
0.73
0.74
0.75
0.76
0.77
0.78
0.79
0.80
0.81
0.82
0.83
0.84
0.85
0.86
0.87
0.88
0.89
0.90
0.91
0.92
0.93
0.94
0.95
0.96
0.97
0.98
0.99
1.00
1.01
1.02
1.03
1.04
1.05
1.06
1.07
1.08
1.09
1.10
1.11
1.12
1.13
1.14
1.15
1.16
1.17
1.18
1.19
1.20
1.21
1.22
1.23
1.24
1.25
1.26
1.27
1.28
1.29
1.30
1.31
1.32
1.33
1.34
1.35
1.36
1.37
1.38
1.39
1.40
1.41
1.42
1.43
1.44
1.45
1.46
1.47
1.48
1.49
1.50
1.51
1.52
1.53
1.54
1.55
1.56
1.57
1.58
1.59
1.60
1.61
1.62
1.63
1.64
1.65
1.66
1.67
1.68
1.69
1.70
1.71
1.72
1.73
1.74
1.75
1.76
1.77
1.78
1.79
1.80
1.81
1.82
1.83
1.84
1.85
1.86
1.87
1.88
1.89
1.90
1.91
1.92
1.93
1.94
1.95
1.96
1.97
1.98
1.99
2.00	523.25
2.01	523.25
2.02	523.25
2.03	523.25	1046.50
2.04	523.25	1046.50
2.05	523.25	1046.50
2.06	523.25	1046.50
2.07	523.25	1046.50
2.08	523.25	1046.50
2.09	523.25	1046.50
2.10	523.25	1046.50
2.11	523.25	1046.50
2.12	523.25	1046.50
2.13	523.25	1046.50
2.14	261.63	523.25
2.15	261.63	523.25
2.16	261.63	523.25
2.17	261.63	523.25
2.18	261.63	523.25
2.19	261.63	523.25
2.20	261.63	523.25
2.21	261.63	523.25
2.22	261.63	523.25
2.23	261.63	523.25
2.24	261.63	523.25
2.25	261.63	523.25
2.26	261.63	523.25
2.27	261.63	523.25
2.28	261.63	523.25
2.29	261.63	523.25
2.30	392.00	523.25
2.31	392.00	523.25
2.32	392.00	523.25
2.33	392.00	523.25
2.34	392.00	523.25
2.35	392.00	523.25
2.36	392.00	523.25
2.37	392.00	523.25
2.38	392.00	523.25
2.39	392.00	523.25
2.40	392.00	523.25
2.41	392.00	523.25
2.42
2.43
2.44	261.63
2.45	261.63
2.46	261.63
2.47	261.63
2.48	261.63
2.49
2.50
2.51
2.52
2.53
2.54	329.63
2.55	329.63
2.56	329.63
2.57	329.63
2.58	329.63
2.59	329.63
2.60	329.63
2.61	329.63
2.62	329.63
2.63	329.63
2.64	329.63
2.65	329.63
2.66	329.63
2.67	329.63
2.68	329.63
2.69	329.63
2.70	329.63
2.71	329.63
2.72	329.63
2.73	329.63
2.74	329.63
2.75	329.63
2.76	329.63
2.77	329.63
2.78	329.63
2.79	329.63	392.00
2.80	329.63	392.00
2.81	329.63	392.00
2.82	329.63	392.00
2.83	329.63	392.00
2.84	329.63	392.00
2.85	329.63	392.00
2.86	329.63	392.00
2.87	329.63	392.00
2.88	329.63	392.00
2.89	329.63	392.00
2.90	329.63
2.91	329.63
2.92	329.63
2.93	329.63
2.94	329.63
2.95	329.63
2.96	329.63
2.97	329.63
2.98	329.63
2.99	329.63
3.00	329.63
3.01	329.63
3.02	659.26
3.03	659.26
3.04	659.26
3.05	523.25	659.26
3.06	523.25	659.26
3.07	523.25	659.26
3.08	523.25	659.26
3.09	523.25	659.26
3.10	523.25	659.26
3.11	523.25	659.26
3.12	523.25	659.26
3.13	523.25	659.26
3.14	523.25	659.26
3.15	523.25	659.26
3.16	523.25	659.26
3.17	523.25	659.26
3.18	523.25	659.26
3.19	523.25	659.26
3.20	523.25	659.26
3.21	523.25	659.26
3.22	523.25	659.26
3.23	523.25	659.26
3.24	523.25	659.26
3.25	523.25	659.26
3.26	523.25	659.26
3.27	523.25	659.26
3.28	523.25	659.26
3.29	523.25	659.26
3.30	392.00	523.25	659.26
3.31	392.00	523.25	659.26
3.32	392.00	523.25	659.26
3.33	392.00	523.25	659.26
3.34	392.00	523.25	659.26
3.35	392.00	523.25	659.26
3.36	392.00	523.25	659.26
3.37	392.00	659.26
3.38	392.00	659.26
3.39	659.26
3.40	659.26
3.41	659.26
3.42	659.26
3.43	659.26
3.44	659.26
3.45	659.26
3.46	659.26
3.47	659.26
3.48	659.26
3.49	659.26
3.50	659.26
3.51	659.26
3.52	659.26
3.53	329.63	659.26	739.99	783.99
3.54	329.63	659.26	739.99	783.99
3.55	329.63	739.99	783.99
3.56	329.63	739.99	783.99
3.57	329.63	739.99	783.99
3.58	329.63	739.99	783.99
3.59	329.63	739.99	783.99
3.60	329.63	783.99
3.61	329.63	783.99
3.62	329.63	783.99
3.63	329.63	783.99
3.64	329.63	783.99
3.65	329.63	783.99
3.66	329.63	783.99
3.67	329.63	783.99
3.68	329.63	783.99
3.69	329.63	783.99
3.70	329.63	783.99
3.71	329.63	783.99
3.72	329.63	783.99
3.73	329.63	783.99
3.74	329.63	783.99
3.75	329.63	783.99
3.76	329.63	783.99
3.77	329.63	783.99
3.78	329.63	783.99
3.79	329.63	392.00	783.99
3.80	329.63	392.00	783.99
3.81	329.63	392.00	783.99
3.82	329.63	392.00	783.99
3.83	329.63	392.00	783.99
3.84	329.63	392.00	783.99
3.85	329.63	392.00	783.99
3.86	329.63	392.00	783.99
3.87	329.63	392.00	783.99
3.88	329.63	392.00	783.99
3.89	329.63	392.00	783.99
3.90	329.63	783.99
3.91	329.63	783.99
3.92	329.63	783.99
3.93	329.63	783.99
3.94	329.63	783.99
3.95	329.63	783.99
3.96	329.63	783.99
3.97	783.99
3.98	783.99
3.99	783.99
4.00	783.99
4.01	783.99
4.02	493.88	783.99
4.03	493.88	783.99
4.04	493.88
4.05	293.66	493.88
4.06	293.66	493.88
4.07	293.66	493.88
4.08	293.66	493.88
4.09	293.66	493.88
4.10	293.66	493.88
4.11	293.66	493.88
4.12	293.66	493.88
4.13	293.66	493.88
4.14	293.66	493.88
4.15	293.66	493.88
4.16	293.66	493.88
4.17	293.66	493.88
4.18	293.66	493.88
4.19	293.66	493.88
4.20	293.66	493.88
4.21	293.66	493.88
4.22	293.66	493.88
4.23	293.66	493.88
4.24	293.66	493.88
4.25	493.88
4.26	493.88
4.27	493.88
4.28	493.88
4.29	493.88
4.30	392.00	493.88
4.31	392.00	493.88
4.32	392.00	493.88
4.33	392.00	493.88
4.34	392.00	493.88
4.35	392.00	493.88
4.36	392.00	493.88
4.37	493.88
4.38	493.88
4.39	493.88
4.40	493.88
4.41	493.88
4.42	493.88
4.43	493.88
4.44	493.88
4.45	493.88
4.46	493.88
4.47	493.88
4.48	493.88
4.49	493.88
4.50	493.88
4.51	493.88
4.52	493.88
4.53	349.23	493.88
4.54	349.23	493.88
4.55	349.23	493.88
4.56	349.23	493.88
4.57	349.23	493.88
4.58	349.23	493.88
4.59	349.23	493.88
4.60	349.23	493.88
4.61	349.23	493.88
4.62	349.23	493.88
4.63	349.23	493.88
4.64	349.23	493.88
4.65	349.23
4.66	349.23
4.67	349.23
4.68	349.23
4.69	349.23
4.70	349.23
4.71	349.23
4.72	349.23
4.73	349.23
4.74	349.23
4.75	349.23
4.76	349.23
4.77	349.23	523.25
4.78	349.23	523.25
4.79	349.23	523.25	1046.50
4.80	349.23	523.25	1046.50
4.81	349.23	523.25	1046.50
4.82	349.23	523.25	1046.50
4.83	523.25	1046.50
4.84	523.25	1046.50
4.85	523.25
4.86	523.25
4.87	523.25
4.88	523.25
4.89	523.25
4.90	523.25	587.33
4.91	523.25	587.33
4.92	523.25	587.33
4.93	523.25	587.33
4.94	523.25	587.33
4.95	523.25	587.33
4.96	523.25	587.33
4.97	523.25	587.33
4.98	523.25	587.33
4.99	523.25	587.33
5.00	523.25	587.33
5.01	523.25	587.33
5.02	523.25	587.33	1046.50
5.03	523.25	587.33	1046.50
5.04	523.25	587.33	1046.50
5.05	523.25	587.33	1046.50
5.06	523.25	587.33	1046.50
5.07	523.25	587.33	1046.50
5.08	523.25	587.33	1046.50
5.09	523.25	587.33	1046.50
5.10	523.25	587.33	1046.50
5.11	523.25	587.33	1046.50
5.12	523.25	587.33	1046.50
5.13	523.25
5.14	523.25
5.15	523.25
5.16	523.25
5.17	523.25
5.18	523.25
5.19	523.25
5.20	523.25
5.21	523.25
5.22	523.25
5.23	523.25
5.24	523.25
5.25	523.25
5.26	523.25
5.27	523.25
5.28	523.25
5.29	523.25
5.30	392.00	523.25
5.31	392.00	523.25
5.32	392.00	523.25
5.33	392.00	523.25
5.34	392.00	523.25
5.35	392.00	523.25
5.36	392.00	523.25
5.37	392.00	523.25
5.38	392.00	523.25
5.39	261.63	392.00	523.25
5.40	261.63	392.00	523.25
5.41	261.63
5.42	261.63
5.43	261.63
5.44	261.63
5.45	261.63
5.46	261.63
5.47	261.63
5.48	261.63
5.49	261.63
5.50	261.63
5.51	261.63
5.52	261.63
5.53	329.63
5.54	329.63
5.55	329.63
5.56	329.63
5.57	329.63
5.58	329.63
5.59	329.63
5.60	329.63
5.61	329.63
5.62	329.63
5.63	329.63
5.64	329.63
5.65	329.63
5.66	329.63
5.67	329.63
5.68	329.63
5.69	329.63
5.70	329.63
5.71	329.63
5.72	329.63
5.73	329.63
5.74	329.63
5.75	329.63
5.76	329.63
5.77	329.63
5.78	329.63
5.79	329.63	392.00
5.80	329.63	392.00
5.81	329.63	392.00
5.82	329.63	392.00
5.83	329.63	392.00
5.84	329.63	392.00
5.85	329.63	392.00
5.86	329.63	392.00
5.87	329.63	392.00
5.88	329.63	392.00
5.89	329.63	392.00
5.90	329.63
5.91	329.63
5.92	329.63
5.93	329.63
5.94	329.63
5.95	329.63
5.96	329.63
5.97	329.63
5.98	329.63
5.99	329.63
6.00	329.63
6.01	329.63
6.02	880.00
6.03	880.00
6.04	523.25	880.00
6.05	523.25	880.00
6.06	523.25	880.00
6.07	523.25	880.00
6.08	523.25	880.00
6.09	523.25	880.00
6.10	523.25	880.00
6.11	523.25	880.00
6.12	523.25	880.00
6.13	523.25	880.00
6.14	523.25	880.00
6.15	523.25	880.00
6.16	523.25	880.00
6.17	523.25	880.00
6.18	523.25	880.00
6.19	523.25	880.00
6.20	523.25	880.00
6.21	523.25	880.00
6.22	523.25
6.23	523.25
6.24	523.25
6.25	523.25
6.26	523.25
6.27	440.00	523.25
6.28	440.00	523.25
6.29	440.00
6.30	440.00
6.31	440.00
6.32	440.00
6.33	440.00
6.34	440.00
6.35	440.00
6.36	440.00
6.37	440.00
6.38	440.00
6.39	440.00
6.40	440.00
6.41	440.00
6.42	440.00
6.43	440.00
6.44	440.00
6.45	440.00
6.46	440.00
6.47	440.00
6.48	440.00
6.49	440.00
6.50	440.00
6.51	440.00
6.52	440.00
6.53	349.23	440.00
6.54	349.23	440.00
6.55	349.23
6.56	349.23
6.57	349.23
6.58	349.23
6.59	349.23
6.60	349.23
6.61	349.23
6.62	349.23
6.63	349.23
6.64	349.23
6.65	349.23
6.66	349.23
6.67	349.23
6.68	349.23
6.69	349.23
6.70	349.23
6.71	349.23
6.72	349.23
6.73	349.23
6.74	349.23
6.75	349.23
6.76	349.23	440.00
6.77	349.23	440.00
6.78	349.23	440.00
6.79	349.23	440.00
6.80	349.23	440.00
6.81	349.23	440.00
6.82	349.23	440.00
6.83	349.23	440.00
6.84	349.23	440.00
6.85	349.23	440.00
6.86	349.23	440.00
6.87	440.00
6.88	440.00
6.89	440.00
6.90	440.00
6.91	440.00
6.92	440.00
6.93	440.00
6.94	440.00
6.95	440.00
6.96	440.00
6.97	440.00
6.98	440.00
6.99	440.00
7.00	440.00
7.01	440.00
7.02	440.00	739.99	783.99
7.03	440.00	739.99	783.99
7.04	523.25	739.99	783.99
7.05	523.25	739.99	783.99
7.06	523.25	739.99	783.99
7.07	523.25	739.99	783.99
7.08	523.25	783.99
7.09	523.25	783.99
7.10	523.25	783.99
7.11	523.25	783.99
7.12	523.25	783.99
7.13	261.63	523.25	783.99
7.14	261.63	523.25	783.99
7.15	261.63	523.25	783.99
7.16	261.63	523.25	783.99
7.17	261.63	523.25	783.99
7.18	261.63	523.25	783.99
7.19	261.63	523.25	783.99
7.20	261.63	783.99
7.21	261.63	783.99
7.22	783.99
7.23	783.99
7.24	783.99
7.25	783.99
7.26	783.99
7.27	783.99
7.28	783.99
7.29	783.99
7.30	392.00	783.99
7.31	392.00	783.99
7.32	392.00	783.99
7.33	392.00	783.99
7.34	392.00	783.99
7.35	392.00	783.99
7.36	392.00	783.99
7.37	392.00	783.99
7.38	392.00	783.99
7.39	392.00	783.99
7.40	392.00	783.99
7.41	783.99
7.42	783.99
7.43	783.99
7.44	783.99
7.45	783.99
7.46	783.99
7.47	783.99
7.48	783.99
7.49	783.99
7.50	783.99
7.51	783.99	1046.50
7.52	783.99	1046.50
7.53	783.99	1046.50
7.54	783.99	1046.50
7.55	329.63	1046.50
7.56	329.63	1046.50
7.57	329.63	1046.50
7.58	329.63	1046.50
7.59	329.63	1046.50
7.60	329.63	1046.50
7.61	329.63	1046.50
7.62	329.63	1046.50
7.63	329.63	1046.50
7.64	329.63	1046.50
7.65	329.63	1046.50
7.66	329.63	1046.50
7.67	329.63	1046.50
7.68	329.63	1046.50
7.69	329.63	1046.50
7.70	329.63	1046.50
7.71	329.63	1046.50
7.72	329.63	1046.50
7.73	329.63	1046.50
7.74	329.63	1046.50
7.75	329.63	1046.50
7.76	329.63	1046.50
7.77	329.63	1046.50
7.78	329.63	392.00	1046.50
7.79	329.63	392.00	1046.50
7.80	329.63	392.00	1046.50
7.81	329.63	392.00	1046.50
7.82	329.63	392.00	1046.50
7.83	329.63	392.00	1046.50
7.84	329.63	392.00	1046.50
7.85	329.63	392.00	1046.50
7.86	329.63	392.00	1046.50
7.87	329.63	392.00	1046.50
7.88	329.63	392.00	1046.50
7.89	329.63	392.00	1046.50
7.90	329.63	1046.50
7.91	329.63	1046.50
7.92	329.63	1046.50
7.93	329.63	1046.50
7.94	329.63	1046.50
7.95	329.63	1046.50
7.96	329.63	1046.50
7.97	329.63	1046.50
7.98	329.63	1046.50
7.99	329.63	1046.50
8.00	329.63	1046.50
8.01	1046.50
8.02	246.94	783.99	1046.50
8.03	246.94	783.99	1046.50
8.04	246.94	783.99
8.05	246.94	783.99
8.06	246.94	783.99
8.07	246.94	783.99
8.08	246.94	783.99
8.09	246.94	783.99
8.10	246.94	783.99
8.11	246.94	783.99
8.12	246.94	783.99
8.13	246.94	783.99
8.14	246.94	783.99
8.15	246.94	783.99
8.16	246.94	783.99
8.17	246.94	783.99
8.18	246.94	783.99
8.19	246.94	783.99
8.20	246.94
8.21	246.94
8.22	246.94
8.23	246.94
8.24	246.94
8.25	246.94
8.26	246.94
8.27	246.94	392.00
8.28	246.94	392.00
8.29	246.94	392.00
8.30	246.94	392.00
8.31	246.94	392.00
8.32	246.94	392.00
8.33	246.94	392.00
8.34	246.94	392.00
8.35	246.94	392.00
8.36	246.94	392.00
8.37	246.94	392.00
8.38	246.94	392.00
8.39	246.94	392.00
8.40	246.94	392.00
8.41	246.94
8.42	246.94
8.43	246.94
8.44	246.94
8.45	246.94
8.46	246.94
8.47	246.94
8.48	246.94
8.49	246.94
8.50	246.94
8.51	246.94
8.52	246.94
8.53	246.94	698.46
8.54	246.94	698.46
8.55	246.94	293.66	698.46
8.56	246.94	293.66	698.46
8.57	293.66	698.46
8.58	293.66	698.46
8.59	293.66	698.46
8.60	293.66	698.46
8.61	293.66	698.46
8.62	698.46	783.99
8.63	698.46	783.99
8.64	698.46	783.99
8.65	698.46	783.99
8.66	698.46	783.99
8.67	698.46	783.99
8.68	698.46	783.99
8.69	698.46	783.99
8.70	698.46	783.99
8.71	698.46	783.99
8.72	698.46	783.99
8.73	698.46	783.99
8.74	698.46	783.99
8.75	698.46	783.99
8.76	698.46	783.99
8.77	698.46	783.99
8.78	659.26	698.46	783.99
8.79	659.26	698.46	783.99
8.80	659.26	698.46
8.81	659.26	698.46
8.82	659.26	698.46
8.83	659.26	698.46
8.84	659.26	698.46
8.85	659.26	698.46
8.86	659.26	698.46
8.87	659.26	698.46
8.88	659.26	698.46
8.89	659.26	698.46
8.90	659.26	698.46	783.99
8.91	659.26	698.46	783.99
8.92	659.26	698.46	783.99
8.93	659.26	698.46	783.99
8.94	659.26	698.46	783.99
8.95	659.26	698.46	783.99
8.96	659.26	698.46
8.97	659.26	698.46
8.98	659.26	698.46
8.99	659.26	698.46
9.00	659.26	698.46
9.01	659.26	698.46
9.02	659.26	698.46
9.03	659.26	698.46
9.04	523.25	659.26	698.46
9.05	523.25	659.26	698.46
9.06	523.25	659.26	698.46
9.07	523.25	659.26	698.46
9.08	523.25	659.26	698.46
9.09	523.25	659.26	698.46
9.10	523.25	659.26	698.46
9.11	523.25	659.26	698.46
9.12	523.25	659.26	698.46
9.13	261.63	523.25	659.26	698.46
9.14	261.63	523.25	659.26	698.46
9.15	261.63	659.26	698.46
9.16	261.63	659.26	698.46
9.17	261.63	659.26	698.46
9.18	261.63	659.26	698.46
9.19	261.63	659.26	698.46
9.20	261.63	659.26	698.46
9.21	261.63	659.26	698.46
9.22	261.63	659.26	698.46
9.23	261.63	659.26	698.46
9.24	261.63	659.26
9.25	261.63	659.26
9.26	261.63	659.26
9.27	261.63	659.26
9.28	261.63	659.26
9.29	392.00	659.26
9.30	392.00	659.26
9.31	392.00	659.26
9.32	392.00	659.26
9.33	392.00	659.26
9.34	392.00	659.26
9.35	392.00	659.26
9.36	392.00	659.26
9.37	392.00	659.26
9.38	392.00	659.26
9.39	392.00	659.26
9.40	392.00	659.26
9.41	659.26
9.42	659.26
9.43	659.26
9.44	659.26
9.45	659.26
9.46	659.26
9.47	659.26
9.48	659.26
9.49	659.26
9.50	659.26
9.51	659.26
9.52	659.26
9.53	659.26
9.54	659.26
9.55	329.63	659.26
9.56	329.63	659.26
9.57	329.63	659.26
9.58	329.63	659.26
9.59	329.63
9.60	329.63
9.61	329.63
9.62	329.63
9.63	329.63
9.64	329.63
9.65	329.63
9.66	329.63
9.67	329.63
9.68	329.63
9.69	329.63
9.70	329.63
9.71	329.63
9.72	329.63
9.73	329.63
9.74	329.63
9.75	329.63
9.76	329.63
9.77	329.63
9.78	329.63	392.00
9.79	329.63	392.00
9.80	329.63	392.00
9.81	329.63	392.00
9.82	329.63	392.00
9.83	329.63	392.00
9.84	329.63	392.00
9.85	329.63	392.00
9.86	329.63	392.00
9.87	329.63	392.00
9.88	329.63	392.00
9.89	329.63	392.00
9.90	329.63	392.00
9.91	329.63	392.00
9.92	329.63
9.93	329.63
9.94	329.63
9.95	329.63
9.96	329.63
9.97	329.63
9.98	329.63
9.99	329.63
10.00	329.63
10.01	329.63	440.00
10.02	329.63	440.00
10.03	440.00
10.04	349.23	440.00
10.05	349.23	440.00
10.06	349.23	440.00
10.07	349.23	440.00
10.08	349.23	440.00
10.09	349.23	440.00
10.10	349.23	440.00
10.11	349.23	440.00
10.12	349.23	440.00
10.13	349.23	440.00
10.14	349.23	440.00
10.15	349.23	440.00
10.16	349.23	440.00
10.17	349.23	440.00
10.18	349.23	440.00
10.19	349.23	440.00
10.20	349.23	440.00
10.21	349.23	440.00
10.22	349.23	440.00
10.23	349.23	440.00
10.24	349.23	440.00
10.25	349.23	440.00
10.26	349.23	440.00
10.27	349.23	440.00	493.88
10.28	349.23	440.00	493.88
10.29	349.23	440.00	493.88
10.30	349.23	440.00	493.88
10.31	349.23	440.00	493.88
10.32	349.23	440.00	493.88
10.33	349.23	440.00	493.88
10.34	349.23	440.00	493.88
10.35	349.23	440.00	493.88
10.36	349.23	440.00	493.88
10.37	349.23	440.00	493.88
10.38	349.23	440.00	493.88	523.25
10.39	349.23	440.00	493.88	523.25
10.40	349.23	493.88	523.25
10.41	349.23	493.88	523.25	1046.50
10.42	349.23	493.88	523.25	1046.50
10.43	349.23	493.88	523.25	1046.50
10.44	349.23	493.88	523.25	1046.50
10.45	349.23	493.88	523.25	1046.50
10.46	349.23	493.88	523.25	1046.50
10.47	349.23	493.88	523.25
10.48	349.23	493.88	523.25
10.49	349.23	493.88	523.25
10.50	349.23	493.88	523.25
10.51	349.23	493.88	523.25
10.52	349.23	523.25	587.33
10.53	349.23	523.25	587.33
10.54	523.25	587.33
10.55	523.25	587.33
10.56	523.25	587.33
10.57	523.25	587.33
10.58	523.25	587.33
10.59	523.25	587.33
10.60	523.25	587.33
10.61	523.25	587.33
10.62	523.25	587.33
10.63	523.25	587.33
10.64	523.25	587.33	659.26
10.65	523.25	587.33	659.26
10.66	587.33	659.26
10.67	587.33	659.26
10.68	587.33	659.26
10.69	587.33	659.26
10.70	587.33	659.26
10.71	587.33	659.26
10.72	587.33	659.26
10.73	587.33	659.26
10.74	587.33	659.26
10.75	587.33	659.26
10.76	587.33	659.26
10.77	587.33	659.26
10.78	659.26	698.46
10.79	659.26	698.46
10.80	659.26	698.46
10.81	659.26	698.46
10.82	659.26	698.46
10.83	659.26	698.46
10.84	659.26	698.46
10.85	659.26	698.46
10.86	659.26	698.46
10.87	659.26	698.46
10.88	659.26	698.46
10.89	659.26	698.46
10.90	659.26	698.46	783.99
10.91	659.26	698.46	783.99
10.92	698.46	783.99
10.93	698.46	783.99
10.94	698.46	783.99
10.95	698.46	783.99
10.96	698.46	783.99
10.97	698.46	783.99
10.98	698.46	783.99
10.99	698.46	783.99
11.00	698.46	783.99
11.01	698.46	783.99
11.02	698.46	783.99
11.03	698.46	783.99	880.00
11.04	698.46	783.99	880.00
11.05	880.00
11.06	880.00
11.07	880.00
11.08	880.00
11.09	880.00
11.10	880.00
11.11	880.00
11.12	880.00
11.13	880.00
11.14	880.00
11.15	783.99	880.00
11.16	783.99	880.00
11.17	783.99
11.18	783.99
11.19	783.99
11.20	783.99
11.21	783.99
11.22	783.99
11.23	783.99
11.24	783.99
11.25	783.99
11.26	783.99
11.27	698.46	783.99
11.28	698.46	783.99
11.29	698.46
11.30	698.46
11.31	698.46
11.32	698.46
11.33	698.46
11.34	698.46
11.35	698.46
11.36	698.46
11.37	698.46
11.38	698.46
11.39	698.46
11.40	698.46
11.41	659.26	698.46
11.42	659.26	698.46
11.43	659.26	698.46
11.44	659.26	698.46
11.45	659.26	698.46
11.46	659.26	698.46
11.47	659.26	698.46
11.48	659.26	698.46
11.49	659.26	698.46
11.50	659.26	698.46
11.51	659.26	698.46
11.52	174.61	587.33	659.26	698.46
11.53	174.61	587.33	659.26	698.46
11.54	174.61	587.33	659.26
11.55	174.61	587.33	659.26
11.56	174.61	587.33	659.26
11.57	174.61	587.33	659.26
11.58	174.61	587.33	659.26
11.59	174.61	587.33	659.26
11.60	174.61	587.33	659.26
11.61	174.61	587.33	659.26
11.62	174.61	587.33	659.26
11.63	174.61	587.33	659.26
11.64	174.61	523.25	587.33	659.26
11.65	174.61	523.25	587.33	659.26
11.66	174.61	523.25	587.33	659.26
11.67	174.61	523.25	587.33	659.26
11.68	174.61	523.25	587.33
11.69	174.61	523.25	587.33
11.70	174.61	523.25	587.33
11.71	174.61	523.25	587.33
11.72	174.61	523.25	587.33
11.73	174.61	523.25	587.33
11.74	174.61	523.25	587.33
11.75	174.61	523.25	587.33
11.76	174.61	523.25	587.33
11.77	174.61	523.25
11.78	174.61	493.88	523.25
11.79	174.61	493.88	523.25
11.80	174.61	493.88	523.25
11.81	174.61	493.88	523.25
11.82	174.61	493.88	523.25
11.83	174.61	493.88	523.25
11.84	174.61	493.88	523.25
11.85	174.61	493.88	523.25
11.86	174.61	493.88	523.25
11.87	174.61	493.88	523.25
11.88	174.61	493.88	523.25
11.89	174.61	440.00	493.88	523.25
11.90	174.61	440.00	493.88	523.25
11.91	174.61	440.00	493.88
11.92	174.61	440.00	493.88
11.93	174.61	440.00	493.88
11.94	174.61	440.00	493.88
11.95	174.61	440.00	493.88
11.96	174.61	440.00	493.88
11.97	174.61	440.00	493.88
11.98	174.61	440.00	493.88
11.99	174.61	440.00	493.88
12.00	174.61	440.00	493.88
12.01	174.61	440.00	493.88
12.02	174.61	440.00	493.88
12.03	164.81	174.61	392.00	440.00	523.25	783.99
12.04	164.81	174.61	392.00	440.00	523.25	783.99
12.05	164.81	392.00	440.00	523.25	783.99
12.06	164.81	392.00	440.00	523.25	783.99
12.07	164.81	392.00	440.00	523.25	783.99
12.08	164.81	392.00	440.00	523.25	783.99
12.09	164.81	392.00	440.00	523.25	783.99
12.10	164.81	392.00	440.00	523.25	783.99
12.11	164.81	392.00	440.00	523.25	783.99
12.12	164.81	392.00	440.00	523.25	783.99
12.13	164.81	392.00	440.00	523.25	783.99
12.14	164.81	392.00	440.00	523.25	783.99
12.15	164.81	392.00	523.25	783.99
12.16	164.81	392.00	523.25	783.99
12.17	164.81	392.00	523.25	783.99
12.18	164.81	392.00	523.25	783.99
12.19	164.81	392.00	523.25	783.99
12.20	164.81	392.00	523.25	783.99
12.21	164.81	392.00	523.25	783.99
12.22	164.81	392.00	523.25	783.99
12.23	164.81	392.00	523.25	783.99
12.24	164.81	392.00	523.25	783.99
12.25	164.81	392.00	523.25	783.99
12.26	164.81	392.00	783.99
12.27	164.81	392.00	440.00	783.99
12.28	164.81	392.00	440.00	783.99
12.29	164.81	392.00	440.00	783.99
12.30	164.81	392.00	440.00	783.99
12.31	164.81	440.00	783.99
12.32	164.81	440.00	783.99
12.33	164.81	440.00	783.99
12.34	164.81	440.00	783.99
12.35	164.81	440.00	783.99
12.36	164.81	440.00	783.99
12.37	164.81	440.00	783.99
12.38	164.81	440.00	783.99
12.39	164.81	440.00	783.99
12.40	164.81	440.00	493.88
12.41	164.81	440.00	493.88
12.42	164.81	440.00	493.88
12.43	164.81	440.00	493.88
12.44	164.81	440.00	493.88
12.45	164.81	440.00	493.88
12.46	164.81	440.00	493.88
12.47	164.81	440.00	493.88
12.48	164.81	440.00	493.88
12.49	164.81	440.00	493.88
12.50	164.81	440.00	493.88
12.51	164.81	440.00	493.88
12.52	164.81	493.88	523.25
12.53	164.81	493.88	523.25
12.54	164.81	493.88	523.25	1046.50
12.55	164.81	493.88	523.25	1046.50
12.56	493.88	523.25	1046.50
12.57	493.88	523.25	1046.50
12.58	493.88	523.25	1046.50
12.59	493.88	523.25	1046.50
12.60	493.88	523.25	1046.50
12.61	493.88	523.25
12.62	493.88	523.25
12.63	493.88	523.25
12.64	493.88	523.25	587.33
12.65	493.88	523.25	587.33
12.66	523.25	587.33	1174.66
12.67	523.25	587.33	1174.66
12.68	523.25	587.33	1174.66
12.69	523.25	587.33	1174.66
12.70	523.25	587.33	1174.66
12.71	523.25	587.33	1174.66
12.72	523.25	587.33	1174.66
12.73	523.25	587.33
12.74	523.25	587.33
12.75	523.25	587.33
12.76	523.25	587.33
12.77	587.33
12.78	587.33	659.26
12.79	587.33	659.26
12.80	587.33	659.26
12.81	587.33	659.26
12.82	587.33	659.26
12.83	587.33	659.26
12.84	587.33	659.26
12.85	587.33	659.26
12.86	587.33	659.26
12.87	587.33	659.26
12.88	587.33	659.26
12.89	587.33	659.26	698.46
12.90	587.33	659.26	698.46
12.91	659.26	698.46
12.92	659.26	698.46
12.93	659.26	698.46
12.94	659.26	698.46
12.95	659.26	698.46
12.96	659.26	698.46
12.97	659.26	698.46
12.98	659.26	698.46
12.99	659.26	698.46
13.00	659.26	698.46
13.01	659.26	698.46
13.02	659.26	698.46
13.03	659.26	698.46	783.99
13.04	659.26	698.46	783.99
13.05	698.46	783.99
13.06	698.46	783.99
13.07	698.46	783.99
13.08	698.46	783.99
13.09	698.46	783.99
13.10	698.46	783.99
13.11	698.46	783.99
13.12	698.46	783.99
13.13	698.46	783.99
13.14	698.46	783.99
13.15	698.46	783.99
13.16	698.46	783.99
13.17	698.46
13.18	698.46
13.19	698.46
13.20	698.46
13.21	698.46
13.22	698.46
13.23	698.46
13.24	698.46
13.25	698.46
13.26	659.26	698.46
13.27	659.26	698.46
13.28	659.26	698.46
13.29	659.26	698.46
13.30	659.26	698.46
13.31	659.26	698.46
13.32	659.26	698.46
13.33	659.26	698.46
13.34	659.26	698.46
13.35	659.26	698.46
13.36	659.26	698.46
13.37	659.26	698.46
13.38	659.26	698.46
13.39	659.26	698.46
13.40	587.33	659.26	698.46
13.41	587.33	659.26	698.46
13.42	587.33	659.26
13.43	587.33	659.26	1174.66
13.44	587.33	659.26	1174.66
13.45	587.33	659.26	1174.66
13.46	587.33	659.26	1174.66
13.47	587.33	659.26	1174.66
13.48	587.33	659.26	1174.66
13.49	587.33	659.26	1174.66
13.50	587.33	659.26	1174.66
13.51	587.33	659.26	1174.66
13.52	164.81	523.25	587.33	659.26
13.53	164.81	523.25	587.33	659.26
13.54	164.81	523.25	587.33	659.26	1046.50
13.55	164.81	523.25	587.33	659.26	1046.50
13.56	164.81	523.25	587.33	659.26	1046.50
13.57	164.81	523.25	587.33	659.26	1046.50
13.58	164.81	523.25	587.33	659.26	1046.50
13.59	164.81	523.25	587.33	659.26	1046.50
13.60	164.81	523.25	587.33	659.26	1046.50
13.61	164.81	523.25	587.33
13.62	164.81	523.25	587.33
13.63	164.81	523.25	587.33
13.64	164.81	523.25	587.33
13.65	164.81	523.25	587.33
13.66	164.81	493.88	523.25
13.67	164.81	493.88	523.25
13.68	164.81	493.88	523.25
13.69	164.81	493.88	523.25
13.70	164.81	493.88	523.25
13.71	164.81	493.88	523.25
13.72	164.81	493.88	523.25
13.73	164.81	493.88	523.25
13.74	164.81	493.88	523.25
13.75	164.81	493.88	523.25
13.76	164.81	493.88	523.25
13.77	164.81	440.00	493.88	523.25
13.78	164.81	440.00	493.88	523.25
13.79	164.81	440.00	493.88
13.80	164.81	440.00	493.88
13.81	164.81	440.00	493.88
13.82	164.81	440.00	493.88
13.83	164.81	440.00	493.88
13.84	164.81	440.00
13.85	164.81	440.00
13.86	164.81	440.00
13.87	164.81	440.00
13.88	164.81	440.00
13.89	164.81	440.00
13.90	164.81	440.00
13.91	164.81	392.00	440.00	783.99
13.92	164.81	392.00	440.00	783.99
13.93	164.81	392.00	440.00	783.99
13.94	164.81	392.00	440.00	783.99
13.95	164.81	392.00	440.00	783.99
13.96	164.81	392.00	440.00	783.99
13.97	164.81	392.00	440.00	783.99
13.98	164.81	392.00	440.00	783.99
13.99	164.81	392.00	440.00	783.99
14.00	164.81	392.00	440.00	783.99
14.01	164.81	392.00	440.00	783.99
14.02	164.81	392.00	440.00	783.99
14.03	164.81	349.23	392.00	523.25	783.99
14.04	164.81	349.23	392.00	523.25	783.99
14.05	146.83	349.23	392.00	523.25	783.99
14.06	146.83	349.23	392.00	523.25	783.99
14.07	146.83	349.23	523.25
14.08	146.83	349.23	523.25
14.09	146.83	349.23	523.25
14.10	146.83	349.23	523.25
14.11	146.83	349.23	523.25
14.12	146.83	261.63	349.23	523.25
14.13	146.83	261.63	349.23	523.25
14.14	146.83	261.63	349.23
14.15	146.83	261.63	349.23
14.16	146.83	261.63	349.23
14.17	146.83	261.63	349.23
14.18	146.83	261.63	349.23
14.19	146.83	349.23
14.20	146.83	349.23
14.21	146.83	349.23
14.22	146.83	349.23
14.23	146.83	349.23
14.24	146.83	349.23
14.25	146.83	349.23
14.26	146.83	349.23
14.27	146.83	349.23
14.28	146.83	349.23
14.29	146.83	349.23	392.00	783.99
14.30	146.83	349.23	392.00	783.99
14.31	349.23	392.00	783.99
14.32	349.23	392.00	783.99
14.33	349.23	392.00	783.99
14.34	349.23	392.00	783.99
14.35	349.23	392.00	783.99
14.36	349.23	392.00	783.99
14.37	349.23	392.00	783.99
14.38	349.23	392.00	783.99
14.39	349.23	392.00	783.99
14.40	392.00	440.00	783.99
14.41	392.00	440.00	783.99
14.42	392.00	440.00	783.99
14.43	392.00	440.00	783.99
14.44	392.00	440.00	783.99
14.45	392.00	440.00	783.99
14.46	392.00	440.00	783.99
14.47	392.00	440.00	783.99
14.48	392.00	440.00	783.99
14.49	392.00	440.00
14.50	392.00	440.00
14.51	440.00
14.52	440.00	493.88
14.53	440.00	493.88
14.54	440.00	493.88
14.55	440.00	493.88
14.56	440.00	493.88
14.57	440.00	493.88
14.58	440.00	493.88
14.59	440.00	493.88
14.60	440.00	493.88
14.61	440.00	493.88
14.62	440.00	493.88
14.63	440.00	493.88
14.64	440.00	493.88
14.65	493.88
14.66	493.88	523.25	1046.50
14.67	493.88	523.25	1046.50
14.68	493.88	523.25	1046.50
14.69	493.88	523.25	1046.50
14.70	493.88	523.25	1046.50
14.71	493.88	523.25	1046.50
14.72	493.88	523.25
14.73	493.88	523.25
14.74	493.88	523.25
14.75	493.88	523.25
14.76	493.88	523.25
14.77	523.25	587.33
14.78	523.25	587.33
14.79	523.25	587.33
14.80	523.25	587.33
14.81	523.25	587.33
14.82	523.25	587.33
14.83	523.25	587.33
14.84	523.25	587.33
14.85	523.25	587.33
14.86	523.25	587.33
14.87	523.25	587.33
14.88	523.25	587.33
14.89	523.25	587.33	659.26
14.90	523.25	587.33	659.26
14.91	587.33	659.26
14.92	587.33	659.26
14.93	587.33	659.26
14.94	587.33	659.26
14.95	587.33	659.26
14.96	587.33	659.26
14.97	587.33	659.26
14.98	587.33	659.26
14.99	587.33	659.26
15.00	587.33	659.26
15.01	587.33	659.26
15.02	587.33	659.26
15.03	659.26	698.46
15.04	659.26	698.46
15.05	659.26	698.46
15.06	659.26	698.46
15.07	659.26	698.46
15.08	659.26	698.46
15.09	659.26	698.46
15.10	659.26	698.46
15.11	659.26	698.46
15.12	659.26	698.46
15.13	659.26	698.46
15.14	659.26	698.46
15.15	659.26	698.46
15.16	659.26	698.46
15.17	659.26	698.46
15.18	659.26	698.46
15.19	659.26	698.46
15.20	659.26	698.46
15.21	659.26	698.46
15.22	659.26	698.46
15.23	659.26	698.46
15.24	659.26	698.46
15.25	659.26	698.46
15.26	587.33	659.26	698.46
15.27	587.33	659.26	698.46
15.28	587.33	659.26	698.46	1174.66
15.29	587.33	659.26	698.46	1174.66
15.30	587.33	659.26	1174.66
15.31	587.33	659.26	1174.66
15.32	587.33	659.26	1174.66
15.33	587.33	659.26	1174.66
15.34	587.33	659.26	1174.66
15.35	587.33	659.26	1174.66
15.36	587.33	659.26	1174.66
15.37	587.33	659.26
15.38	587.33	659.26
15.39	587.33	659.26
15.40	523.25	587.33	659.26
15.41	523.25	587.33	659.26
15.42	523.25	587.33	659.26
15.43	523.25	587.33	659.26
15.44	523.25	587.33
15.45	523.25	587.33
15.46	523.25	587.33
15.47	523.25	587.33
15.48	523.25	587.33
15.49	523.25	587.33
15.50	523.25	587.33
15.51	523.25	587.33
15.52	146.83	246.94	523.25	587.33
15.53	146.83	246.94	523.25	587.33
15.54	146.83	246.94	493.88	523.25
15.55	146.83	246.94	493.88	523.25
15.56	146.83	246.94	493.88	523.25
15.57	146.83	246.94	493.88	523.25
15.58	146.83	246.94	493.88	523.25
15.59	146.83	246.94	493.88	523.25
15.60	146.83	246.94	493.88	523.25
15.61	146.83	246.94	493.88	523.25
15.62	146.83	246.94	493.88	523.25
15.63	146.83	246.94	440.00	493.88	523.25
15.64	146.83	246.94	440.00	493.88	523.25
15.65	146.83	246.94	440.00	493.88
15.66	146.83	246.94	440.00	493.88
15.67	146.83	246.94	440.00	493.88
15.68	146.83	246.94	440.00
15.69	146.83	246.94	440.00
15.70	146.83	246.94	440.00
15.71	146.83	246.94	440.00
15.72	146.83	246.94	440.00
15.73	146.83	246.94	440.00
15.74	146.83	246.94	440.00
15.75	146.83	246.94	440.00
15.76	146.83	246.94	440.00
15.77	246.94	392.00	440.00
15.78	246.94	392.00	440.00
15.79	246.94	392.00	440.00
15.80	246.94	392.00	440.00
15.81	246.94	392.00	440.00
15.82	246.94	392.00	440.00
15.83	246.94	392.00	440.00
15.84	246.94	392.00	440.00
15.85	246.94	392.00	440.00
15.86	246.94	392.00	440.00	783.99
15.87	246.94	392.00	440.00	783.99
15.88	246.94	392.00	783.99
15.89	246.94	349.23	392.00	783.99
15.90	246.94	349.23	392.00	783.99
15.91	246.94	349.23	392.00	783.99
15.92	246.94	349.23	392.00	783.99
15.93	246.94	349.23	392.00	783.99
15.94	246.94	349.23	392.00	783.99
15.95	246.94	349.23	392.00	783.99
15.96	246.94	349.23	392.00	783.99
15.97	246.94	349.23	392.00	783.99
15.98	246.94	349.23	392.00
15.99	246.94	349.23	392.00
16.00	246.94	349.23
16.01	246.94	349.23
16.02	246.94	349.23
16.03	130.81	246.94	329.63	349.23
16.04	130.81	246.94	329.63	349.23
16.05	130.81	246.94	329.63	349.23	523.25
16.06	130.81	246.94	329.63	349.23	523.25
16.07	130.81	329.63	349.23	523.25
16.08	130.81	329.63	349.23	523.25
16.09	130.81	329.63	349.23	523.25
16.10	130.81	329.63	349.23	523.25
16.11	130.81	329.63	349.23	523.25
16.12	130.81	329.63	349.23
16.13	130.81	329.63	349.23
16.14	130.81	261.63	329.63	349.23
16.15	130.81	261.63	329.63	349.23
16.16	130.81	261.63	329.63	349.23
16.17	130.81	261.63	329.63	349.23
16.18	130.81	261.63	329.63	349.23
16.19	130.81	261.63	329.63
16.20	130.81	261.63	329.63
16.21	130.81	261.63	329.63
16.22	130.81	261.63	329.63
16.23	130.81	261.63	329.63
16.24	130.81	261.63	329.63
16.25	130.81	261.63	329.63
16.26	130.81	261.63	329.63
16.27	130.81	261.63	329.63
16.28	261.63	329.63	349.23
16.29	261.63	329.63	349.23
16.30	261.63	329.63	349.23
16.31	261.63	329.63	349.23
16.32	261.63	329.63	349.23
16.33	261.63	329.63	349.23
16.34	261.63	329.63	349.23
16.35	261.63	329.63	349.23
16.36	261.63	329.63	349.23
16.37	261.63	329.63	349.23
16.38	261.63	329.63	349.23
16.39	261.63	329.63	349.23
16.40	261.63	349.23	392.00
16.41	261.63	349.23	392.00
16.42	349.23	392.00	783.99
16.43	349.23	392.00	783.99
16.44	130.81	349.23	392.00	783.99
16.45	130.81	349.23	392.00	783.99
16.46	130.81	349.23	392.00	783.99
16.47	130.81	349.23	392.00	783.99
16.48	130.81	349.23	392.00	783.99
16.49	130.81	349.23	392.00	783.99
16.50	130.81	349.23	392.00	783.99
16.51	130.81	349.23	392.00	440.00	783.99
16.52	130.81	349.23	392.00	440.00	783.99
16.53	349.23	392.00	440.00
16.54	349.23	392.00	440.00
16.55	349.23	392.00	440.00
16.56	392.00	440.00
16.57	392.00	440.00
16.58	440.00
16.59	440.00
16.60	440.00
16.61	440.00
16.62	440.00
16.63	440.00	493.88
16.64	440.00	493.88
16.65	440.00	493.88
16.66	440.00	493.88
16.67	440.00	493.88
16.68	440.00	493.88
16.69	440.00	493.88
16.70	440.00	493.88
16.71	440.00	493.88
16.72	440.00	493.88
16.73	440.00	493.88
16.74	440.00	493.88
16.75	440.00	493.88
16.76	440.00	493.88
16.77	440.00	493.88	523.25
16.78	440.00	493.88	523.25
16.79	493.88	523.25	1046.50
16.80	493.88	523.25	1046.50
16.81	493.88	523.25	1046.50
16.82	493.88	523.25	1046.50
16.83	493.88	523.25	1046.50
16.84	493.88	523.25	1046.50
16.85	493.88	523.25	1046.50
16.86	493.88	523.25	1046.50
16.87	493.88	523.25	1046.50
16.88	493.88	523.25
16.89	493.88	523.25	587.33
16.90	493.88	523.25	587.33
16.91	523.25	587.33
16.92	523.25	587.33
16.93	523.25	587.33
16.94	523.25	587.33
16.95	523.25	587.33
16.96	523.25	587.33
16.97	523.25	587.33
16.98	523.25	587.33
16.99	523.25	587.33
17.00	523.25	587.33
17.01	523.25	587.33
17.02	523.25	587.33
17.03	523.25	587.33	659.26
17.04	523.25	587.33	659.26
17.05	587.33	659.26
17.06	587.33	659.26
17.07	587.33	659.26
17.08	587.33	659.26
17.09	587.33	659.26
17.10	587.33	659.26
17.11	587.33	659.26
17.12	587.33	659.26
17.13	587.33	659.26
17.14	587.33	659.26
17.15	587.33	659.26
17.16	587.33	659.26	1174.66
17.17	587.33	659.26	1174.66
17.18	587.33	659.26	1174.66
17.19	587.33	659.26	1174.66
17.20	587.33	659.26	1174.66
17.21	587.33	659.26	1174.66
17.22	587.33	659.26	1174.66
17.23	587.33	659.26
17.24	587.33	659.26
17.25	587.33	659.26
17.26	523.25	587.33	659.26
17.27	523.25	587.33	659.26
17.28	523.25	587.33	659.26
17.29	523.25	587.33	659.26
17.30	523.25	587.33
17.31	523.25	587.33
17.32	523.25	587.33
17.33	523.25	587.33
17.34	523.25	587.33
17.35	523.25	587.33
17.36	523.25	587.33
17.37	523.25	587.33
17.38	523.25	587.33
17.39	523.25	587.33
17.40	493.88	523.25	587.33
17.41	493.88	523.25	587.33
17.42	493.88	523.25
17.43	493.88	523.25
17.44	493.88	523.25
17.45	493.88	523.25
17.46	493.88	523.25
17.47	493.88	523.25
17.48	493.88	523.25
17.49	493.88	523.25
17.50	493.88	523.25
17.51	440.00	493.88	523.25
17.52	440.00	493.88	523.25
17.53	440.00	493.88
17.54	164.81	440.00	493.88
17.55	164.81	440.00	493.88
17.56	130.81	164.81	440.00	493.88
17.57	130.81	164.81	440.00	493.88
17.58	130.81	164.81	440.00	493.88
17.59	130.81	164.81	440.00	493.88
17.60	130.81	164.81	440.00	493.88
17.61	130.81	164.81	440.00	493.88
17.62	130.81	164.81	440.00	493.88
17.63	130.81	164.81	440.00	493.88
17.64	130.81	164.81	440.00	493.88
17.65	130.81	164.81	440.00	493.88	783.99
17.66	130.81	164.81	440.00	493.88	783.99
17.67	164.81	440.00	783.99
17.68	164.81	392.00	440.00	783.99
17.69	164.81	392.00	440.00	783.99
17.70	164.81	392.00	440.00	783.99
17.71	164.81	392.00	440.00	783.99
17.72	130.81	164.81	392.00	440.00	783.99
17.73	130.81	164.81	392.00	440.00	783.99
17.74	130.81	164.81	392.00	440.00	783.99
17.75	130.81	164.81	392.00	440.00	783.99
17.76	130.81	164.81	392.00	440.00	783.99
17.77	130.81	164.81	349.23	392.00	440.00	783.99
17.78	130.81	164.81	349.23	392.00	440.00	783.99
17.79	164.81	349.23	392.00	783.99
17.80	164.81	349.23	392.00	783.99
17.81	164.81	349.23	392.00
17.82	164.81	349.23	392.00
17.83	164.81	349.23	392.00
17.84	164.81	349.23	392.00
17.85	164.81	349.23	392.00
17.86	164.81	349.23	392.00
17.87	164.81	349.23	392.00
17.88	164.81	349.23	392.00
17.89	164.81	349.23	392.00
17.90	164.81	349.23
17.91	164.81	329.63	349.23
17.92	164.81	329.63	349.23
17.93	164.81	329.63	349.23
17.94	164.81	329.63	349.23
17.95	164.81	329.63	349.23
17.96	164.81	329.63	349.23
17.97	164.81	329.63	349.23
17.98	164.81	329.63	349.23
17.99	164.81	329.63	349.23
18.00	164.81	329.63	349.23
18.01	164.81	329.63	349.23
18.02	164.81	293.66	329.63	349.23
18.03	164.81	293.66	329.63	349.23
18.04	164.81	293.66	329.63
18.05	164.81	174.61	220.00	293.66	329.63	2349.32
18.06	164.81	174.61	220.00	293.66	329.63	2349.32
18.07	164.81	174.61	220.00	293.66	329.63	2349.32
18.08	164.81	174.61	220.00	293.66	329.63	2349.32
18.09	174.61	220.00	293.66	329.63	2349.32
18.10	174.61	220.00	293.66	329.63	2349.32
18.11	174.61	220.00	293.66	329.63
18.12	174.61	220.00	293.66	329.63
18.13	174.61	220.00	293.66	329.63
18.14	174.61	220.00	293.66	329.63
18.15	174.61	220.00	293.66	329.63
18.16	174.61	220.00	293.66
18.17	174.61	220.00	293.66
18.18	174.61	220.00	293.66
18.19	174.61	220.00	293.66
18.20	174.61	220.00	293.66
18.21	174.61	220.00	293.66
18.22	174.61	220.00	293.66
18.23	174.61	220.00	293.66
18.24	174.61	220.00	293.66
18.25	174.61	220.00	293.66
18.26	174.61	220.00	293.66
18.27	174.61	220.00	293.66
18.28	174.61	220.00	293.66	329.63
18.29	174.61	220.00	293.66	329.63
18.30	174.61	220.00	293.66	329.63
18.31	174.61	220.00	293.66	329.63
18.32	174.61	220.00	293.66	329.63
18.33	174.61	220.00	293.66	329.63
18.34	174.61	220.00	293.66	329.63
18.35	174.61	220.00	293.66	329.63
18.36	174.61	220.00	293.66	329.63
18.37	174.61	220.00	293.66	329.63
18.38	174.61	220.00	293.66	329.63
18.39	174.61	220.00	293.66	329.63
18.40	174.61	220.00	293.66	329.63
18.41	174.61	220.00	293.66	329.63
18.42	174.61	220.00	329.63	349.23
18.43	174.61	220.00	329.63	349.23
18.44	174.61	220.00	329.63	349.23
18.45	174.61	220.00	329.63	349.23
18.46	174.61	220.00	329.63	349.23
18.47	174.61	220.00	329.63	349.23
18.48	220.00	329.63	349.23
18.49	220.00	329.63	349.23
18.50	220.00	329.63	349.23
18.51	220.00	329.63	349.23
18.52	220.00	329.63	349.23
18.53	220.00	349.23	392.00
18.54	220.00	349.23	392.00
18.55	220.00	349.23	392.00
18.56	220.00	349.23	392.00	783.99
18.57	220.00	349.23	392.00	783.99
18.58	220.00	349.23	392.00	783.99
18.59	220.00	349.23	392.00	783.99
18.60	220.00	349.23	392.00	783.99
18.61	220.00	349.23	392.00	783.99
18.62	220.00	349.23	392.00	783.99
18.63	220.00	349.23	392.00	783.99
18.64	220.00	349.23	392.00	783.99
18.65	349.23	392.00	440.00
18.66	349.23	392.00	440.00
18.67	392.00	440.00
18.68	392.00	440.00
18.69	392.00	440.00
18.70	392.00	440.00
18.71	392.00	440.00
18.72	392.00	440.00
18.73	392.00	440.00
18.74	440.00
18.75	440.00
18.76	440.00
18.77	440.00	493.88
18.78	440.00	493.88
18.79	440.00	493.88
18.80	440.00	493.88
18.81	440.00	493.88
18.82	440.00	493.88
18.83	440.00	493.88
18.84	440.00	493.88
18.85	440.00	493.88
18.86	440.00	493.88
18.87	440.00	493.88
18.88	440.00	493.88	554.37
18.89	440.00	493.88	554.37
18.90	493.88	554.37
18.91	493.88	554.37
18.92	493.88	554.37
18.93	493.88	554.37
18.94	493.88	554.37
18.95	493.88	554.37
18.96	493.88	554.37
18.97	493.88	554.37
18.98	493.88	554.37
18.99	493.88	554.37
19.00	493.88	554.37
19.01	493.88	554.37
19.02	493.88	554.37	587.33
19.03	493.88	554.37	587.33
19.04	554.37	587.33
19.05	554.37	587.33
19.06	554.37	587.33
19.07	554.37	587.33
19.08	554.37	587.33
19.09	554.37	587.33
19.10	554.37	587.33
19.11	554.37	587.33
19.12	554.37	587.33
19.13	554.37	587.33
19.14	440.00	554.37	587.33
19.15	440.00	554.37	587.33
19.16	440.00	587.33
19.17	440.00	587.33
19.18	440.00	587.33
19.19	440.00	587.33
19.20	440.00	587.33
19.21	440.00	587.33
19.22	440.00	587.33
19.23	440.00	587.33
19.24	440.00	587.33
19.25	440.00	493.88	587.33
19.26	440.00	493.88	587.33
19.27	440.00	493.88
19.28	440.00	493.88
19.29	440.00	493.88
19.30	440.00	493.88
19.31	440.00	493.88
19.32	440.00	493.88
19.33	440.00	493.88
19.34	440.00	493.88
19.35	440.00	493.88
19.36	440.00	493.88
19.37	440.00	493.88
19.38	440.00	493.88
19.39	440.00	493.88	554.37
19.40	440.00	493.88	554.37
19.41	493.88	554.37
19.42	493.88	554.37	1108.73
19.43	493.88	554.37	1108.73
19.44	493.88	554.37	1108.73
19.45	493.88	554.37	1108.73
19.46	493.88	554.37	1108.73
19.47	493.88	554.37	1108.73
19.48	493.88	554.37	1108.73
19.49	493.88	554.37	1108.73
19.50	493.88	554.37	1108.73
19.51	493.88	554.37	587.33
19.52	493.88	554.37	587.33
19.53	554.37	587.33
19.54	554.37	587.33
19.55	554.37	587.33
19.56	554.37	587.33
19.57	554.37	587.33
19.58	554.37	587.33
19.59	554.37	587.33
19.60	554.37	587.33
19.61	554.37	587.33
19.62	554.37	587.33
19.63	554.37	587.33
19.64	554.37	587.33
19.65	587.33	659.26
19.66	587.33	659.26
19.67	587.33	659.26
19.68	587.33	659.26
19.69	587.33	659.26
19.70	587.33	659.26
19.71	587.33	659.26
19.72	587.33	659.26
19.73	587.33	659.26
19.74	587.33	659.26
19.75	587.33	659.26
19.76	587.33	659.26
19.77	587.33	659.26	698.46
19.78	587.33	659.26	698.46
19.79	659.26	698.46
19.80	659.26	698.46
19.81	659.26	698.46
19.82	659.26	698.46
19.83	659.26	698.46
19.84	659.26	698.46
19.85	659.26	698.46
19.86	659.26	698.46
19.87	659.26	698.46
19.88	659.26	698.46
19.89	659.26	698.46
19.90	659.26	698.46	783.99
19.91	659.26	698.46	783.99
19.92	698.46	783.99
19.93	698.46	783.99
19.94	698.46	783.99
19.95	698.46	783.99
19.96	698.46	783.99
19.97	698.46	783.99
19.98	698.46	783.99
19.99	698.46	783.99
20.00	174.61	698.46	783.99
20.01	174.61	698.46	783.99
20.02	174.61	698.46	783.99	880.00
20.03	174.61	698.46	783.99	880.00
20.04	174.61	698.46	783.99	880.00
20.05	174.61	698.46	783.99	880.00
20.06	174.61	698.46	783.99	880.00
20.07	174.61	698.46	783.99	880.00
20.08	174.61	698.46	783.99	880.00
20.09	174.61	698.46	880.00
20.10	174.61	698.46	880.00
20.11	174.61	698.46
20.12	174.61	698.46
20.13	174.61	698.46
20.14	174.61	698.46	987.77
20.15	174.61	698.46	987.77
20.16	174.61	987.77
20.17	174.61	987.77
20.18	174.61	987.77
20.19	174.61	987.77
20.20	174.61	987.77
20.21	174.61	987.77
20.22	174.61	987.77
20.23	174.61	987.77
20.24	174.61	987.77
20.25	174.61	987.77
20.26	174.61	987.77
20.27	174.61	987.77
20.28	174.61	987.77	1046.50
20.29	174.61	987.77	1046.50
20.30	174.61	987.77	1046.50
20.31	174.61	987.77	1046.50
20.32	174.61	987.77	1046.50
20.33	174.61	987.77	1046.50
20.34	174.61	987.77	1046.50
20.35	174.61	987.77	1046.50
20.36	174.61	987.77	1046.50
20.37	174.61	987.77	1046.50
20.38	174.61	987.77	1046.50
20.39	174.61	987.77	1046.50
20.40	174.61	987.77	1046.50
20.41	174.61	987.77	1046.50
20.42	174.61	987.77	1046.50
20.43	174.61	987.77	1046.50
20.44	174.61	987.77	1046.50
20.45	174.61	987.77	1046.50
20.46	174.61	987.77	1046.50
20.47	174.61	987.77	1046.50
20.48	174.61	987.77	1046.50
20.49	174.61	987.77	1046.50
20.50	174.61	987.77	1046.50
20.51	174.61	987.77	1046.50
20.52	174.61	987.77	1046.50
20.53	174.61	880.00	987.77
20.54	174.61	880.00	987.77
20.55	174.61	880.00	987.77
20.56	174.61	880.00	987.77
20.57	174.61	880.00	987.77
20.58	174.61	880.00	987.77
20.59	174.61	880.00	987.77
20.60	174.61	880.00	987.77
20.61	174.61	880.00	987.77
20.62	174.61	880.00	987.77
20.63	174.61	880.00	987.77
20.64	174.61	880.00	987.77
20.65	174.61	739.99	783.99	880.00	987.77
20.66	174.61	739.99	783.99	880.00	987.77
20.67	174.61	739.99	783.99	880.00	987.77
20.68	174.61	739.99	783.99	880.00	987.77
20.69	174.61	739.99	783.99
20.70	174.61	739.99	783.99
20.71	174.61	783.99
20.72	174.61	783.99
20.73	174.61	783.99
20.74	174.61	783.99
20.75	174.61	783.99
20.76	174.61	196.00	698.46	783.99
20.77	174.61	196.00	698.46	783.99
20.78	174.61	196.00	698.46
20.79	174.61	196.00	698.46
20.80	174.61	196.00	698.46
20.81	196.00	698.46
20.82	196.00	698.46
20.83	196.00	698.46
20.84	196.00	698.46
20.85	196.00	698.46
20.86	196.00	698.46
20.87	196.00	698.46
20.88	196.00	698.46
20.89	196.00	698.46
20.90	196.00	659.26	698.46
20.91	196.00	659.26	698.46
20.92	196.00	659.26	698.46
20.93	196.00	659.26	698.46
20.94	196.00	659.26	698.46
20.95	196.00	659.26	698.46
20.96	196.00	659.26	698.46
20.97	196.00	659.26	698.46
20.98	196.00	659.26	698.46
20.99	196.00	659.26	698.46
21.00	196.00	659.26	698.46
21.01	196.00	659.26	698.46
21.02	196.00	220.00	659.26	698.46
21.03	196.00	220.00	659.26	698.46
21.04	196.00	220.00	659.26	698.46
21.05	196.00	220.00	659.26	698.46
21.06	196.00	220.00	659.26	698.46
21.07	196.00	220.00	659.26	698.46
21.08	196.00	220.00	659.26	698.46
21.09	196.00	220.00	698.46
21.10	196.00	220.00	698.46
21.11	196.00	220.00	698.46
21.12	196.00	220.00	698.46
21.13	196.00	220.00	698.46
21.14	196.00	220.00	698.46
21.15	196.00	220.00	698.46
21.16	220.00	698.46	783.99
21.17	220.00	698.46	783.99
21.18	220.00	698.46	783.99
21.19	220.00	698.46	783.99
21.20	220.00	698.46	783.99
21.21	220.00	698.46	783.99
21.22	220.00	698.46	783.99
21.23	220.00	698.46	783.99
21.24	220.00	698.46	783.99
21.25	220.00	698.46	783.99
21.26	220.00	698.46	783.99
21.27	220.00	698.46	880.00
21.28	220.00	698.46	880.00
21.29	220.00	698.46	880.00
21.30	220.00	698.46	880.00
21.31	220.00	698.46	880.00
21.32	220.00	880.00
21.33	220.00	880.00
21.34	220.00	880.00
21.35	220.00	880.00
21.36	220.00
21.37	220.00
21.38	220.00
21.39	220.00	440.00	739.99	783.99	880.00
21.40	220.00	440.00	739.99	783.99	880.00
21.41	220.00	440.00	739.99	783.99	880.00
21.42	220.00	440.00	739.99	783.99	880.00
21.43	220.00	440.00	739.99	783.99	880.00
21.44	220.00	440.00	739.99	783.99	880.00
21.45	220.00	440.00	739.99	783.99	880.00
21.46	220.00	440.00	783.99
21.47	220.00	440.00	783.99
21.48	220.00	440.00	783.99
21.49	220.00	440.00	783.99
21.50	220.00	783.99
21.51	220.00	698.46	783.99
21.52	220.00	698.46	783.99
21.53	220.00	698.46
21.54	220.00	698.46
21.55	220.00	698.46
21.56	220.00	698.46
21.57	220.00	698.46
21.58	220.00	698.46
21.59	220.00	698.46
21.60	220.00	698.46
21.61	220.00	698.46
21.62	220.00	698.46
21.63	220.00	698.46
21.64	220.00	698.46
21.65	220.00	659.26	698.46
21.66	220.00	659.26	698.46
21.67	220.00	659.26	698.46
21.68	220.00	659.26	698.46
21.69	220.00	659.26	698.46
21.70	220.00	659.26	698.46
21.71	220.00	659.26	698.46
21.72	220.00	659.26	698.46
21.73	220.00	659.26	698.46
21.74	220.00	659.26	698.46
21.75	220.00	659.26	698.46
21.76	185.00	220.00	587.33	659.26	698.46
21.77	185.00	220.00	587.33	659.26	698.46
21.78	185.00	220.00	587.33	659.26
21.79	185.00	220.00	587.33	659.26	1174.66
21.80	185.00	220.00	587.33	659.26	1174.66
21.81	185.00	220.00	587.33	659.26	1174.66
21.82	185.00	220.00	587.33	659.26	1174.66
21.83	185.00	220.00	587.33	659.26	1174.66
21.84	185.00	220.00	587.33	659.26	1174.66
21.85	185.00	587.33	659.26	1174.66
21.86	185.00	587.33	659.26	1174.66
21.87	185.00	587.33	659.26	1174.66
21.88	185.00	523.25	587.33	659.26
21.89	185.00	523.25	587.33	659.26
21.90	185.00	523.25	587.33	659.26
21.91	185.00	523.25	587.33	659.26
21.92	185.00	523.25	587.33	1046.50
21.93	185.00	523.25	587.33	1046.50
21.94	185.00	523.25	587.33	1046.50
21.95	185.00	523.25	587.33	1046.50
21.96	185.00	523.25	587.33	1046.50
21.97	185.00	523.25	587.33	1046.50
21.98	185.00	523.25	587.33	1046.50
21.99	185.00	523.25	587.33	1046.50
22.00	185.00	523.25	587.33	1046.50
22.01	185.00	523.25	587.33	1046.50
22.02	98.00	185.00	493.88	523.25	587.33	1046.50
22.03	98.00	185.00	493.88	523.25	587.33	1046.50
22.04	98.00	185.00	293.66	493.88	523.25
22.05	98.00	185.00	293.66	493.88	523.25
22.06	98.00	185.00	293.66	493.88	523.25
22.07	98.00	185.00	293.66	493.88	523.25
22.08	98.00	185.00	293.66	493.88	523.25
22.09	98.00	185.00	293.66	493.88	523.25
22.10	98.00	185.00	293.66	493.88	523.25
22.11	98.00	185.00	293.66	493.88	523.25
22.12	98.00	185.00	293.66	493.88	523.25
22.13	98.00	123.47	185.00	293.66	493.88	523.25
22.14	98.00	123.47	185.00	293.66	493.88	523.25
22.15	98.00	123.47	185.00	293.66	493.88	523.25
22.16	98.00	123.47	185.00	293.66	493.88	523.25
22.17	98.00	123.47	185.00	293.66	493.88	523.25
22.18	98.00	123.47	185.00	493.88	523.25
22.19	98.00	123.47	185.00	493.88	523.25
22.20	98.00	123.47	185.00	493.88	523.25
22.21	98.00	123.47	185.00	493.88	523.25
22.22	98.00	123.47	185.00	493.88	523.25
22.23	98.00	123.47	185.00	493.88	523.25
22.24	98.00	123.47	185.00	493.88	523.25
22.25	98.00	123.47	185.00	246.94	493.88	523.25
22.26	98.00	123.47	185.00	246.94	493.88	523.25
22.27	98.00	123.47	146.83	185.00	246.94	523.25	783.99
22.28	98.00	123.47	146.83	185.00	246.94	523.25	783.99
22.29	98.00	123.47	146.83	185.00	246.94	783.99
22.30	98.00	123.47	146.83	185.00	246.94	783.99
22.31	98.00	123.47	146.83	185.00	246.94	783.99
22.32	98.00	123.47	146.83	185.00	246.94	783.99
22.33	98.00	123.47	146.83	185.00	246.94	783.99
22.34	98.00	123.47	146.83	185.00	246.94	440.00	783.99
22.35	98.00	123.47	146.83	185.00	246.94	440.00	783.99
22.36	98.00	123.47	146.83	185.00	440.00	783.99
22.37	98.00	123.47	146.83	185.00	440.00	783.99
22.38	98.00	123.47	146.83	185.00	440.00	783.99
22.39	98.00	123.47	146.83	185.00	440.00	783.99
22.40	98.00	123.47	146.83	185.00	440.00	783.99
22.41	98.00	123.47	146.83	185.00	440.00	783.99
22.42	98.00	123.47	146.83	185.00	440.00	783.99
22.43	98.00	123.47	185.00	440.00	783.99
22.44	49.00	98.00	123.47	185.00	440.00	783.99
22.45	49.00	98.00	123.47	185.00	440.00	783.99
22.46	49.00	98.00	123.47	196.00	440.00	783.99
22.47	49.00	98.00	123.47	196.00	440.00	783.99
22.48	49.00	98.00	123.47	196.00	440.00	783.99
22.49	49.00	98.00	123.47	196.00	440.00	783.99
22.50	49.00	98.00	123.47	196.00	440.00	783.99
22.51	49.00	98.00	123.47	196.00	440.00	783.99
22.52	49.00	98.00	123.47	196.00	440.00	783.99
22.53	49.00	98.00	123.47	196.00	440.00	659.26	783.99
22.54	49.00	98.00	123.47	196.00	440.00	659.26	783.99
22.55	98.00	123.47	440.00	659.26	783.99
22.56	98.00	123.47	440.00	659.26	783.99
22.57	98.00	123.47	659.26	783.99
22.58	98.00	123.47	659.26	783.99
22.59	98.00	123.47	659.26	783.99
22.60	98.00	123.47	659.26	783.99
22.61	98.00	123.47	659.26	783.99
22.62	98.00	123.47	659.26	783.99
22.63	98.00	123.47	659.26	783.99
22.64	98.00	123.47	659.26	783.99
22.65	98.00	123.47	659.26	783.99
22.66	98.00	123.47	659.26	783.99
22.67	98.00	123.47	130.81	293.66	659.26	783.99
22.68	98.00	123.47	130.81	293.66	659.26	783.99
22.69	98.00	123.47	130.81	293.66	659.26	783.99
22.70	98.00	123.47	130.81	293.66	659.26	783.99
22.71	98.00	130.81	293.66	659.26
22.72	98.00	130.81	293.66	659.26
22.73	98.00	130.81	293.66	659.26
22.74	98.00	130.81	293.66	659.26
22.75	98.00	130.81	293.66	659.26
22.76	98.00	130.81	293.66	523.25	659.26
22.77	98.00	130.81	293.66	523.25	659.26
22.78	82.41	98.00	130.81	523.25	659.26
22.79	82.41	98.00	130.81	523.25	659.26
22.80	82.41	98.00	130.81	523.25	659.26
22.81	82.41	98.00	130.81	293.66	523.25	659.26
22.82	82.41	98.00	130.81	293.66	523.25	659.26
22.83	82.41	98.00	130.81	293.66	329.63	523.25	659.26
22.84	82.41	98.00	130.81	293.66	329.63	523.25	659.26
22.85	82.41	98.00	130.81	293.66	329.63	523.25
22.86	82.41	98.00	130.81	293.66	329.63	523.25
22.87	82.41	98.00	130.81	293.66	329.63	523.25
22.88	82.41	98.00	130.81	164.81	293.66	329.63	523.25
22.89	82.41	98.00	130.81	164.81	293.66	329.63	523.25
22.90	98.00	130.81	164.81	523.25
22.91	98.00	130.81	164.81	523.25
22.92	98.00	130.81	164.81	523.25
22.93	98.00	130.81	164.81	523.25
22.94	98.00	130.81	164.81	523.25
22.95	98.00	130.81	164.81	523.25
22.96	98.00	130.81	164.81	523.25
22.97	98.00	130.81	164.81	523.25
22.98	98.00	130.81	164.81	523.25
22.99	98.00	130.81	164.81	523.25
23.00	98.00	130.81	164.81	523.25
23.01	98.00	130.81	164.81	523.25
23.02	98.00	130.81	164.81	523.25	587.33
23.03	98.00	130.81	164.81	523.25	587.33
23.04	98.00	130.81	164.81	293.66	523.25	587.33
23.05	98.00	130.81	164.81	293.66	523.25	587.33
23.06	98.00	130.81	164.81	293.66	523.25	587.33
23.07	98.00	130.81	164.81	293.66	523.25	587.33
23.08	98.00	130.81	164.81	293.66	523.25	587.33
23.09	98.00	130.81	164.81	293.66	523.25	587.33
23.10	98.00	130.81	164.81	293.66	523.25	587.33
23.11	98.00	130.81	164.81	293.66	523.25	587.33
23.12	98.00	130.81	164.81	293.66	523.25	587.33
23.13	98.00	123.47	130.81	164.81	293.66	523.25	587.33
23.14	98.00	123.47	130.81	164.81	293.66	523.25	587.33
23.15	98.00	123.47	164.81	293.66	587.33
23.16	98.00	123.47	164.81	293.66	587.33
23.17	98.00	123.47	164.81	293.66	587.33
23.18	98.00	123.47	164.81	293.66	587.33
23.19	98.00	123.47	164.81	293.66	587.33
23.20	98.00	123.47	164.81	293.66	587.33
23.21	98.00	123.47	164.81	293.66	587.33
23.22	98.00	123.47	164.81	293.66	587.33
23.23	98.00	123.47	164.81	293.66	587.33
23.24	98.00	123.47	293.66	587.33
23.25	98.00	123.47	293.66	587.33
23.26	98.00	123.47	293.66	587.33
23.27	98.00	123.47	146.83	293.66	783.99
23.28	98.00	123.47	146.83	293.66	783.99
23.29	98.00	123.47	146.83	293.66	783.99
23.30	98.00	123.47	146.83	293.66	783.99
23.31	98.00	123.47	146.83	783.99
23.32	98.00	123.47	146.83	783.99
23.33	98.00	123.47	146.83	783.99
23.34	98.00	123.47	146.83	440.00	587.33	783.99
23.35	98.00	123.47	146.83	440.00	587.33	783.99
23.36	49.00	98.00	123.47	146.83	440.00	587.33	783.99
23.37	49.00	98.00	123.47	146.83	440.00	587.33	783.99
23.38	49.00	123.47	146.83	440.00	587.33	783.99
23.39	49.00	123.47	146.83	196.00	440.00	587.33	783.99
23.40	49.00	123.47	146.83	196.00	440.00	587.33	783.99
23.41	49.00	123.47	146.83	196.00	440.00	783.99
23.42	49.00	123.47	146.83	196.00	440.00	783.99
23.43	49.00	123.47	146.83	196.00	440.00	783.99
23.44	49.00	123.47	146.83	196.00	440.00	783.99
23.45	49.00	123.47	146.83	196.00	440.00
23.46	49.00	98.00	123.47	146.83	196.00	440.00
23.47	49.00	98.00	123.47	146.83	196.00	440.00
23.48	49.00	98.00	123.47	146.83	196.00	440.00	783.99
23.49	49.00	98.00	123.47	146.83	196.00	440.00	783.99
23.50	49.00	98.00	123.47	146.83	196.00	440.00	783.99
23.51	49.00	98.00	123.47	146.83	196.00	440.00	783.99
23.52	49.00	98.00	123.47	146.83	196.00	783.99
23.53	49.00	98.00	123.47	146.83	196.00	659.26	783.99
23.54	49.00	98.00	123.47	146.83	196.00	659.26	783.99
23.55	49.00	98.00	123.47	146.83	659.26	783.99
23.56	49.00	98.00	123.47	146.83	659.26	783.99
23.57	49.00	98.00	123.47	146.83	293.66	659.26	783.99
23.58	49.00	98.00	123.47	146.83	293.66	659.26	783.99
23.59	98.00	123.47	146.83	293.66	659.26	783.99
23.60	98.00	123.47	146.83	293.66	659.26	783.99
23.61	98.00	123.47	146.83	293.66	659.26	783.99
23.62	98.00	123.47	293.66	659.26
23.63	98.00	123.47	293.66	659.26
23.64	98.00	123.47	130.81	293.66	659.26
23.65	98.00	123.47	130.81	293.66	659.26
23.66	98.00	123.47	130.81	293.66	659.26
23.67	98.00	123.47	130.81	293.66	659.26
23.68	98.00	123.47	130.81	293.66	659.26
23.69	98.00	123.47	130.81	293.66	659.26
23.70	98.00	123.47	130.81	293.66	659.26
23.71	98.00	130.81	293.66	659.26
23.72	98.00	130.81	293.66	659.26
23.73	98.00	130.81	293.66	659.26
23.74	98.00	130.81	293.66	659.26
23.75	98.00	130.81	293.66	659.26
23.76	98.00	130.81	164.81	293.66	523.25	659.26
23.77	98.00	130.81	164.81	293.66	523.25	659.26
23.78	98.00	130.81	164.81	523.25
23.79	98.00	130.81	164.81	523.25
23.80	98.00	130.81	164.81	523.25
23.81	98.00	130.81	164.81	523.25
23.82	98.00	130.81	164.81	523.25
23.83	98.00	130.81	164.81	392.00	523.25
23.84	98.00	130.81	164.81	392.00	523.25
23.85	98.00	130.81	164.81	392.00	523.25
23.86	98.00	130.81	164.81	392.00	523.25
23.87	98.00	130.81	164.81	392.00	523.25
23.88	98.00	130.81	164.81	392.00	523.25
23.89	98.00	130.81	164.81	392.00	523.25
23.90	98.00	130.81	164.81	196.00	392.00	523.25
23.91	98.00	130.81	164.81	196.00	392.00	523.25
23.92	98.00	164.81	196.00	392.00	523.25
23.93	98.00	164.81	196.00	392.00	523.25
23.94	98.00	164.81	196.00	392.00	523.25
23.95	98.00	164.81	196.00	392.00	523.25
23.96	98.00	164.81	196.00	392.00	523.25
23.97	98.00	130.81	164.81	196.00	392.00	523.25
23.98	98.00	130.81	164.81	196.00	392.00	523.25
23.99	98.00	130.81	164.81	196.00	392.00	523.25
24.00	98.00	130.81	164.81	196.00	392.00	523.25
24.01	98.00	130.81	164.81	196.00	523.25	587.33
24.02	98.00	130.81	164.81	196.00	523.25	587.33
24.03	98.00	130.81	164.81	196.00	523.25	587.33
24.04	98.00	130.81	164.81	196.00	523.25	587.33
24.05	98.00	130.81	164.81	196.00	523.25	587.33
24.06	98.00	164.81	196.00	523.25	587.33
24.07	98.00	164.81	196.00	523.25	587.33
24.08	98.00	164.81	293.66	523.25	587.33
24.09	98.00	164.81	293.66	523.25	587.33
24.10	98.00	164.81	293.66	523.25	587.33
24.11	98.00	164.81	293.66	523.25	587.33
24.12	98.00	164.81	293.66	523.25	587.33
24.13	98.00	164.81	293.66	587.33
24.14	98.00	164.81	293.66	587.33
24.15	98.00	164.81	293.66	587.33
24.16	98.00	164.81	293.66	587.33
24.17	98.00	164.81	293.66	587.33
24.18	98.00	164.81	293.66	587.33
24.19	98.00	164.81	293.66	587.33
24.20	98.00	164.81	293.66	587.33
24.21	98.00	164.81	293.66	587.33
24.22	98.00	164.81	293.66	587.33
24.23	98.00	164.81	293.66	587.33
24.24	98.00	164.81	293.66	587.33
24.25	98.00	164.81	293.66	587.33
24.26	98.00	164.81	293.66	587.33
24.27	98.00	164.81	293.66	587.33
24.28	98.00	164.81	293.66	587.33
24.29	98.00	164.81	293.66	587.33
24.30	98.00	164.81	293.66	587.33
24.31	98.00	293.66
24.32	98.00	293.66
24.33	98.00	293.66
24.34	98.00	293.66
24.35	98.00	293.66
24.36	98.00	293.66
24.37	98.00	293.66
24.38	98.00	293.66
24.39	98.00	293.66
24.40	98.00	293.66
24.41	98.00	293.66
24.42	98.00	293.66
24.43	98.00	293.66
24.44	98.00	293.66
24.45	98.00	293.66
24.46	98.00	293.66
24.47	98.00	293.66
24.48	98.00	293.66
24.49	98.00	293.66
24.50	98.00	293.66	493.88	587.33
24.51	98.00	293.66	493.88	587.33
24.52	98.00	493.88	587.33
24.53	98.00	196.00	493.88	587.33	739.99	783.99
24.54	98.00	196.00	493.88	587.33	739.99	783.99
24.55	98.00	196.00	493.88	587.33	739.99	783.99
24.56	98.00	196.00	493.88	587.33	739.99	783.99
24.57	98.00	196.00	493.88	587.33	739.99	783.99
24.58	98.00	196.00	493.88	587.33	739.99	783.99
24.59	98.00	196.00	493.88	587.33	783.99
24.60	98.00	196.00	493.88	587.33	783.99
24.61	98.00	196.00	493.88	587.33	783.99
24.62	98.00	196.00	493.88	587.33	783.99
24.63	98.00	196.00	493.88	587.33	783.99
24.64	98.00	196.00	493.88	587.33	783.99
24.65	98.00	196.00	493.88	587.33	783.99
24.66	98.00	196.00	493.88	587.33	783.99
24.67	98.00	196.00	493.88	587.33	783.99
24.68	98.00	196.00	493.88	587.33	783.99
24.69	98.00	196.00	493.88	587.33	783.99
24.70	98.00	196.00	493.88	587.33	783.99
24.71	98.00	196.00	493.88	587.33
24.72	98.00	196.00	493.88	587.33
24.73	98.00	196.00	493.88	587.33
24.74	98.00	196.00	493.88	587.33
24.75	98.00	196.00	493.88	587.33
24.76	98.00	196.00	493.88	587.33
24.77	98.00	196.00	493.88	587.33
24.78	98.00	196.00	493.88	587.33
24.79	98.00	196.00	493.88	587.33
24.80	196.00	493.88	587.33
24.81	196.00	493.88	587.33
24.82	196.00	493.88
24.83	196.00	493.88
24.84	196.00	493.88
24.85	196.00	493.88
24.86	196.00	493.88
24.87	196.00	493.88
24.88	196.00	493.88
24.89	196.00	493.88
24.90	196.00	493.88
24.91	196.00	493.88
24.92	196.00	493.88
24.93	196.00	493.88
24.94	196.00
24.95	196.00
24.96	196.00
24.97	196.00
24.98	196.00
24.99	196.00
25.00	196.00
25.01	98.00	196.00	783.99
25.02	98.00	196.00	783.99
25.03	98.00	783.99
25.04	98.00	392.00	783.99
25.05	98.00	392.00	783.99
25.06	98.00	293.66	392.00	783.99
25.07	98.00	293.66	392.00	783.99
25.08	98.00	293.66	392.00	783.99
25.09	98.00	293.66	392.00	783.99
25.10	98.00	293.66	392.00	783.99
25.11	98.00	293.66	392.00	783.99
25.12	98.00	293.66	392.00	783.99
25.13	98.00	293.66	392.00	783.99
25.14	98.00	293.66	392.00	783.99
25.15	98.00	293.66	392.00	783.99
25.16	98.00	293.66	392.00	783.99
25.17	98.00	293.66	392.00	783.99
25.18	98.00	293.66	392.00	783.99
25.19	98.00	293.66	392.00	783.99
25.20	98.00	293.66	392.00	783.99
25.21	98.00	293.66	392.00	783.99
25.22	98.00	293.66	392.00	783.99
25.23	98.00	293.66	392.00	783.99
25.24	98.00	293.66	392.00	783.99
25.25	98.00	293.66	392.00	783.99
25.26	98.00	293.66	392.00	783.99
25.27	98.00	293.66	392.00	783.99
25.28	98.00	293.66	392.00	783.99
25.29	98.00	293.66	392.00	783.99
25.30	98.00	293.66	392.00	783.99
25.31	98.00	293.66	392.00	783.99
25.32	98.00	293.66	392.00	783.99
25.33	98.00	293.66	392.00	783.99
25.34	98.00	293.66	392.00	783.99
25.35	98.00	293.66	392.00	783.99
25.36	98.00	293.66	392.00	783.99
25.37	98.00	293.66	392.00	783.99
25.38	98.00	293.66	392.00	783.99
25.39	98.00	293.66	392.00	783.99
25.40	98.00	293.66	783.99
25.41	98.00	293.66	783.99
25.42	98.00	293.66	783.99
25.43	98.00	293.66	783.99
25.44	98.00	293.66	783.99
25.45	98.00	783.99
25.46	98.00	783.99
25.47	98.00	783.99
25.48	98.00	783.99
25.49	98.00	783.99
25.50	98.00
25.51	98.00
25.52	98.00
25.53	98.00
25.54	98.00
25.55	98.00
25.56	98.00
25.57
25.58
25.59
25.60
25.61
25.62
25.63
25.64
25.65
25.66
25.67
25.68
25.69
25.70
25.71
25.72
25.73
25.74
25.75
25.76
25.77
25.78
25.79
25.80
25.81
25.82
25.83
25.84
25.85
25.86
25.87
25.88
25.89
25.90
25.91
25.92
25.93
25.94
25.95
25.96
25.97
25.98
25.99
26.00
26.01
26.02
26.03
26.04
26.05
26.06
26.07
26.08
26.09
26.10
26.11
26.12
26.13
26.14
26.15
26.16
26.17
26.18
26.19
26.20
26.21
26.22
26.23
26.24
26.25
26.26
26.27
26.28
26.29
26.30
26.31
26.32
26.33
26.34
26.35
26.36
26.37
26.38
26.39
26.40
26.41
26.42
26.43
