0.01
0.02
0.03
0.04
0.05
0.06
0.07
0.08
0.09
0.10
0.11
0.12
0.13
0.14
0.15
0.16
0.17
0.18
0.19
0.20
0.21
0.22
0.23
0.24
0.25
0.26
0.27
0.28
0.29
0.30
0.31
0.32
0.33
0.34
0.35
0.36
0.37
0.38
0.39
0.40
0.41
0.42
0.43
0.44
0.45
0.46
0.47
0.48
0.49
0.50
0.51
0.52
0.53
0.54
0.55
0.56
0.57
0.58
0.59
0.60
0.61
0.62
0.63
0.64
0.65
0.66
0.67
0.68
0.69
0.70
0.71
0.72	185.00
0.73	185.00
0.74	185.00
0.75	185.00
0.76	185.00
0.77	185.00
0.78	185.00
0.79	185.00
0.80	185.00
0.81	185.00
0.82	185.00
0.83	185.00
0.84	185.00
0.85	185.00
0.86
0.87
0.88
0.89
0.90
0.91
0.92
0.93
0.94
0.95
0.96	622.25
0.97	622.25
0.98	622.25
0.99	622.25
1.00	207.65	622.25
1.01	207.65	622.25
1.02	207.65	622.25
1.03	207.65	622.25
1.04	207.65	622.25
1.05	207.65	622.25
1.06	207.65	622.25
1.07	207.65	622.25
1.08	207.65	622.25
1.09	207.65	622.25
1.10	207.65	622.25
1.11	207.65	622.25
1.12	622.25	932.33
1.13	622.25	932.33
1.14	932.33
1.15	932.33
1.16	932.33
1.17	932.33
1.18	932.33
1.19	932.33
1.20	932.33
1.21	246.94	932.33
1.22	246.94	932.33
1.23	246.94	932.33
1.24	246.94	932.33
1.25	246.94	932.33
1.26	246.94	932.33
1.27	246.94	932.33
1.28	246.94	932.33
1.29	246.94	932.33
1.30	246.94	932.33
1.31	246.94	932.33
1.32	246.94	932.33
1.33	246.94	932.33
1.34	246.94	932.33
1.35	932.33
1.36	932.33
1.37	932.33
1.38	932.33
1.39
1.40
1.41
1.42	185.00
1.43	185.00
1.44	185.00
1.45	185.00
1.46	185.00
1.47	185.00
1.48	185.00
1.49	185.00
1.50	185.00
1.51	185.00
1.52	185.00
1.53	185.00
1.54	185.00	493.88
1.55	185.00	493.88
1.56	185.00	493.88
1.57	185.00	493.88
1.58	185.00	493.88
1.59	185.00	493.88
1.60	185.00
1.61	185.00
1.62	185.00
1.63	185.00	659.26
1.64	185.00	659.26
1.65	185.00	207.65	659.26
1.66	185.00	207.65	659.26
1.67	185.00	207.65	659.26
1.68	185.00	207.65	659.26
1.69	185.00	207.65	659.26
1.70	185.00	207.65	493.88	659.26
1.71	185.00	207.65	493.88	659.26
1.72	185.00	207.65	493.88	659.26
1.73	185.00	207.65	493.88	659.26
1.74	207.65	493.88	659.26
1.75	207.65	493.88	659.26
1.76	207.65	493.88	659.26
1.77	207.65	659.26
1.78	207.65	659.26
1.79	659.26
1.80	659.26
1.81	659.26
1.82	659.26
1.83	659.26
1.84	659.26
1.85	659.26
1.86	622.25	659.26
1.87	622.25	659.26
1.88	622.25
1.89	246.94	622.25
1.90	246.94	622.25
1.91	246.94	622.25
1.92	246.94	622.25
1.93	246.94	622.25
1.94	246.94	622.25
1.95	246.94	622.25
1.96	246.94	622.25
1.97	246.94	622.25
1.98	622.25
1.99	622.25
2.00	622.25
2.01	622.25
2.02	622.25
2.03	622.25
2.04	622.25
2.05	185.00
2.06	185.00
2.07	185.00
2.08	185.00
2.09	185.00
2.10	185.00
2.11	185.00
2.12	185.00	349.23
2.13	185.00	349.23
2.14	185.00	349.23
2.15	185.00	349.23
2.16	185.00	349.23
2.17	185.00	349.23
2.18	185.00
2.19	185.00	587.33
2.20	185.00	587.33
2.21	185.00	587.33
2.22	185.00	587.33
2.23	185.00	587.33
2.24	185.00	587.33
2.25	185.00	587.33
2.26	185.00	587.33
2.27	185.00	587.33
2.28	185.00	587.33
2.29	185.00	587.33
2.30	185.00	207.65	587.33
2.31	185.00	207.65	587.33
2.32	207.65	587.33
2.33	207.65	587.33
2.34	207.65	587.33
2.35	207.65	587.33
2.36	207.65	587.33
2.37	207.65	587.33
2.38	207.65	587.33
2.39	207.65	587.33
2.40	207.65	587.33
2.41	207.65	587.33
2.42	207.65	587.33
2.43	207.65	587.33
2.44	587.33	622.25
2.45	587.33	622.25
2.46	622.25
2.47	622.25
2.48	622.25
2.49	622.25
2.50	622.25
2.51	246.94	622.25
2.52	246.94	622.25
2.53	246.94	622.25
2.54	246.94	622.25
2.55	246.94	622.25
2.56	246.94	622.25
2.57	246.94	622.25
2.58	246.94	622.25
2.59	246.94	622.25
2.60	246.94	622.25
2.61	246.94	622.25
2.62	246.94	622.25
2.63	246.94	622.25
2.64	246.94	622.25
2.65	246.94	622.25
2.66	246.94	622.25
2.67	246.94	622.25
2.68	246.94	622.25
2.69	246.94	622.25
2.70	185.00	622.25
2.71	185.00	622.25
2.72	185.00	622.25
2.73	185.00	622.25
2.74	185.00	349.23	622.25
2.75	185.00	349.23	622.25
2.76	185.00	349.23	622.25
2.77	185.00	349.23	622.25
2.78	185.00	349.23	622.25
2.79	185.00	349.23
2.80	185.00	349.23
2.81	185.00	349.23	493.88
2.82	185.00	349.23	493.88
2.83	185.00	493.88
2.84	185.00	493.88
2.85	185.00	493.88
2.86	185.00	493.88
2.87	185.00	493.88
2.88	185.00	415.30	493.88
2.89	185.00	415.30	493.88
2.90	185.00	415.30
2.91	185.00	415.30
2.92	185.00	415.30
2.93	185.00	415.30	493.88
2.94	185.00	415.30	493.88
2.95	185.00	415.30	493.88
2.96	185.00	415.30	493.88
2.97	185.00	493.88
2.98	185.00	207.65	493.88
2.99	185.00	207.65	493.88
3.00	207.65	415.30	493.88
3.01	207.65	415.30	493.88
3.02	207.65	415.30	493.88
3.03	207.65	415.30	493.88
3.04	207.65	415.30
3.05	207.65	415.30
3.06	207.65	415.30
3.07	185.00	207.65	415.30
3.08	185.00	207.65	415.30
3.09	185.00	415.30
3.10	185.00	415.30
3.11	185.00	415.30
3.12	185.00	415.30
3.13	185.00	415.30
3.14	185.00
3.15	185.00
3.16	185.00
3.17	185.00
3.18	185.00
3.19	185.00	246.94
3.20	185.00	246.94
3.21	185.00	246.94	369.99
3.22	185.00	246.94	369.99
3.23	185.00	246.94	369.99
3.24	185.00	246.94	369.99
3.25	185.00	246.94	369.99
3.26	185.00	246.94	369.99
3.27	185.00	246.94	369.99
3.28	185.00	246.94
3.29	185.00	246.94
3.30	185.00
3.31	185.00
3.32	185.00
3.33	185.00
3.34	185.00
3.35	185.00
3.36	185.00
3.37	185.00	587.33
3.38	185.00	587.33
3.39	185.00	587.33
3.40	185.00	587.33
3.41	185.00	587.33
3.42	185.00	349.23	587.33
3.43	185.00	349.23	587.33
3.44	185.00	349.23	587.33
3.45	185.00	349.23	587.33
3.46	185.00	349.23	587.33
3.47	185.00	349.23	587.33
3.48	185.00	349.23	587.33
3.49	185.00	349.23	587.33
3.50	185.00	349.23	587.33
3.51	185.00	587.33
3.52	185.00	587.33
3.53	185.00	587.33
3.54	185.00	587.33
3.55	185.00	587.33
3.56	185.00	587.33
3.57	185.00	587.33
3.58	185.00	587.33
3.59	185.00	587.33
3.60	185.00	587.33
3.61	185.00	587.33
3.62	185.00	587.33
3.63	185.00	207.65	587.33
3.64	185.00	207.65	587.33
3.65	185.00	207.65	587.33
3.66	185.00	207.65	587.33
3.67	207.65	587.33
3.68	207.65	587.33
3.69	207.65
3.70	207.65
3.71	207.65
3.72	207.65
3.73	207.65
3.74	185.00	207.65
3.75	185.00	207.65
3.76	185.00	207.65
3.77	185.00	207.65
3.78	185.00	207.65
3.79	185.00
3.80	185.00
3.81	185.00	622.25
3.82	185.00	622.25
3.83	185.00	622.25
3.84	185.00	622.25
3.85	185.00	622.25
3.86	185.00	246.94	622.25
3.87	185.00	246.94	622.25
3.88	246.94
3.89	246.94
3.90	246.94
3.91	185.00	246.94
3.92	185.00	246.94
3.93	185.00	246.94
3.94	185.00	246.94
3.95	185.00	246.94
3.96	185.00	246.94
3.97	185.00
3.98	185.00
3.99	185.00
4.00	185.00
4.01	185.00
4.02	185.00
4.03	185.00
4.04	185.00
4.05	185.00
4.06	185.00
4.07	185.00
4.08	185.00
4.09	185.00	349.23
4.10	185.00	349.23
4.11	185.00	349.23
4.12	185.00	349.23
4.13	185.00	349.23
4.14	185.00	349.23	932.33
4.15	185.00	349.23	932.33
4.16	185.00	932.33
4.17	185.00	932.33
4.18	185.00	932.33
4.19	185.00	932.33
4.20	185.00	932.33
4.21	185.00	932.33
4.22	185.00	932.33
4.23	185.00	932.33
4.24	185.00	932.33
4.25	185.00	932.33
4.26	185.00	932.33
4.27	185.00	932.33
4.28	185.00	207.65	932.33
4.29	185.00	207.65	932.33
4.30	185.00	207.65	932.33
4.31	185.00	207.65	932.33
4.32	185.00	207.65
4.33	185.00	207.65
4.34	207.65
4.35	207.65	830.61
4.36	207.65	830.61
4.37	207.65	830.61
4.38	207.65	830.61
4.39	207.65	830.61
4.40	207.65	830.61
4.41	207.65	830.61
4.42	207.65	830.61
4.43	207.65	830.61
4.44	830.61
4.45	830.61
4.46
4.47
4.48
4.49
4.50
4.51	246.94
4.52	246.94
4.53	246.94
4.54	246.94
4.55	246.94
4.56	87.31	246.94	622.25
4.57	87.31	246.94	622.25
4.58	87.31	246.94	622.25
4.59	87.31	246.94	622.25
4.60	87.31	622.25
4.61	87.31	622.25
4.62	87.31	622.25
4.63	87.31	622.25
4.64	87.31	622.25
4.65	622.25
4.66	622.25
4.67	185.00	622.25
4.68	185.00	622.25
4.69	185.00	622.25
4.70	185.00	622.25
4.71	185.00	622.25
4.72	174.61	185.00	622.25
4.73	174.61	185.00	622.25
4.74	174.61	185.00	587.33
4.75	174.61	185.00	587.33
4.76	174.61	185.00	587.33
4.77	174.61	185.00	587.33
4.78	174.61	185.00	587.33
4.79	174.61	185.00	587.33
4.80	174.61	185.00	587.33
4.81	174.61	185.00	587.33
4.82	174.61	185.00	587.33
4.83	174.61	185.00	587.33
4.84	174.61	185.00	587.33
4.85	185.00	587.33
4.86	185.00	587.33
4.87	185.00	587.33
4.88	185.00	587.33
4.89	185.00	587.33
4.90	185.00	587.33
4.91	185.00	587.33
4.92	185.00	587.33
4.93	185.00	207.65	587.33
4.94	185.00	207.65	587.33
4.95	185.00	207.65	587.33
4.96	185.00	207.65	587.33
4.97	207.65	587.33
4.98	207.65	587.33
4.99	207.65	587.33
5.00	207.65	587.33
5.01	207.65	587.33
5.02	207.65	587.33
5.03	207.65	587.33
5.04	207.65	587.33
5.05	207.65	587.33
5.06	207.65	587.33
5.07	207.65	587.33
5.08	207.65	587.33
5.09	587.33
5.10	587.33
5.11	587.33	622.25
5.12	587.33	622.25
5.13	587.33	622.25
5.14	587.33	622.25
5.15	587.33	622.25
5.16	246.94	622.25
5.17	246.94	622.25
5.18	246.94	622.25
5.19	246.94	622.25
5.20	246.94	622.25
5.21	246.94	622.25
5.22	246.94	622.25
5.23	246.94	622.25
5.24	246.94	622.25
5.25	246.94	622.25
5.26	246.94	622.25
5.27	622.25
5.28	622.25
5.29	622.25
5.30	622.25
5.31	622.25
5.32	622.25
5.33	622.25
5.34	622.25
5.35	185.00	622.25
5.36	185.00	622.25
5.37	185.00
5.38	185.00
5.39	185.00	349.23
5.40	185.00	349.23
5.41	185.00	349.23
5.42	185.00	349.23
5.43	185.00	349.23
5.44	185.00	349.23
5.45	185.00	349.23
5.46	185.00	349.23	415.30
5.47	185.00	349.23	415.30
5.48	185.00	349.23	415.30
5.49	185.00	349.23	415.30
5.50	185.00	415.30
5.51	185.00	415.30
5.52	185.00	415.30
5.53	185.00	415.30
5.54	185.00	415.30
5.55	185.00	415.30
5.56	185.00	415.30
5.57	185.00	415.30
5.58	185.00	415.30
5.59	185.00	415.30
5.60	185.00	207.65	415.30
5.61	185.00	207.65	415.30
5.62	185.00	207.65	415.30
5.63	185.00	207.65	415.30
5.64	207.65	415.30
5.65	207.65	415.30
5.66	207.65	415.30
5.67	207.65	415.30
5.68	207.65	415.30
5.69	185.00	207.65	415.30
5.70	185.00	207.65	415.30
5.71	185.00	207.65	415.30
5.72	185.00	207.65	415.30
5.73	185.00	207.65	415.30
5.74	185.00	207.65
5.75	185.00	207.65
5.76	185.00
5.77	185.00
5.78	185.00
5.79	185.00	233.08	369.99
5.80	185.00	233.08	369.99
5.81	185.00	233.08	369.99
5.82	185.00	233.08	369.99
5.83	185.00	233.08	369.99
5.84	185.00	233.08	369.99
5.85	185.00	233.08	369.99
5.86	185.00	233.08	369.99
5.87	185.00	233.08	369.99
5.88	185.00	233.08	369.99	622.25
5.89	185.00	233.08	369.99	622.25
5.90	185.00	233.08	369.99	622.25
5.91	185.00	233.08	369.99	622.25
5.92	233.08	622.25
5.93	233.08	622.25
5.94	233.08	622.25
5.95	233.08	622.25
5.96	233.08	622.25
5.97	233.08	622.25
5.98	233.08	622.25
5.99	233.08	622.25
6.00	233.08	622.25
6.01	233.08	622.25
6.02	622.25
6.03	622.25
6.04	622.25
6.05	622.25
6.06	622.25
6.07	622.25	659.26
6.08	622.25	659.26
6.09	659.26
6.10	659.26
6.11	659.26
6.12	659.26
6.13	659.26
6.14	207.65	659.26
6.15	207.65	659.26
6.16	207.65	659.26
6.17	207.65	659.26
6.18	207.65	659.26
6.19	207.65	659.26
6.20	103.83	207.65	659.26
6.21	103.83	207.65	659.26
6.22	103.83	207.65	659.26
6.23	103.83	207.65	659.26
6.24	103.83	207.65	659.26
6.25	103.83	659.26
6.26	103.83	659.26
6.27	103.83	659.26
6.28	103.83	659.26
6.29	659.26
6.30	659.26
6.31	659.26
6.32	392.00	659.26
6.33	392.00	659.26
6.34	233.08	392.00	659.26
6.35	233.08	392.00	659.26
6.36	233.08	392.00	659.26
6.37	233.08	392.00	415.30	659.26
6.38	233.08	392.00	415.30	659.26
6.39	220.00	233.08	415.30	659.26
6.40	220.00	233.08	415.30	659.26
6.41	220.00	233.08	415.30	659.26
6.42	220.00	233.08	415.30	659.26
6.43	220.00	233.08	415.30	659.26
6.44	220.00	233.08	415.30	659.26
6.45	220.00	233.08	415.30	659.26
6.46	220.00	233.08	415.30	659.26
6.47	220.00	233.08	415.30	659.26
6.48	220.00	233.08	415.30	659.26
6.49	220.00	233.08	415.30	659.26
6.50	220.00	415.30	659.26
6.51	220.00	415.30	659.26
6.52	220.00	415.30	659.26
6.53	392.00	415.30	622.25
6.54	392.00	415.30	622.25
6.55	392.00	415.30	622.25
6.56	392.00	415.30	622.25
6.57	392.00	415.30	622.25
6.58	277.18	392.00	415.30	622.25
6.59	277.18	392.00	415.30	622.25
6.60	277.18	392.00	415.30	622.25
6.61	277.18	392.00	415.30	622.25
6.62	277.18	622.25
6.63	277.18	622.25
6.64	277.18	622.25
6.65	138.59	277.18	622.25
6.66	138.59	277.18	622.25
6.67	138.59	277.18	622.25
6.68	138.59	277.18	622.25
6.69	138.59	277.18	622.25
6.70	138.59	277.18	622.25
6.71	277.18	622.25
6.72	277.18	622.25
6.73	277.18	622.25
6.74	207.65	277.18	622.25
6.75	207.65	277.18	622.25
6.76	103.83	207.65	622.25
6.77	103.83	207.65	622.25
6.78	103.83	207.65	622.25
6.79	103.83	207.65	622.25
6.80	103.83	207.65	622.25
6.81	103.83	207.65	622.25
6.82	103.83	207.65	622.25
6.83	103.83	622.25
6.84	103.83	622.25
6.85	103.83	554.37	622.25
6.86	103.83	554.37	622.25
6.87	103.83	554.37	622.25
6.88	103.83	554.37	622.25	739.99
6.89	103.83	554.37	622.25	739.99
6.90	103.83	554.37	622.25	739.99
6.91	103.83	554.37	622.25	739.99
6.92	103.83	554.37	622.25	739.99
6.93	103.83	554.37	622.25	739.99
6.94	103.83	554.37	622.25	739.99
6.95	103.83	554.37	622.25	739.99
6.96	103.83	554.37	622.25	739.99
6.97	103.83	554.37	622.25	739.99
6.98	103.83	554.37	622.25	739.99
6.99	554.37	622.25
7.00	554.37	622.25
7.01	554.37
7.02	220.00	554.37
7.03	220.00	554.37
7.04	220.00
7.05	220.00
7.06	220.00
7.07	220.00
7.08	220.00
7.09	220.00	622.25
7.10	220.00	622.25
7.11	493.88	622.25
7.12	493.88	622.25
7.13	493.88	622.25
7.14	493.88	622.25
7.15	493.88	622.25
7.16	493.88	622.25
7.17	493.88	622.25
7.18	493.88	622.25	739.99
7.19	493.88	622.25	739.99
7.20	622.25	739.99
7.21	622.25	739.99
7.22	622.25	739.99
7.23	622.25	739.99
7.24	622.25	739.99
7.25	622.25	739.99
7.26	622.25	739.99
7.27	622.25	739.99
7.28	622.25	739.99
7.29	622.25	739.99
7.30	622.25	739.99
7.31	622.25	739.99
7.32	466.16	622.25	739.99
7.33	466.16	622.25	739.99
7.34	466.16	622.25	739.99
7.35	466.16	622.25	739.99
7.36	466.16	622.25
7.37	466.16	622.25
7.38	466.16	622.25
7.39	207.65	466.16
7.40	207.65	466.16
7.41	103.83	207.65	466.16	659.26
7.42	103.83	207.65	466.16	659.26
7.43	103.83	207.65	659.26
7.44	103.83	207.65	554.37	659.26
7.45	103.83	207.65	554.37	659.26
7.46	103.83	554.37	659.26
7.47	103.83	554.37	659.26
7.48	103.83	554.37	659.26
7.49	103.83	554.37	659.26
7.50	103.83	554.37	659.26
7.51	103.83	554.37	659.26
7.52	103.83	554.37	659.26
7.53	103.83	554.37	659.26	880.00
7.54	103.83	554.37	659.26	880.00
7.55	103.83	554.37	659.26	880.00
7.56	103.83	554.37	659.26	880.00
7.57	103.83	554.37	659.26	880.00
7.58	103.83	554.37	659.26	880.00
7.59	103.83	554.37	659.26	880.00
7.60	103.83	220.00	554.37	659.26	880.00
7.61	103.83	220.00	554.37	659.26	880.00
7.62	220.00	554.37	659.26	880.00
7.63	220.00	554.37	659.26	880.00
7.64	220.00	554.37	659.26	880.00
7.65	220.00	554.37	659.26	880.00
7.66	220.00	554.37	659.26	880.00
7.67	220.00	233.08	440.00	554.37	659.26	880.00
7.68	220.00	233.08	440.00	554.37	659.26	880.00
7.69	220.00	233.08	440.00	659.26	880.00
7.70	220.00	233.08	440.00	659.26	880.00
7.71	220.00	233.08	440.00	880.00
7.72	220.00	233.08	440.00	880.00
7.73	220.00	233.08	440.00	880.00
7.74	220.00	233.08	440.00	466.16	880.00
7.75	220.00	233.08	440.00	466.16	880.00
7.76	220.00	233.08	466.16	880.00
7.77	220.00	233.08	466.16	880.00
7.78	220.00	466.16	622.25
7.79	220.00	466.16	622.25
7.80	220.00	466.16	622.25
7.81	220.00	466.16	622.25
7.82	220.00	466.16	622.25
7.83	220.00	466.16	622.25
7.84	220.00	466.16	622.25
7.85	220.00	466.16	622.25
7.86	220.00	466.16	622.25
7.87	466.16	622.25
7.88	138.59	466.16	622.25
7.89	138.59	466.16	622.25
7.90	138.59	233.08	466.16	622.25
7.91	138.59	233.08	466.16	622.25
7.92	138.59	233.08	466.16	622.25
7.93	138.59	233.08	466.16	622.25
7.94	138.59	233.08	622.25
7.95	138.59	233.08	622.25
7.96	138.59	233.08	622.25
7.97	138.59	233.08	622.25
7.98	138.59	233.08	622.25
7.99	138.59	233.08	622.25
8.00	138.59	233.08	622.25
8.01	138.59	622.25
8.02	138.59	622.25
8.03	138.59	622.25
8.04	138.59	622.25
8.05	138.59	622.25
8.06	138.59	196.00	622.25
8.07	138.59	196.00	622.25
8.08	196.00	622.25
8.09	69.30	196.00	622.25
8.10	69.30	196.00	622.25
8.11	69.30	103.83	196.00	311.13	622.25
8.12	69.30	103.83	196.00	311.13	622.25
8.13	69.30	103.83	311.13	622.25
8.14	69.30	103.83	311.13	622.25
8.15	69.30	103.83	311.13	622.25
8.16	69.30	103.83	311.13	622.25
8.17	69.30	103.83	311.13	622.25
8.18	69.30	103.83	311.13	622.25
8.19	69.30	103.83	311.13	622.25
8.20	69.30	103.83	311.13	622.25
8.21	69.30	103.83	311.13	622.25
8.22	69.30	103.83	311.13	622.25
8.23	69.30	103.83	311.13	622.25
8.24	103.83	311.13	622.25
8.25	103.83	311.13	622.25
8.26	103.83	311.13	622.25
8.27	103.83	311.13	622.25
8.28	103.83	311.13	622.25
8.29	103.83	311.13	622.25
8.30	103.83	311.13	622.25
8.31	311.13	622.25
8.32	311.13	622.25
8.33	311.13	622.25
8.34	311.13	622.25
8.35	311.13	622.25
8.36	311.13	622.25
8.37	311.13	622.25
8.38	311.13	622.25
8.39	311.13	622.25
8.40	311.13	622.25
8.41	311.13
8.42	311.13
8.43	277.18	311.13
8.44	277.18	311.13
8.45	277.18	311.13
8.46	277.18	311.13
8.47	277.18	311.13
8.48	277.18	311.13
8.49	277.18	311.13
8.50	277.18
8.51	277.18
8.52	277.18
8.53	138.59	277.18
8.54	138.59	277.18
8.55	138.59	277.18
8.56	138.59	277.18
8.57	138.59	277.18
8.58	138.59	277.18
8.59	138.59	277.18
8.60	138.59	277.18
8.61	138.59	277.18
8.62	138.59	277.18
8.63	138.59	277.18
8.64	277.18
8.65	277.18
8.66	277.18
8.67	277.18
8.68	277.18
8.69	196.00	277.18
8.70	196.00	277.18
8.71	98.00	196.00	277.18
8.72	98.00	196.00	277.18
8.73	98.00	196.00
8.74	98.00	196.00
8.75	98.00	196.00
8.76	98.00	196.00
8.77	98.00	196.00
8.78	98.00	196.00
8.79	98.00	196.00
8.80	98.00	196.00
8.81	98.00	196.00
8.82	98.00	196.00
8.83	98.00	196.00
8.84	98.00	196.00
8.85	98.00	196.00	329.63
8.86	98.00	196.00	329.63
8.87	98.00	196.00	329.63
8.88	98.00	196.00	220.00	329.63
8.89	98.00	196.00	220.00	329.63
8.90	98.00	220.00	329.63
8.91	98.00	220.00	329.63
8.92	98.00	220.00	329.63
8.93	98.00	220.00	329.63
8.94	98.00	220.00
8.95	98.00	220.00
8.96	98.00	220.00
8.97	98.00	220.00
8.98	98.00	220.00
8.99	220.00
9.00	220.00
9.01	220.00	440.00
9.02	220.00	440.00
9.03	220.00	440.00
9.04	220.00	440.00
9.05	220.00	440.00
9.06	220.00	440.00
9.07	220.00	440.00
9.08	220.00	440.00
9.09	220.00	440.00
9.10	220.00	440.00
9.11	220.00	440.00
9.12	220.00	440.00
9.13	220.00	440.00
9.14	220.00	440.00
9.15	220.00	440.00	493.88
9.16	220.00	440.00	493.88
9.17	220.00	493.88
9.18	138.59	220.00	493.88
9.19	138.59	220.00	493.88
9.20	138.59	220.00	493.88
9.21	138.59	220.00	493.88
9.22	138.59	220.00	493.88
9.23	138.59	220.00	493.88
9.24	138.59	220.00	493.88
9.25	138.59	220.00	493.88
9.26	138.59	220.00	493.88
9.27	138.59	220.00	493.88
9.28	138.59	220.00	493.88
9.29	138.59	220.00	493.88
9.30	138.59	220.00	493.88
9.31	220.00	493.88
9.32	185.00	220.00	493.88	659.26
9.33	185.00	220.00	493.88	659.26
9.34	185.00	196.00	220.00	493.88	659.26
9.35	185.00	196.00	220.00	493.88	659.26
9.36	185.00	196.00	220.00	493.88	659.26
9.37	185.00	196.00	220.00	493.88	659.26
9.38	185.00	196.00	220.00	493.88	659.26
9.39	185.00	196.00	220.00	493.88	659.26
9.40	185.00	196.00	220.00	493.88	659.26
9.41	185.00	196.00	220.00	659.26
9.42	185.00	196.00	220.00	659.26
9.43	196.00	220.00	659.26
9.44	196.00	220.00	659.26
9.45	196.00	220.00	659.26
9.46	196.00	220.00	659.26
9.47	196.00	220.00	659.26
9.48	196.00	220.00	659.26
9.49	196.00	220.00	659.26
9.50	196.00	220.00	659.26
9.51	196.00	220.00	659.26
9.52	196.00	220.00	659.26
9.53	196.00	220.00	659.26
9.54	196.00	220.00	659.26
9.55	196.00	220.00	659.26
9.56	196.00	220.00	659.26
9.57	220.00
9.58	220.00
9.59	196.00	220.00
9.60	196.00	220.00
9.61	196.00	220.00
9.62	196.00	220.00
9.63	196.00	220.00
9.64	196.00	220.00	369.99
9.65	196.00	220.00	369.99
9.66	220.00	369.99
9.67	220.00	369.99
9.68	220.00	369.99
9.69	220.00	369.99
9.70	220.00	369.99
9.71	220.00	369.99
9.72	220.00	369.99
9.73	220.00	369.99
9.74	220.00	369.99
9.75	220.00	369.99
9.76	220.00	369.99
9.77	220.00	369.99
9.78	220.00	369.99
9.79	220.00	369.99
9.80	220.00
9.81	220.00
9.82	220.00
9.83	220.00	987.77
9.84	220.00	987.77
9.85	220.00	277.18	987.77
9.86	220.00	277.18	987.77
9.87	220.00	277.18	329.63	987.77
9.88	220.00	277.18	329.63	987.77
9.89	220.00	277.18	329.63	987.77
9.90	220.00	277.18	329.63	987.77
9.91	220.00	277.18	329.63	987.77
9.92	220.00	277.18	329.63	987.77
9.93	220.00	277.18	329.63	987.77
9.94	220.00	277.18	329.63	987.77
9.95	220.00	277.18	329.63	987.77
9.96	220.00	277.18	329.63
9.97	185.00	220.00	277.18	329.63
9.98	185.00	220.00	277.18	329.63
9.99	98.00	185.00	220.00
10.00	98.00	185.00	220.00
10.01	98.00	185.00	220.00
10.02	98.00	185.00	220.00
10.03	98.00	185.00	220.00
10.04	98.00	185.00	196.00	220.00
10.05	98.00	185.00	196.00	220.00
10.06	98.00	196.00	220.00
10.07	98.00	196.00	220.00
10.08	98.00	196.00	220.00
10.09	98.00	196.00	220.00
10.10	98.00	196.00	220.00
10.11	98.00	196.00	220.00
10.12	98.00	196.00	220.00
10.13	98.00	196.00
10.14	98.00	196.00
10.15	98.00	196.00	220.00
10.16	98.00	196.00	220.00
10.17	98.00	220.00
10.18	98.00	220.00
10.19	98.00	220.00
10.20	98.00	220.00
10.21	98.00	220.00
10.22	98.00	220.00
10.23	98.00	220.00
10.24	220.00
10.25	220.00
10.26	220.00
10.27	220.00
10.28	220.00
10.29	220.00	311.13
10.30	220.00	311.13
10.31	220.00	311.13
10.32	220.00	311.13
10.33	220.00	311.13
10.34	220.00	311.13
10.35	220.00	311.13
10.36	220.00	311.13	329.63
10.37	220.00	311.13	329.63
10.38	220.00	329.63	987.77
10.39	220.00	329.63	987.77
10.40	220.00	329.63	987.77
10.41	220.00	329.63	987.77
10.42	220.00	329.63	987.77
10.43	220.00	329.63	987.77
10.44	220.00	329.63	987.77
10.45	138.59	220.00	329.63	987.77
10.46	138.59	220.00	329.63	987.77
10.47	138.59	329.63
10.48	138.59	329.63
10.49	138.59	329.63
10.50	138.59	329.63
10.51	138.59	329.63
10.52	138.59	220.00	329.63
10.53	138.59	220.00	329.63
10.54	138.59	220.00	329.63
10.55	138.59	220.00	329.63
10.56	138.59	220.00	329.63
10.57	220.00
10.58	220.00
10.59	220.00
10.60	220.00
10.61	220.00
10.62	220.00
10.63	220.00
10.64	87.31	164.81	220.00
10.65	87.31	164.81	220.00
10.66	87.31	164.81
10.67	87.31	164.81
10.68	87.31	164.81
10.69	87.31	164.81	246.94
10.70	87.31	164.81	246.94
10.71	87.31	164.81	246.94	493.88
10.72	87.31	164.81	246.94	493.88
10.73	87.31	246.94	493.88
10.74	87.31	246.94	493.88
10.75	87.31	246.94	493.88
10.76	87.31	246.94	493.88
10.77	87.31	246.94	493.88
10.78	87.31	246.94	493.88
10.79	87.31	246.94	493.88
10.80	87.31	246.94
10.81	87.31	246.94
10.82	87.31	246.94
10.83	87.31	246.94	493.88
10.84	87.31	246.94	493.88
10.85	87.31	246.94	493.88
10.86	87.31	246.94	493.88
10.87	87.31	220.00	246.94	493.88
10.88	87.31	220.00	246.94	493.88
10.89	87.31	220.00	246.94	493.88
10.90	87.31	220.00	246.94	493.88
10.91	87.31	220.00	246.94	493.88
10.92	87.31	220.00	246.94	493.88
10.93	87.31	220.00	246.94	493.88
10.94	87.31	220.00	246.94	493.88
10.95	87.31	220.00	246.94	493.88
10.96	87.31	220.00	246.94	493.88
10.97	87.31	220.00	246.94	493.88
10.98	87.31	220.00	246.94
10.99	87.31	220.00	246.94
11.00	87.31	220.00	246.94
11.01	87.31	220.00	246.94
11.02	87.31	220.00	246.94
11.03	87.31	220.00	246.94
11.04	87.31	220.00	246.94
11.05	87.31	220.00	246.94
11.06	87.31	155.56	220.00	246.94
11.07	87.31	155.56	220.00	246.94
11.08	87.31	155.56	220.00
11.09	87.31	155.56	220.00
11.10	87.31	155.56	220.00
11.11	87.31	155.56	220.00
11.12	87.31	155.56	220.00
11.13	87.31	155.56	220.00
11.14	87.31	155.56	220.00
11.15	87.31	155.56	220.00
11.16	87.31	155.56	220.00
11.17	87.31	155.56	220.00	246.94
11.18	87.31	155.56	220.00	246.94
11.19	87.31	155.56	220.00	246.94
11.20	87.31	155.56	220.00	246.94
11.21	87.31	155.56	220.00	246.94
11.22	155.56	220.00	246.94
11.23	155.56	220.00	246.94
11.24	87.31	155.56	185.00	220.00	246.94
11.25	87.31	155.56	185.00	220.00	246.94
11.26	87.31	185.00	220.00	246.94
11.27	87.31	185.00	220.00	246.94
11.28	87.31	185.00	220.00	246.94
11.29	87.31	92.50	185.00	220.00	246.94
11.30	87.31	92.50	185.00	220.00	246.94
11.31	87.31	92.50	185.00	246.94
11.32	87.31	92.50	185.00	246.94
11.33	87.31	92.50	246.94
11.34	87.31	92.50	246.94
11.35	87.31	92.50	246.94
11.36	87.31	92.50	246.94
11.37	87.31	92.50	246.94
11.38	87.31	92.50	246.94
11.39	87.31	92.50	246.94
11.40	87.31	92.50	246.94
11.41	87.31	92.50	246.94
11.42	87.31	92.50	246.94
11.43	87.31	92.50	246.94
11.44	87.31	92.50	246.94
11.45	87.31	92.50	196.00	246.94
11.46	87.31	92.50	196.00	246.94
11.47	87.31	92.50	196.00	246.94
11.48	87.31	92.50	196.00	246.94
11.49	87.31	92.50	196.00	246.94
11.50	87.31	196.00	246.94
11.51	87.31	196.00	246.94
11.52	87.31	103.83	196.00	246.94
11.53	87.31	103.83	196.00	246.94
11.54	87.31	103.83	196.00	246.94
11.55	87.31	103.83	196.00	207.65	246.94
11.56	87.31	103.83	196.00	207.65	246.94
11.57	87.31	103.83	207.65	246.94
11.58	87.31	103.83	207.65	246.94
11.59	87.31	103.83	207.65	246.94
11.60	87.31	103.83	207.65	246.94
11.61	103.83	207.65	246.94
11.62	103.83	207.65	246.94
11.63	246.94
11.64	246.94	466.16
11.65	246.94	466.16
11.66	185.00	246.94	466.16
11.67	185.00	246.94	466.16
11.68	185.00	246.94	466.16
11.69	185.00	246.94	466.16
11.70	185.00	246.94
11.71	123.47	185.00	246.94	493.88
11.72	123.47	185.00	246.94	493.88
11.73	123.47	185.00	246.94	493.88
11.74	123.47	185.00	246.94	493.88
11.75	123.47	185.00	246.94	493.88
11.76	123.47	185.00	246.94	493.88
11.77	123.47	185.00	246.94	493.88
11.78	123.47	185.00	246.94	493.88
11.79	123.47	185.00	246.94	493.88
11.80	123.47	185.00	246.94	466.16	493.88	554.37
11.81	123.47	185.00	246.94	466.16	493.88	554.37
11.82	123.47	185.00	246.94	466.16	554.37
11.83	123.47	185.00	246.94	466.16	554.37
11.84	123.47	185.00	246.94	466.16	554.37
11.85	123.47	185.00	246.94	466.16	554.37
11.86	123.47	185.00	246.94	466.16	554.37
11.87	123.47	185.00	246.94	493.88	554.37
11.88	123.47	185.00	246.94	493.88	554.37
11.89	87.31	123.47	185.00	246.94	493.88	554.37
11.90	87.31	123.47	185.00	246.94	493.88	554.37
11.91	87.31	123.47	185.00	246.94	493.88	554.37
11.92	87.31	92.50	123.47	185.00	246.94	493.88	554.37
11.93	87.31	92.50	123.47	185.00	246.94	493.88	554.37
11.94	87.31	92.50	185.00	246.94	466.16	493.88	554.37
11.95	87.31	92.50	185.00	246.94	466.16	493.88	554.37
11.96	87.31	92.50	185.00	246.94	466.16	493.88
11.97	87.31	92.50	185.00	246.94	466.16	493.88
11.98	87.31	92.50	185.00	246.94	466.16	493.88
11.99	87.31	92.50	185.00	246.94	466.16	493.88
12.00	87.31	92.50	185.00	246.94	466.16	493.88
12.01	87.31	92.50	185.00	246.94	493.88
12.02	87.31	92.50	185.00	246.94	493.88
12.03	87.31	92.50	185.00	246.94	493.88
12.04	87.31	92.50	185.00	246.94	493.88
12.05	87.31	92.50	246.94	493.88
12.06	87.31	92.50	246.94	493.88
12.07	87.31	92.50	246.94	493.88
12.08	87.31	92.50	185.00	246.94	369.99	493.88
12.09	87.31	92.50	185.00	246.94	369.99	493.88
12.10	92.50	185.00	246.94	369.99	493.88
12.11	92.50	185.00	246.94	369.99	493.88
12.12	92.50	185.00	246.94	369.99	493.88
12.13	92.50	103.83	185.00	246.94	369.99	493.88
12.14	92.50	103.83	185.00	246.94	369.99	493.88
12.15	92.50	103.83	185.00	246.94	369.99	493.88
12.16	92.50	103.83	185.00	246.94	369.99	493.88
12.17	92.50	103.83	185.00	246.94	369.99
12.18	92.50	103.83	185.00	246.94	369.99
12.19	92.50	103.83	185.00	246.94	369.99
12.20	92.50	103.83	185.00	246.94	369.99
12.21	92.50	103.83	185.00	246.94	369.99
12.22	92.50	103.83	185.00	246.94	369.99
12.23	92.50	103.83	185.00	246.94	369.99
12.24	92.50	103.83	185.00	246.94	369.99
12.25	92.50	103.83	185.00	246.94	369.99
12.26	103.83	185.00	246.94	369.99
12.27	103.83	185.00	246.94	369.99
12.28	103.83	185.00	246.94	369.99
12.29	92.50	103.83	185.00	246.94	369.99
12.30	92.50	103.83	185.00	246.94	369.99
12.31	92.50	103.83	185.00	246.94	493.88
12.32	92.50	103.83	185.00	246.94	493.88
12.33	92.50	185.00	246.94	493.88
12.34	92.50	185.00	246.94	493.88
12.35	92.50	246.94	493.88
12.36	92.50	246.94	311.13	493.88
12.37	92.50	246.94	311.13	493.88
12.38	92.50	246.94	311.13	493.88
12.39	92.50	246.94	311.13	493.88
12.40	92.50	246.94	311.13	493.88
12.41	92.50	246.94	311.13	493.88
12.42	92.50	246.94	311.13	493.88
12.43	92.50	123.47	246.94	311.13	493.88
12.44	92.50	123.47	246.94	311.13	493.88
12.45	92.50	123.47	246.94	311.13	369.99
12.46	92.50	123.47	246.94	311.13	369.99
12.47	92.50	123.47	246.94	311.13	369.99
12.48	92.50	123.47	246.94	311.13	369.99
12.49	123.47	246.94	311.13	369.99
12.50	123.47	246.94	311.13	369.99
12.51	123.47	246.94	311.13	369.99
12.52	246.94	311.13	369.99
12.53	246.94	311.13	369.99
12.54	246.94	311.13	369.99
12.55	246.94	311.13	369.99
12.56	246.94	311.13	369.99
12.57	246.94	311.13	369.99
12.58	246.94	311.13	369.99
12.59	246.94	311.13	622.25
12.60	246.94	311.13	622.25
12.61	185.00	311.13	622.25
12.62	185.00	311.13	622.25
12.63	185.00	311.13	622.25
12.64	185.00	311.13	622.25
12.65	185.00	311.13	622.25
12.66	185.00	311.13	622.25
12.67	185.00	311.13	622.25
12.68	185.00	622.25
12.69	185.00	622.25
12.70	185.00	622.25
12.71	185.00	311.13	622.25
12.72	185.00	311.13	622.25
12.73	185.00	311.13	622.25
12.74	185.00	311.13	622.25
12.75	185.00	311.13	622.25
12.76	185.00	311.13	622.25
12.77	185.00	311.13	622.25
12.78	185.00	311.13	622.25
12.79	185.00	311.13	622.25
12.80	185.00	311.13
12.81	185.00	311.13
12.82	185.00	311.13
12.83	185.00	311.13
12.84	185.00	311.13
12.85	185.00	311.13
12.86	185.00	311.13
12.87	185.00	311.13
12.88	185.00	311.13
12.89	185.00	311.13
12.90	185.00	311.13
12.91	185.00	311.13
12.92	185.00	311.13
12.93	185.00	311.13
12.94	185.00	311.13
12.95	185.00	311.13
12.96	185.00	311.13
12.97	185.00	311.13
12.98	185.00	311.13
12.99	185.00	311.13
13.00	185.00	311.13
13.01	185.00	311.13
13.02	185.00	311.13
13.03	185.00	311.13
13.04	185.00	311.13
13.05	185.00	311.13
13.06	185.00	311.13
13.07	185.00	311.13
13.08	185.00	311.13	659.26
13.09	185.00	311.13	659.26
13.10	185.00	311.13	659.26
13.11	185.00	311.13	659.26
13.12	185.00	311.13	659.26
13.13	185.00	311.13	659.26
13.14	185.00	311.13	659.26
13.15	185.00	311.13	659.26
13.16	185.00	311.13	659.26
13.17	174.61	185.00	311.13	659.26
13.18	174.61	185.00	311.13	659.26
13.19	174.61	185.00	311.13	659.26
13.20	174.61	185.00	311.13	659.26
13.21	174.61	185.00	311.13	659.26
13.22	174.61	185.00	311.13	659.26
13.23	174.61	185.00	311.13	659.26
13.24	174.61	185.00	311.13	659.26
13.25	174.61	185.00	311.13	659.26
13.26	174.61	185.00	415.30	659.26	987.77
13.27	174.61	185.00	415.30	659.26	987.77
13.28	185.00	415.30	659.26	987.77
13.29	185.00	415.30	622.25	659.26	987.77
13.30	185.00	415.30	622.25	659.26	987.77
13.31	185.00	415.30	622.25	987.77
13.32	185.00	415.30	622.25	987.77
13.33	174.61	311.13	415.30	622.25
13.34	174.61	311.13	415.30	622.25
13.35	174.61	311.13	415.30	622.25
13.36	174.61	311.13	415.30	622.25
13.37	174.61	311.13	415.30	622.25
13.38	103.83	174.61	311.13	415.30	622.25
13.39	103.83	174.61	311.13	415.30	622.25
13.40	103.83	311.13	349.23	622.25
13.41	103.83	311.13	349.23	622.25
13.42	103.83	311.13	349.23	622.25
13.43	103.83	311.13	349.23	622.25
13.44	103.83	311.13	349.23	622.25
13.45	103.83	311.13	349.23	622.25
13.46	103.83	311.13	349.23	622.25
13.47	103.83	311.13	349.23	622.25
13.48	103.83	311.13	349.23	622.25
13.49	103.83	311.13	349.23	622.25
13.50	103.83	311.13	349.23	622.25
13.51	103.83	311.13	349.23	622.25
13.52	103.83	174.61	349.23	622.25
13.53	103.83	174.61	349.23	622.25
13.54	103.83	174.61	349.23	622.25
13.55	103.83	174.61	349.23	622.25
13.56	103.83	174.61	349.23	622.25
13.57	103.83	174.61	349.23	622.25
13.58	103.83	174.61	349.23	622.25
13.59	103.83	174.61	311.13	349.23	466.16	622.25
13.60	103.83	174.61	311.13	349.23	466.16	622.25
13.61	103.83	174.61	311.13	349.23	466.16
13.62	103.83	174.61	311.13	349.23	466.16
13.63	103.83	174.61	311.13	349.23	466.16
13.64	103.83	174.61	311.13	349.23	466.16
13.65	103.83	174.61	311.13	349.23	466.16
13.66	103.83	311.13	349.23	466.16
13.67	103.83	311.13	349.23	466.16
13.68	103.83	311.13	466.16
13.69	103.83	311.13	466.16
13.70	103.83	233.08	466.16
13.71	103.83	233.08	466.16
13.72	103.83	233.08	466.16
13.73	103.83	233.08	466.16
13.74	103.83	233.08	466.16
13.75	103.83	233.08	246.94	466.16
13.76	103.83	233.08	246.94	466.16
13.77	103.83	233.08	246.94	466.16
13.78	103.83	233.08	246.94	466.16
13.79	103.83	233.08	246.94
13.80	103.83	233.08	246.94
13.81	103.83	233.08	246.94
13.82	103.83	233.08	246.94	311.13	415.30
13.83	103.83	233.08	246.94	311.13	415.30
13.84	103.83	233.08	311.13	415.30
13.85	103.83	233.08	311.13	415.30
13.86	103.83	311.13	415.30
13.87	103.83	311.13	415.30
13.88	103.83	311.13	415.30
13.89	103.83	311.13	415.30
13.90	103.83	311.13	415.30
13.91	103.83	311.13	415.30
13.92	103.83	311.13	415.30
13.93	103.83	311.13	415.30
13.94	103.83	311.13	415.30
13.95	103.83	311.13	415.30
13.96	103.83	311.13
13.97	103.83	311.13
13.98	103.83	233.08	311.13	415.30	698.46
13.99	103.83	233.08	311.13	415.30	698.46
14.00	103.83	233.08	415.30	698.46
14.01	103.83	233.08	277.18	415.30	698.46
14.02	103.83	233.08	277.18	415.30	698.46
14.03	233.08	277.18	415.30	698.46
14.04	233.08	277.18	415.30	698.46
14.05	277.18	349.23	415.30	698.46
14.06	277.18	349.23	415.30	698.46
14.07	277.18	349.23	415.30	698.46
14.08	277.18	349.23	415.30	698.46
14.09	277.18	349.23	415.30	698.46
14.10	116.54	277.18	349.23	415.30
14.11	116.54	277.18	349.23	415.30
14.12	116.54	277.18	349.23
14.13	116.54	277.18	349.23
14.14	116.54	277.18	349.23
14.15	116.54	277.18	349.23
14.16	116.54	277.18	349.23
14.17	116.54	277.18	349.23
14.18	116.54	277.18	349.23
14.19	103.83	116.54	277.18	349.23
14.20	103.83	116.54	277.18	349.23
14.21	103.83	116.54	277.18	349.23
14.22	103.83	116.54	277.18	329.63	349.23
14.23	103.83	116.54	277.18	329.63	349.23
14.24	103.83	116.54	277.18	311.13	329.63
14.25	103.83	116.54	277.18	311.13	329.63
14.26	116.54	277.18	311.13	329.63
14.27	116.54	277.18	311.13	329.63
14.28	116.54	277.18	311.13	329.63
14.29	116.54	277.18	311.13	329.63	1046.50
14.30	116.54	277.18	311.13	329.63	1046.50
14.31	116.54	277.18	311.13	329.63	1046.50
14.32	116.54	277.18	311.13	329.63	1046.50
14.33	116.54	277.18	311.13	329.63	1046.50
14.34	116.54	277.18	311.13	329.63	1046.50
14.35	116.54	277.18	311.13
14.36	116.54	277.18	311.13
14.37	116.54	277.18
14.38	116.54	277.18
14.39	116.54	277.18
14.40	116.54	277.18	369.99
14.41	116.54	277.18	369.99
14.42	116.54	277.18	369.99
14.43	116.54	277.18	369.99
14.44	116.54	277.18	369.99
14.45	116.54	220.00	277.18	369.99
14.46	116.54	220.00	277.18	369.99
14.47	116.54	220.00	233.08	277.18	369.99	415.30
14.48	116.54	220.00	233.08	277.18	369.99	415.30
14.49	116.54	220.00	233.08	277.18	369.99	415.30
14.50	116.54	220.00	233.08	277.18	369.99	415.30
14.51	116.54	233.08	277.18	369.99	415.30
14.52	116.54	233.08	277.18	369.99	415.30
14.53	116.54	233.08	277.18	369.99	415.30
14.54	116.54	233.08	277.18	369.99	415.30
14.55	116.54	233.08	277.18	369.99	415.30
14.56	116.54	233.08	277.18	369.99	415.30
14.57	116.54	233.08	277.18	369.99	415.30
14.58	116.54	233.08	277.18	369.99	415.30
14.59	116.54	233.08	277.18	369.99	415.30
14.60	116.54	233.08	277.18	369.99	415.30
14.61	116.54	233.08	277.18	369.99
14.62	116.54	233.08	277.18	369.99
14.63	116.54	277.18	369.99
14.64	116.54	277.18	369.99
14.65	116.54	277.18	369.99
14.66	116.54	277.18	369.99
14.67	116.54	277.18	369.99
14.68	116.54	277.18	369.99
14.69	116.54	277.18	369.99
14.70	116.54	277.18	369.99
14.71	116.54	277.18	369.99
14.72	116.54	277.18	369.99
14.73	116.54	277.18	369.99
14.74	116.54	277.18	369.99
14.75	116.54	174.61	185.00	277.18	369.99
14.76	116.54	174.61	185.00	277.18	369.99
14.77	116.54	174.61	185.00	277.18	311.13
14.78	116.54	174.61	185.00	277.18	311.13
14.79	116.54	174.61	185.00	277.18	311.13
14.80	87.31	116.54	174.61	185.00	277.18	311.13
14.81	87.31	116.54	174.61	185.00	277.18	311.13
14.82	87.31	174.61	185.00	311.13
14.83	87.31	174.61	185.00	311.13
14.84	87.31	185.00	311.13
14.85	87.31	185.00	311.13
14.86	87.31	185.00	311.13
14.87	87.31	185.00	311.13
14.88	87.31	185.00	311.13
14.89	87.31	92.50	185.00	311.13
14.90	87.31	92.50	185.00	311.13
14.91	87.31	92.50	185.00	311.13
14.92	87.31	92.50	185.00	311.13
14.93	87.31	92.50	185.00	311.13
14.94	87.31	92.50	185.00	311.13
14.95	87.31	92.50	185.00	311.13
14.96	87.31	92.50	185.00	311.13	329.63
14.97	87.31	92.50	185.00	311.13	329.63
14.98	46.25	87.31	92.50	311.13	329.63
14.99	46.25	87.31	92.50	311.13	329.63
15.00	46.25	87.31	92.50	311.13	329.63
15.01	46.25	87.31	92.50	311.13	329.63
15.02	46.25	87.31	92.50	311.13	329.63
15.03	46.25	87.31	92.50	311.13	329.63
15.04	46.25	87.31	92.50	311.13	329.63
15.05	46.25	87.31	92.50	164.81	311.13	329.63	622.25
15.06	46.25	87.31	92.50	164.81	311.13	329.63	622.25
15.07	87.31	92.50	164.81	311.13	329.63	622.25
15.08	87.31	92.50	164.81	311.13	329.63	622.25
15.09	87.31	92.50	164.81	311.13	622.25
15.10	87.31	92.50	164.81	311.13	622.25
15.11	87.31	92.50	164.81	311.13	622.25
15.12	87.31	92.50	311.13	622.25
15.13	87.31	92.50	311.13	622.25
15.14	87.31	92.50	311.13	622.25
15.15	87.31	92.50	311.13	622.25
15.16	87.31	92.50	311.13
15.17	87.31	92.50	311.13
15.18	87.31	92.50	311.13
15.19	87.31	92.50	164.81	311.13
15.20	87.31	92.50	164.81	311.13
15.21	87.31	92.50	164.81	311.13
15.22	87.31	92.50	164.81	311.13
15.23	87.31	92.50	164.81	311.13
15.24	87.31	92.50	164.81	233.08	311.13
15.25	87.31	92.50	164.81	233.08	311.13
15.26	87.31	92.50	233.08	311.13
15.27	87.31	92.50	233.08	311.13
15.28	87.31	92.50	233.08	311.13
15.29	87.31	92.50	233.08	311.13
15.30	87.31	92.50	233.08	311.13
15.31	87.31	92.50	233.08	311.13
15.32	87.31	92.50	233.08	311.13
15.33	87.31	92.50	233.08
15.34	87.31	92.50	233.08
15.35	87.31	92.50	233.08
15.36	87.31	92.50	233.08
15.37	87.31	92.50	233.08
15.38	87.31	92.50	233.08
15.39	87.31	92.50	233.08
15.40	87.31	92.50	233.08
15.41	87.31	92.50	233.08
15.42	87.31	92.50	233.08
15.43	87.31	92.50	233.08
15.44	87.31	92.50	233.08
15.45	87.31	92.50	233.08
15.46	87.31	92.50	233.08
15.47	87.31	92.50	233.08
15.48	87.31	92.50	233.08
15.49	87.31	92.50	233.08	466.16
15.50	87.31	92.50	233.08	466.16
15.51	87.31	92.50	466.16
15.52	87.31	92.50	466.16
15.53	87.31	92.50	466.16
15.54	87.31	92.50	466.16
15.55	87.31	92.50	466.16
15.56	87.31	466.16
15.57	87.31	466.16
15.58
15.59
15.60
15.61
15.62
15.63
15.64
15.65
15.66
15.67
15.68
15.69
15.70
15.71
15.72
15.73
15.74
15.75
15.76
15.77
15.78
15.79
15.80
15.81
15.82
15.83
15.84
15.85
15.86
15.87
15.88
15.89
15.90
15.91
15.92
15.93
15.94
15.95
15.96
15.97
15.98
15.99
16.00
16.01
16.02
16.03
16.04
16.05
16.06
16.07
16.08
16.09
16.10
16.11
16.12
16.13
16.14
16.15
16.16
16.17
16.18
16.19
16.20
16.21
16.22
16.23
16.24
16.25
16.26
16.27
16.28
16.29
16.30
16.31
16.32
16.33
16.34
16.35
16.36
16.37
16.38
16.39
16.40
16.41
16.42
16.43
16.44
16.45
16.46
16.47
16.48
16.49
16.50
16.51
16.52
16.53
16.54
16.55
16.56
