0.01
0.02
0.03
0.04
0.05
0.06
0.07
0.08
0.09
0.10
0.11
0.12
0.13
0.14
0.15
0.16
0.17
0.18
0.19
0.20
0.21
0.22
0.23
0.24
0.25
0.26
0.27
0.28
0.29
0.30
0.31
0.32
0.33
0.34
0.35
0.36
0.37
0.38
0.39
0.40
0.41
0.42
0.43
0.44
0.45
0.46
0.47
0.48
0.49
0.50
0.51
0.52
0.53
0.54
0.55
0.56
0.57
0.58
0.59
0.60
0.61
0.62
0.63
0.64
0.65
0.66
0.67
0.68
0.69
0.70
0.71
0.72
0.73
0.74
0.75
0.76
0.77
0.78
0.79
0.80
0.81
0.82	369.99
0.83	369.99
0.84	185.00	369.99
0.85	185.00	369.99
0.86	185.00	369.99
0.87	185.00	369.99
0.88	185.00	369.99
0.89	185.00	369.99
0.90	185.00	369.99
0.91	185.00
0.92	185.00
0.93	185.00
0.94	185.00
0.95	185.00
0.96	185.00
0.97	185.00
0.98	185.00
0.99	185.00
1.00	185.00
1.01	185.00
1.02	185.00
1.03	185.00
1.04	185.00
1.05	185.00
1.06	185.00
1.07	185.00
1.08	185.00
1.09	185.00
1.10	185.00
1.11	185.00
1.12	185.00
1.13	185.00
1.14	185.00
1.15	185.00
1.16	185.00
1.17	185.00
1.18	185.00
1.19	185.00
1.20	185.00
1.21	185.00	293.66
1.22	185.00	293.66
1.23	185.00	293.66
1.24	185.00	293.66
1.25	185.00	293.66
1.26	185.00	293.66
1.27	185.00	293.66
1.28	185.00	293.66
1.29	185.00	293.66
1.30	185.00
1.31	185.00
1.32	185.00
1.33	185.00
1.34	185.00
1.35	185.00
1.36	185.00
1.37	185.00
1.38	185.00
1.39	185.00
1.40	185.00
1.41	185.00
1.42	185.00
1.43	185.00
1.44	185.00
1.45	185.00
1.46	185.00
1.47	185.00
1.48	185.00
1.49	185.00
1.50	185.00
1.51	185.00
1.52	185.00
1.53	185.00
1.54	185.00
1.55	185.00
1.56	185.00
1.57	185.00
1.58	185.00
1.59	185.00
1.60	185.00
1.61	185.00
1.62	185.00
1.63	185.00
1.64	185.00
1.65	185.00
1.66	185.00
1.67	185.00
1.68	185.00
1.69	185.00
1.70	185.00
1.71	185.00
1.72	185.00
1.73	185.00
1.74	185.00
1.75	185.00
1.76	185.00
1.77	185.00
1.78	185.00
1.79	185.00
1.80	185.00
1.81	185.00
1.82	185.00
1.83	185.00
1.84	185.00	293.66
1.85	185.00	293.66
1.86	185.00	293.66
1.87	185.00	293.66
1.88	185.00	293.66
1.89	185.00	293.66
1.90	185.00	293.66
1.91	185.00	293.66
1.92	185.00	293.66
1.93	185.00	293.66
1.94	185.00	293.66
1.95	185.00	293.66
1.96	185.00	293.66
1.97	185.00	293.66
1.98	185.00	293.66
1.99	185.00	293.66
2.00	185.00	293.66
2.01	185.00	293.66
2.02	185.00	293.66
2.03	185.00	293.66
2.04	185.00	293.66
2.05	185.00	293.66
2.06	185.00	293.66
2.07	185.00	293.66
2.08	185.00	293.66
2.09	185.00	293.66
2.10	185.00	293.66
2.11	185.00	293.66
2.12	185.00	293.66
2.13	185.00	293.66
2.14	185.00
2.15	185.00
2.16	185.00	293.66
2.17	185.00	293.66
2.18	293.66
2.19	293.66
2.20	293.66
2.21	293.66
2.22	293.66
2.23	293.66
2.24	293.66
2.25	293.66
2.26	293.66
2.27	293.66
2.28	293.66
2.29	293.66
2.30	293.66
2.31	293.66
2.32	293.66
2.33	293.66
2.34	293.66
2.35	293.66
2.36	293.66
2.37	61.74	293.66
2.38	61.74	293.66
2.39	61.74	293.66
2.40	61.74	293.66
2.41	61.74	293.66
2.42	61.74	293.66
2.43	61.74	293.66
2.44	61.74	293.66
2.45	61.74	293.66
2.46	61.74
2.47	61.74	329.63
2.48	61.74	329.63
2.49	329.63
2.50	329.63
2.51	329.63
2.52	329.63
2.53	329.63
2.54	329.63
2.55	329.63
2.56	329.63
2.57	329.63
2.58	329.63
2.59	329.63
2.60	329.63
2.61	329.63	369.99
2.62	329.63	369.99
2.63	369.99
2.64	369.99
2.65	73.42	293.66	369.99
2.66	73.42	293.66	369.99
2.67	73.42	293.66	369.99
2.68	73.42	293.66	369.99
2.69	73.42	293.66	369.99
2.70	73.42	293.66	369.99
2.71	73.42	293.66	369.99
2.72	73.42	293.66	369.99
2.73	73.42	293.66	369.99
2.74	73.42	369.99
2.75	73.42	369.99
2.76	73.42	369.99
2.77	73.42	164.81	369.99	392.00
2.78	73.42	164.81	369.99	392.00
2.79	164.81	392.00
2.80	164.81	392.00
2.81	164.81	392.00
2.82	164.81	392.00
2.83	164.81	392.00
2.84	164.81	392.00
2.85	164.81	392.00
2.86	164.81	392.00
2.87	164.81	392.00
2.88	164.81	392.00
2.89	164.81	392.00
2.90	164.81	392.00
2.91	164.81	392.00
2.92	164.81	392.00
2.93	164.81	392.00
2.94	164.81	392.00
2.95	164.81	392.00
2.96	164.81	392.00
2.97	164.81
2.98	164.81
2.99	164.81
3.00	164.81
3.01	164.81
3.02	82.41	164.81	392.00
3.03	82.41	164.81	392.00
3.04	82.41	164.81	392.00
3.05	82.41	164.81	392.00
3.06	82.41	164.81	392.00
3.07	82.41	164.81	392.00
3.08	82.41	164.81	392.00
3.09	82.41	392.00
3.10	82.41	392.00
3.11	82.41	392.00
3.12	82.41	369.99	392.00
3.13	82.41	369.99	392.00
3.14	82.41	369.99	392.00
3.15	82.41	369.99	392.00
3.16	73.42	82.41	185.00	369.99	392.00
3.17	73.42	82.41	185.00	369.99	392.00
3.18	73.42	185.00	369.99	392.00
3.19	73.42	185.00	369.99	392.00
3.20	73.42	185.00	369.99	392.00
3.21	73.42	185.00	369.99
3.22	73.42	185.00	369.99
3.23	185.00	369.99
3.24	185.00	369.99
3.25	185.00
3.26	82.41	164.81	185.00	392.00
3.27	82.41	164.81	185.00	392.00
3.28	82.41	164.81	392.00
3.29	82.41	164.81	392.00
3.30	82.41	164.81	392.00
3.31	82.41	164.81	392.00
3.32	82.41	164.81	392.00
3.33	82.41	164.81	392.00
3.34	82.41	164.81	392.00
3.35	82.41	164.81	392.00
3.36	82.41	164.81	392.00
3.37	82.41	164.81	392.00
3.38	82.41	164.81	392.00
3.39	82.41	164.81	392.00
3.40	82.41	146.83	164.81	392.00
3.41	82.41	146.83	164.81	392.00
3.42	146.83	164.81
3.43	146.83	164.81
3.44	146.83	164.81	369.99
3.45	146.83	164.81	369.99
3.46	73.42	146.83	164.81	369.99
3.47	73.42	146.83	164.81	369.99
3.48	73.42	369.99
3.49	73.42	369.99
3.50	73.42	369.99
3.51	73.42	369.99
3.52	73.42	369.99
3.53	73.42	369.99
3.54	73.42	369.99
3.55	73.42	369.99
3.56	73.42	123.47	369.99
3.57	73.42	123.47	369.99
3.58	123.47
3.59	123.47
3.60	61.74	123.47	493.88
3.61	61.74	123.47	493.88
3.62	61.74	123.47	493.88
3.63	61.74	123.47	493.88
3.64	61.74	123.47	493.88
3.65	61.74	123.47	493.88
3.66	61.74	123.47	493.88
3.67	61.74	123.47	493.88
3.68	61.74	123.47	493.88
3.69	123.47	493.88
3.70	123.47	493.88
3.71	123.47	493.88
3.72	123.47	493.88	554.37
3.73	123.47	493.88	554.37
3.74	123.47	277.18	466.16	493.88	554.37
3.75	123.47	277.18	466.16	493.88	554.37
3.76	123.47	277.18	466.16	493.88	554.37
3.77	123.47	277.18	466.16	493.88	554.37
3.78	123.47	277.18	466.16	493.88	554.37
3.79	46.25	277.18	369.99	466.16	493.88	554.37
3.80	46.25	277.18	369.99	466.16	493.88	554.37
3.81	46.25	277.18	369.99	466.16	493.88	554.37
3.82	46.25	277.18	369.99	466.16	493.88	554.37
3.83	46.25	277.18	369.99	466.16	554.37
3.84	46.25	277.18	369.99	466.16	554.37	587.33
3.85	46.25	277.18	369.99	466.16	554.37	587.33
3.86	46.25	277.18	369.99	466.16	554.37	587.33
3.87	46.25	277.18	369.99	466.16	554.37	587.33
3.88	46.25	277.18	369.99	466.16	554.37	587.33
3.89	46.25	277.18	369.99	466.16	554.37	587.33
3.90	46.25	277.18	369.99	466.16	554.37	587.33
3.91	46.25	277.18	369.99	466.16	554.37	587.33
3.92	46.25	277.18	369.99	466.16	554.37	587.33
3.93	46.25	277.18	369.99	466.16	554.37
3.94	46.25	277.18	369.99	466.16	554.37
3.95	46.25	233.08	277.18	466.16	554.37
3.96	46.25	233.08	277.18	466.16	554.37
3.97	46.25	233.08	277.18	554.37
3.98	46.25	233.08	277.18	554.37
3.99	46.25	233.08	277.18	554.37
4.00	46.25	233.08	277.18
4.01	46.25	233.08	277.18
4.02	46.25	185.00	233.08	277.18
4.03	46.25	185.00	233.08	277.18
4.04	46.25	185.00	233.08	277.18
4.05	46.25	185.00	233.08	277.18
4.06	46.25	185.00	233.08	277.18
4.07	46.25	185.00	233.08	277.18
4.08	46.25	185.00	233.08	277.18
4.09	46.25	185.00	233.08	277.18
4.10	46.25	185.00	233.08	277.18
4.11	46.25	185.00	277.18
4.12	46.25	185.00	277.18
4.13	46.25	277.18
4.14	46.25	277.18
4.15	46.25	277.18
4.16	46.25	277.18
4.17	46.25	277.18
4.18	46.25	277.18
4.19	46.25	277.18
4.20	46.25	277.18
4.21	46.25	277.18
4.22	46.25	277.18
4.23	46.25	277.18	369.99	739.99
4.24	46.25	277.18	369.99	739.99
4.25	46.25	277.18	369.99	739.99
4.26	46.25	277.18	369.99	739.99
4.27	46.25	369.99	739.99
4.28	46.25	369.99	554.37	739.99
4.29	46.25	369.99	554.37	739.99
4.30	46.25	369.99	554.37	739.99
4.31	46.25	369.99	554.37	739.99
4.32	46.25	369.99	554.37	739.99	783.99
4.33	46.25	369.99	554.37	739.99	783.99
4.34	46.25	369.99	554.37	739.99	783.99
4.35	46.25	369.99	554.37	739.99	783.99
4.36	46.25	369.99	554.37	739.99	783.99
4.37	46.25	185.00	369.99	554.37	739.99	783.99
4.38	46.25	185.00	369.99	554.37	739.99	783.99
4.39	46.25	185.00	369.99	554.37	739.99
4.40	46.25	185.00	369.99	554.37	739.99
4.41	46.25	185.00	369.99	554.37	739.99
4.42	46.25	185.00	369.99	554.37	739.99
4.43	46.25	185.00	369.99	554.37	739.99
4.44	46.25	369.99	554.37	739.99
4.45	46.25	369.99	554.37	739.99
4.46	46.25	369.99	554.37	739.99
4.47	46.25	369.99	554.37	739.99
4.48	46.25	369.99	554.37	739.99
4.49	46.25	369.99	554.37	739.99
4.50	46.25	369.99	554.37	739.99
4.51	46.25	369.99	554.37	739.99
4.52	46.25	369.99	554.37	739.99
4.53	46.25	369.99	554.37	739.99
4.54	46.25	369.99	554.37	739.99
4.55	46.25	369.99	554.37	739.99
4.56	46.25	369.99	554.37	739.99
4.57	46.25	369.99	554.37	739.99
4.58	46.25	369.99	739.99
4.59	46.25	369.99	739.99
4.60	46.25	369.99	739.99
4.61	46.25	369.99	739.99
4.62	46.25	369.99	739.99
4.63	46.25	369.99	739.99
4.64	46.25	369.99	739.99
4.65	46.25	369.99
4.66	46.25	369.99
4.67	46.25	369.99
4.68	46.25	369.99
4.69	46.25	369.99
4.70	46.25	369.99
4.71	46.25	369.99
4.72	46.25	369.99
4.73	46.25	369.99
4.74	46.25	369.99	587.33
4.75	46.25	369.99	587.33
4.76	46.25	369.99	587.33
4.77	46.25	369.99	587.33
4.78	46.25	369.99	587.33
4.79	46.25	123.47	293.66	369.99	587.33
4.80	46.25	123.47	293.66	369.99	587.33
4.81	46.25	123.47	293.66	493.88	587.33
4.82	46.25	123.47	293.66	493.88	587.33
4.83	46.25	123.47	293.66	369.99	493.88	587.33
4.84	46.25	123.47	293.66	369.99	493.88	587.33
4.85	46.25	123.47	293.66	369.99	493.88	587.33
4.86	46.25	123.47	293.66	369.99	493.88	587.33
4.87	46.25	123.47	293.66	369.99	493.88	587.33
4.88	46.25	61.74	123.47	293.66	369.99	493.88	587.33
4.89	46.25	61.74	123.47	293.66	369.99	493.88	587.33
4.90	46.25	61.74	123.47	293.66	369.99	493.88	587.33
4.91	46.25	61.74	123.47	293.66	369.99	493.88	587.33
4.92	46.25	61.74	293.66	369.99	493.88	587.33
4.93	46.25	61.74	293.66	369.99	493.88	587.33
4.94	46.25	61.74	293.66	369.99	493.88	587.33
4.95	46.25	61.74	293.66	369.99	493.88	587.33
4.96	46.25	61.74	293.66	369.99	493.88	587.33
4.97	46.25	61.74	293.66	493.88	587.33
4.98	46.25	61.74	293.66	493.88	587.33
4.99	46.25	61.74	293.66	493.88	587.33
5.00	46.25	61.74	293.66	493.88	587.33
5.01	46.25	61.74	293.66	493.88	587.33
5.02	46.25	61.74	293.66	493.88	587.33
5.03	46.25	61.74	293.66	493.88	587.33
5.04	46.25	61.74	123.47	293.66	493.88	587.33
5.05	46.25	61.74	123.47	293.66	493.88	587.33
5.06	46.25	61.74	123.47	293.66	493.88	587.33
5.07	46.25	61.74	123.47	293.66	493.88	587.33
5.08	46.25	61.74	123.47	293.66	493.88	587.33
5.09	46.25	61.74	123.47	293.66	369.99	493.88	587.33
5.10	46.25	61.74	123.47	293.66	369.99	493.88	587.33
5.11	61.74	123.47	293.66	369.99	493.88	587.33
5.12	61.74	123.47	293.66	369.99	493.88	587.33
5.13	61.74	123.47	293.66	369.99	493.88	587.33
5.14	61.74	123.47	293.66	369.99	493.88	587.33
5.15	61.74	123.47	293.66	369.99	493.88	587.33
5.16	61.74	123.47	293.66	369.99	493.88	587.33
5.17	61.74	123.47	293.66	369.99	493.88	587.33
5.18	61.74	123.47	293.66	369.99	493.88	587.33
5.19	61.74	123.47	293.66	369.99	493.88	587.33
5.20	61.74	123.47	293.66	369.99	493.88	587.33
5.21	61.74	123.47	293.66	369.99	493.88	587.33
5.22	61.74	123.47	293.66	369.99	493.88	587.33
5.23	61.74	123.47	293.66	369.99	493.88	587.33
5.24	61.74	123.47	293.66	369.99	493.88	587.33
5.25	123.47	293.66	369.99	493.88
5.26	123.47	293.66	369.99	493.88
5.27	123.47	493.88
5.28	123.47	246.94	466.16	493.88
5.29	123.47	246.94	466.16	493.88
5.30	123.47	246.94	349.23	415.30	466.16	493.88
5.31	123.47	246.94	349.23	415.30	466.16	493.88
5.32	246.94	349.23	415.30	466.16	493.88
5.33	246.94	349.23	415.30	466.16	493.88
5.34	246.94	349.23	415.30	466.16	493.88
5.35	246.94	349.23	415.30	466.16	493.88
5.36	246.94	349.23	415.30	466.16	493.88
5.37	73.42	246.94	349.23	415.30	466.16	493.88
5.38	73.42	246.94	349.23	415.30	466.16	493.88
5.39	73.42	246.94	415.30	493.88
5.40	73.42	246.94	415.30	493.88
5.41	73.42	246.94	415.30	493.88
5.42	73.42	246.94	415.30	493.88
5.43	73.42	246.94	415.30	493.88
5.44	73.42	246.94	415.30	493.88
5.45	73.42	246.94	415.30	493.88
5.46	73.42	246.94	415.30	493.88
5.47	73.42	246.94	415.30	493.88
5.48	73.42	246.94	415.30	493.88
5.49	73.42	246.94	415.30	493.88
5.50	73.42	246.94	415.30	493.88
5.51	73.42	246.94	415.30	493.88
5.52	73.42	246.94	415.30	493.88
5.53	73.42	246.94	415.30	493.88
5.54	73.42	246.94	415.30	493.88
5.55	73.42	246.94	415.30	493.88
5.56	73.42	246.94	415.30	493.88
5.57	73.42	246.94	415.30	493.88
5.58	73.42	246.94	415.30	493.88
5.59	73.42	246.94	415.30	493.88
5.60	73.42	246.94	415.30	493.88
5.61	73.42	246.94	415.30	493.88
5.62	73.42	246.94	415.30	493.88
5.63	73.42	246.94	415.30	493.88
5.64	246.94	415.30	493.88
5.65	246.94	415.30	493.88
5.66	246.94	415.30	493.88
5.67	246.94	415.30	493.88
5.68	246.94	415.30	493.88
5.69	246.94	415.30	493.88
5.70	246.94	415.30	493.88
5.71	246.94
5.72	246.94
5.73	246.94
5.74	73.42	246.94
5.75	73.42	246.94
5.76	73.42	246.94
5.77	73.42	246.94
5.78	73.42
5.79	73.42	369.99
5.80	73.42	369.99
5.81	73.42	185.00	369.99
5.82	73.42	185.00	369.99
5.83	73.42	92.50	185.00	233.08	369.99
5.84	73.42	92.50	185.00	233.08	369.99
5.85	92.50	185.00	233.08	369.99
5.86	92.50	185.00	233.08	369.99
5.87	92.50	185.00	233.08	369.99
5.88	92.50	185.00	233.08	369.99
5.89	92.50	185.00	233.08	369.99
5.90	92.50	185.00	233.08	369.99
5.91	92.50	185.00	233.08	369.99
5.92	92.50	185.00	233.08	369.99
5.93	92.50	185.00	233.08	369.99	493.88
5.94	92.50	185.00	233.08	369.99	493.88
5.95	92.50	185.00	233.08	369.99	493.88
5.96	92.50	185.00	233.08	369.99	493.88
5.97	92.50	185.00	233.08	369.99	493.88
5.98	92.50	185.00	233.08	369.99	493.88
5.99	92.50	185.00	233.08	369.99	493.88
6.00	92.50	185.00	233.08	369.99	493.88
6.01	92.50	185.00	233.08	369.99	493.88
6.02	92.50	185.00	277.18	369.99	493.88
6.03	92.50	185.00	277.18	369.99	493.88
6.04	92.50	277.18	369.99
6.05	92.50	277.18	369.99
6.06	92.50	277.18	369.99
6.07	92.50	277.18	369.99
6.08	92.50	277.18	369.99
6.09	92.50	277.18	369.99
6.10	92.50	277.18	369.99
6.11	92.50	369.99
6.12	92.50	369.99
6.13	92.50	369.99
6.14	92.50	369.99
6.15	92.50	369.99
6.16	92.50	369.99
6.17	92.50	369.99
6.18	92.50	369.99
6.19	92.50	369.99
6.20	92.50	369.99
6.21	92.50	369.99
6.22	92.50	369.99
6.23	92.50	369.99
6.24	92.50	369.99
6.25	92.50	185.00	369.99
6.26	92.50	185.00	369.99
6.27	92.50	185.00	369.99
6.28	92.50	185.00	369.99
6.29	92.50	185.00	369.99
6.30	92.50	185.00	369.99
6.31	92.50	185.00	369.99
6.32	185.00	369.99
6.33	185.00	369.99
6.34	92.50	185.00
6.35	92.50	185.00
6.36	92.50	185.00
6.37	92.50	185.00	293.66
6.38	92.50	185.00	293.66
6.39	92.50	185.00	293.66
6.40	92.50	185.00	293.66
6.41	92.50	185.00	293.66
6.42	92.50	185.00	293.66
6.43	92.50
6.44	92.50
6.45	92.50
6.46	92.50
6.47	92.50
6.48	329.63
6.49	329.63
6.50	329.63
6.51	329.63
6.52	329.63
6.53	329.63
6.54	329.63
6.55	329.63
6.56	329.63
6.57	329.63
6.58	329.63
6.59	329.63
6.60	329.63
6.61	329.63
6.62
6.63
6.64
6.65	369.99
6.66	369.99
6.67	369.99
6.68	369.99
6.69	369.99
6.70	369.99
6.71	369.99
6.72	369.99
6.73	369.99
6.74	369.99
6.75	369.99
6.76	369.99
6.77	369.99
6.78
6.79
6.80
6.81	392.00
6.82	392.00
6.83	392.00
6.84	392.00
6.85	164.81	185.00	392.00
6.86	164.81	185.00	392.00
6.87	164.81	185.00	392.00
6.88	164.81	185.00	392.00
6.89	164.81	185.00	392.00
6.90	164.81	185.00	392.00
6.91	164.81	185.00	392.00
6.92	164.81	185.00	392.00
6.93	164.81	185.00	392.00
6.94	164.81	392.00
6.95	164.81	392.00
6.96	164.81	392.00
6.97	164.81	392.00
6.98	164.81	392.00
6.99	164.81	392.00
7.00	164.81	392.00
7.01	164.81	392.00
7.02	164.81	392.00
7.03	164.81	392.00
7.04	164.81	392.00
7.05	164.81	392.00
7.06	164.81	392.00
7.07	164.81	392.00
7.08	164.81	392.00
7.09	164.81	392.00
7.10	164.81	392.00
7.11	164.81	392.00
7.12	164.81	392.00
7.13	164.81	392.00
7.14	164.81	392.00
7.15	164.81	392.00
7.16	73.42	164.81	392.00	739.99
7.17	73.42	164.81	392.00	739.99
7.18	73.42	164.81	185.00	392.00	739.99
7.19	73.42	164.81	185.00	392.00	739.99
7.20	73.42	164.81	185.00	739.99
7.21	73.42	164.81	185.00	739.99
7.22	73.42	164.81	185.00	739.99
7.23	73.42	164.81	185.00	739.99
7.24	73.42	164.81	185.00	739.99
7.25	73.42	164.81	185.00
7.26	73.42	164.81	185.00
7.27	73.42	164.81	185.00
7.28	73.42	164.81	185.00
7.29	73.42	164.81
7.30	73.42	164.81	392.00
7.31	73.42	164.81	392.00
7.32	164.81	392.00
7.33	164.81	392.00
7.34	164.81	392.00
7.35	164.81	392.00
7.36	164.81	392.00
7.37	82.41	164.81	392.00
7.38	82.41	164.81	392.00
7.39	82.41	164.81	392.00
7.40	82.41	164.81	392.00
7.41	82.41	164.81	392.00
7.42	82.41	164.81	392.00
7.43	82.41	164.81	392.00
7.44	82.41	164.81	392.00
7.45	82.41	164.81	392.00
7.46	82.41	146.83	164.81	739.99
7.47	82.41	146.83	164.81	739.99
7.48	146.83	164.81	739.99
7.49	146.83	164.81	739.99
7.50	146.83	164.81	739.99
7.51	146.83	164.81	739.99
7.52	146.83	164.81	739.99
7.53	739.99
7.54	739.99
7.55
7.56
7.57
7.58
7.59
7.60
7.61
7.62	123.47	493.88
7.63	123.47	493.88
7.64	123.47	493.88
7.65	123.47	493.88
7.66	123.47	493.88
7.67	123.47	493.88
7.68	123.47	493.88
7.69	123.47	493.88
7.70	123.47	493.88
7.71	123.47	493.88
7.72	123.47	493.88
7.73
7.74
7.75
7.76	369.99	554.37
7.77	369.99	554.37
7.78	164.81	220.00	369.99	554.37
7.79	164.81	220.00	369.99	554.37
7.80	164.81	220.00	369.99	554.37
7.81	164.81	220.00	369.99	554.37
7.82	164.81	220.00	369.99	554.37
7.83	164.81	220.00	369.99	554.37
7.84	164.81	220.00	369.99	554.37
7.85	164.81	369.99	554.37	587.33
7.86	164.81	369.99	554.37	587.33
7.87	164.81	369.99	554.37	587.33
7.88	110.00	164.81	277.18	369.99	554.37	587.33
7.89	110.00	164.81	277.18	369.99	554.37	587.33
7.90	110.00	164.81	277.18	369.99	554.37	587.33
7.91	110.00	164.81	277.18	369.99	554.37	587.33
7.92	110.00	164.81	277.18	369.99	554.37	587.33
7.93	110.00	164.81	277.18	369.99	554.37	587.33
7.94	110.00	164.81	277.18	369.99	554.37
7.95	110.00	164.81	277.18	369.99	554.37
7.96	110.00	164.81	277.18	369.99	554.37
7.97	110.00	164.81	220.00	277.18	369.99	554.37
7.98	110.00	164.81	220.00	277.18	369.99	554.37
7.99	110.00	164.81	220.00	277.18	369.99	554.37
8.00	110.00	164.81	220.00	277.18	369.99	554.37
8.01	110.00	164.81	220.00	277.18	369.99	554.37
8.02	110.00	164.81	220.00	277.18	369.99	554.37
8.03	110.00	164.81	220.00	277.18	369.99	554.37
8.04	55.00	164.81	220.00	277.18	369.99
8.05	55.00	164.81	220.00	277.18	369.99
8.06	55.00	164.81	220.00	277.18	369.99
8.07	55.00	164.81	220.00	277.18	369.99
8.08	55.00	277.18	369.99
8.09	55.00	277.18	369.99
8.10	55.00	277.18	369.99
8.11	55.00	277.18	369.99
8.12	55.00	277.18	369.99
8.13	55.00	164.81	277.18	369.99
8.14	55.00	164.81	277.18	369.99
8.15	55.00	164.81	277.18	369.99
8.16	55.00	164.81	277.18	369.99
8.17	55.00	164.81	277.18	369.99
8.18	55.00	164.81	277.18	369.99
8.19	55.00	164.81	277.18	369.99
8.20	55.00	164.81	277.18	369.99
8.21	55.00	164.81	277.18	369.99
8.22	55.00	220.00	277.18	369.99
8.23	55.00	220.00	277.18	369.99
8.24	55.00	220.00	277.18	369.99
8.25	55.00	220.00	277.18	369.99
8.26	55.00	220.00	277.18	369.99
8.27	55.00	220.00	277.18	369.99	739.99
8.28	55.00	220.00	277.18	369.99	739.99
8.29	55.00	220.00	277.18	369.99	739.99
8.30	55.00	220.00	277.18	369.99	739.99
8.31	55.00	220.00	369.99	739.99
8.32	55.00	185.00	220.00	369.99	739.99
8.33	55.00	185.00	220.00	369.99	739.99
8.34	164.81	185.00	220.00	369.99	739.99
8.35	164.81	185.00	220.00	369.99	739.99
8.36	164.81	185.00	220.00	369.99	739.99
8.37	164.81	185.00	220.00	369.99	739.99
8.38	164.81	185.00	220.00	369.99	739.99
8.39	46.25	164.81	185.00	220.00	277.18	369.99	739.99
8.40	46.25	164.81	185.00	220.00	277.18	369.99	739.99
8.41	46.25	164.81	185.00	220.00	277.18	369.99	739.99
8.42	46.25	164.81	185.00	220.00	277.18	369.99	739.99
8.43	46.25	164.81	185.00	277.18	369.99	739.99
8.44	46.25	164.81	185.00	277.18	369.99	739.99
8.45	46.25	185.00	277.18	369.99	739.99
8.46	46.25	185.00	277.18	369.99	739.99
8.47	46.25	185.00	277.18	369.99	739.99
8.48	46.25	185.00	277.18	369.99	739.99
8.49	46.25	185.00	277.18	369.99	739.99
8.50	46.25	277.18	369.99	739.99
8.51	46.25	277.18	369.99	739.99
8.52	46.25	277.18	369.99	739.99
8.53	46.25	277.18	369.99	739.99
8.54	46.25	277.18	369.99	739.99
8.55	46.25	277.18	369.99	739.99
8.56	46.25	277.18	369.99	739.99
8.57	46.25	277.18	369.99	739.99
8.58	46.25	277.18	369.99	739.99
8.59	46.25	369.99	739.99
8.60	46.25	185.00	369.99	739.99
8.61	46.25	185.00	369.99	739.99
8.62	46.25	185.00	369.99	739.99
8.63	46.25	185.00	369.99	739.99
8.64	46.25	185.00	369.99
8.65	46.25	185.00	369.99
8.66	46.25	185.00	369.99
8.67	46.25	185.00	369.99
8.68	46.25	185.00	369.99
8.69	46.25	369.99
8.70	46.25	369.99
8.71	46.25	369.99
8.72	46.25	369.99
8.73	46.25	369.99
8.74	46.25	185.00	369.99
8.75	46.25	185.00	369.99
8.76	46.25	185.00	369.99	587.33
8.77	46.25	185.00	369.99	587.33
8.78	46.25	185.00	369.99	587.33
8.79	46.25	185.00	369.99	587.33
8.80	46.25	369.99	587.33
8.81	46.25	293.66	369.99	587.33
8.82	46.25	293.66	369.99	587.33
8.83	46.25	123.47	164.81	293.66	369.99	587.33
8.84	46.25	123.47	164.81	293.66	369.99	587.33
8.85	123.47	164.81	293.66	369.99	587.33
8.86	123.47	164.81	293.66	369.99	587.33
8.87	123.47	164.81	293.66	369.99	587.33
8.88	123.47	164.81	293.66	369.99	587.33
8.89	123.47	164.81	293.66	369.99	587.33
8.90	123.47	246.94	293.66	369.99	587.33
8.91	123.47	246.94	293.66	369.99	587.33
8.92	123.47	246.94	293.66	369.99	587.33
8.93	123.47	246.94	293.66	369.99	587.33
8.94	61.74	246.94	293.66	369.99	587.33
8.95	61.74	246.94	293.66	369.99	587.33
8.96	61.74	246.94	293.66	369.99	587.33
8.97	61.74	246.94	293.66	369.99	587.33
8.98	61.74	246.94	293.66	369.99	587.33
8.99	61.74	246.94	293.66	369.99	587.33
9.00	61.74	246.94	293.66	369.99	587.33
9.01	61.74	246.94	293.66	369.99	587.33
9.02	61.74	246.94	293.66	369.99	587.33
9.03	61.74	246.94	293.66	369.99	587.33
9.04	61.74	246.94	293.66	369.99	587.33
9.05	61.74	246.94	293.66	369.99	587.33
9.06	61.74	246.94	293.66	369.99	587.33
9.07	61.74	246.94	293.66	369.99	587.33
9.08	61.74	246.94	293.66	369.99	587.33
9.09	61.74	246.94	293.66	369.99	587.33
9.10	61.74	246.94	293.66	369.99	587.33
9.11	61.74	246.94	293.66	369.99	587.33
9.12	61.74	246.94	293.66	369.99	587.33
9.13	61.74	246.94	293.66	369.99	587.33
9.14	61.74	246.94	293.66	369.99	587.33
9.15	61.74	123.47	246.94	293.66	369.99	587.33
9.16	61.74	123.47	246.94	293.66	369.99	587.33
9.17	61.74	123.47	246.94	293.66	369.99	587.33
9.18	61.74	123.47	246.94	293.66	369.99	587.33
9.19	61.74	123.47	246.94	293.66	369.99	587.33
9.20	46.25	61.74	123.47	293.66	369.99	587.33
9.21	46.25	61.74	123.47	293.66	369.99	587.33
9.22	46.25	61.74	123.47	293.66	369.99	587.33
9.23	46.25	61.74	123.47	293.66	369.99	587.33
9.24	46.25	61.74	123.47	293.66	369.99	587.33
9.25	46.25	61.74	123.47	293.66	369.99	587.33
9.26	46.25	61.74	123.47	293.66	369.99	587.33
9.27	46.25	123.47	293.66	369.99	587.33
9.28	46.25	123.47	293.66	369.99	587.33
9.29	123.47	293.66	349.23	369.99
9.30	123.47	293.66	349.23	369.99
9.31	123.47	293.66	349.23	369.99
9.32	123.47	293.66	349.23	369.99
9.33	123.47	293.66	349.23	369.99
9.34	69.30	293.66	349.23	369.99
9.35	69.30	293.66	349.23	369.99
9.36	69.30	246.94	293.66	349.23
9.37	69.30	246.94	293.66	349.23
9.38	69.30	246.94	293.66	349.23
9.39	69.30	246.94	293.66	349.23
9.40	69.30	246.94	293.66	349.23
9.41	69.30	246.94	293.66	349.23	415.30
9.42	69.30	246.94	293.66	349.23	415.30
9.43	69.30	246.94	293.66	349.23	415.30
9.44	69.30	246.94	293.66	349.23	415.30
9.45	69.30	246.94	293.66	349.23	415.30
9.46	69.30	246.94	293.66	349.23	415.30
9.47	69.30	246.94	293.66	349.23	415.30
9.48	69.30	246.94	293.66	349.23	415.30
9.49	69.30	246.94	293.66	349.23	415.30
9.50	69.30	207.65	246.94	293.66	349.23
9.51	69.30	207.65	246.94	293.66	349.23
9.52	207.65	246.94	293.66	349.23
9.53	207.65	246.94	293.66	349.23
9.54	207.65	246.94	293.66	349.23
9.55	207.65	246.94	293.66	349.23
9.56	207.65	246.94	293.66	349.23
9.57	207.65	246.94	293.66	349.23
9.58	207.65	246.94	293.66	349.23
9.59	207.65	246.94	293.66	349.23
9.60	207.65	246.94	293.66	349.23
9.61	207.65	246.94	293.66	349.23
9.62	207.65	246.94	293.66	349.23
9.63	207.65	246.94	293.66	349.23
9.64	207.65	246.94	293.66	349.23
9.65	207.65	246.94	293.66	349.23
9.66	207.65	246.94	293.66	349.23
9.67	207.65	246.94	293.66	349.23
9.68	207.65	246.94	293.66	349.23
9.69	207.65	246.94	293.66	349.23
9.70	207.65	246.94	293.66	349.23
9.71	207.65	246.94	293.66	349.23
9.72	207.65	246.94	293.66	349.23
9.73	207.65	246.94	349.23
9.74	207.65	246.94	349.23
9.75	207.65	246.94
9.76	207.65	246.94
9.77	207.65	246.94
9.78
9.79
9.80
9.81
9.82
9.83	185.00
9.84	185.00
9.85	185.00	233.08	369.99
9.86	185.00	233.08	369.99
9.87	92.50	185.00	233.08	369.99
9.88	92.50	185.00	233.08	369.99
9.89	92.50	185.00	233.08	369.99
9.90	92.50	185.00	233.08	369.99
9.91	92.50	185.00	233.08	369.99
9.92	92.50	185.00	233.08	369.99
9.93	92.50	185.00	233.08	369.99
9.94	92.50	185.00	369.99
9.95	92.50	185.00	369.99
9.96	92.50	369.99
9.97	92.50	369.99
9.98	92.50	369.99
9.99	92.50	369.99
10.00	92.50	369.99
10.01	92.50	369.99
10.02	92.50	369.99
10.03	92.50	369.99
10.04	92.50	369.99
10.05	92.50	369.99
10.06	92.50	233.08
10.07	92.50	233.08
10.08	92.50	233.08
10.09	92.50	233.08
10.10	92.50	233.08
10.11	92.50	233.08
10.12	92.50	233.08
10.13	92.50	185.00	233.08
10.14	92.50	185.00	233.08
10.15	92.50	185.00	233.08
10.16	92.50	185.00	233.08
10.17	92.50	185.00	233.08
10.18	92.50	185.00	233.08
10.19	92.50	185.00	233.08
10.20	92.50	185.00
10.21	92.50	185.00
10.22	92.50
10.23	92.50
10.24	92.50
10.25	92.50
10.26	92.50
10.27	92.50
10.28	92.50
10.29	92.50
10.30	92.50
10.31	92.50
10.32	92.50
10.33	92.50
10.34	92.50
10.35	92.50
10.36	92.50
10.37	92.50
10.38	61.74	92.50
10.39	61.74	92.50
10.40	61.74	92.50
10.41	61.74	92.50
10.42	61.74	92.50
10.43	61.74	92.50
10.44	61.74	92.50
10.45	92.50
10.46	92.50
10.47	92.50
10.48	92.50
10.49	92.50
10.50	92.50
10.51	92.50
10.52	92.50	138.59	329.63
10.53	92.50	138.59	329.63
10.54	92.50	138.59	329.63
10.55	92.50	138.59	329.63
10.56	92.50	138.59	329.63
10.57	92.50	138.59	329.63
10.58	92.50	138.59	329.63
10.59	92.50	329.63
10.60	92.50	329.63
10.61	329.63
10.62	329.63
10.63	329.63
10.64
10.65
10.66	369.99
10.67	369.99
10.68	369.99
10.69	369.99
10.70	369.99
10.71	369.99
10.72	369.99
10.73	369.99
10.74	369.99
10.75	369.99
10.76	369.99
10.77	369.99
10.78	369.99
10.79	369.99
10.80	369.99
10.81	369.99
10.82
10.83	164.81	392.00
10.84	164.81	392.00
10.85	164.81	392.00
10.86	164.81	392.00
10.87	92.50	164.81	392.00	783.99
10.88	92.50	164.81	392.00	783.99
10.89	92.50	164.81	392.00	783.99
10.90	92.50	164.81	392.00	783.99
10.91	92.50	164.81	392.00	783.99
10.92	92.50	164.81	392.00	783.99
10.93	92.50	164.81	392.00	783.99
10.94	164.81	185.00	392.00	783.99
10.95	164.81	185.00	392.00	783.99
10.96	164.81	185.00	392.00
10.97	164.81	185.00	392.00
10.98	164.81	185.00	392.00
10.99	164.81	185.00	392.00
11.00	164.81	185.00	392.00
11.01	164.81	392.00
11.02	164.81	392.00
11.03	164.81	392.00
11.04	164.81	392.00
11.05	164.81	392.00
11.06	164.81	392.00
11.07	164.81	392.00
11.08	164.81	392.00
11.09	164.81	392.00
11.10	164.81	392.00
11.11	164.81	392.00
11.12	164.81	392.00
11.13	164.81	392.00
11.14	164.81	392.00
11.15	164.81	392.00
11.16	164.81	392.00
11.17	164.81	392.00
11.18	164.81	392.00
11.19	164.81
11.20	164.81	739.99
11.21	164.81	739.99
11.22	164.81	185.00	739.99
11.23	164.81	185.00	739.99
11.24	164.81	185.00	739.99
11.25	164.81	185.00	739.99
11.26	164.81	185.00	739.99
11.27	164.81	185.00	739.99
11.28	164.81	185.00	739.99
11.29	164.81	185.00	739.99
11.30	164.81	185.00	739.99
11.31	164.81	392.00
11.32	164.81	392.00
11.33	164.81	392.00
11.34	164.81	392.00
11.35	164.81	392.00
11.36	164.81	392.00
11.37	164.81	392.00
11.38	164.81	392.00
11.39	164.81	392.00
11.40	164.81	392.00
11.41	82.41	164.81	185.00	392.00
11.42	82.41	164.81	185.00	392.00
11.43	82.41	164.81	185.00	392.00
11.44	82.41	164.81	185.00	392.00
11.45	82.41	185.00
11.46	82.41	185.00
11.47	82.41
11.48	73.42	82.41	369.99
11.49	73.42	82.41	369.99
11.50	73.42	369.99
11.51	73.42	369.99
11.52	73.42	369.99
11.53	73.42	369.99
11.54	73.42	369.99
11.55	73.42	369.99
11.56	73.42	369.99
11.57	73.42	369.99
11.58	73.42	369.99
11.59	73.42	369.99	493.88
11.60	73.42	369.99	493.88
11.61	123.47	369.99	493.88
11.62	123.47	369.99	493.88
11.63	123.47	493.88
11.64	123.47	493.88
11.65	123.47	493.88
11.66	123.47	493.88
11.67	123.47	493.88
11.68	61.74	123.47	493.88
11.69	61.74	123.47	493.88
11.70	61.74	123.47	493.88
11.71	61.74	123.47	493.88
11.72	61.74	123.47	493.88
11.73	61.74	123.47	493.88
11.74	61.74	123.47	493.88
11.75	61.74	123.47	493.88
11.76	61.74	123.47	493.88
11.77	123.47	493.88
11.78	123.47	493.88	554.37
11.79	123.47	493.88	554.37
11.80	123.47	185.00	493.88	554.37
11.81	123.47	185.00	493.88	554.37
11.82	185.00	493.88	554.37
11.83	185.00	493.88	554.37
11.84	185.00	554.37
11.85	185.00	369.99	554.37
11.86	185.00	369.99	554.37
11.87	46.25	185.00	369.99	554.37
11.88	46.25	185.00	369.99	554.37
11.89	46.25	185.00	369.99	493.88	554.37	587.33
11.90	46.25	185.00	369.99	493.88	554.37	587.33
11.91	46.25	185.00	369.99	493.88	554.37	587.33
11.92	46.25	185.00	369.99	493.88	554.37	587.33
11.93	46.25	185.00	369.99	493.88	554.37	587.33
11.94	46.25	185.00	369.99	493.88	554.37	587.33
11.95	46.25	185.00	369.99	493.88	554.37	587.33
11.96	46.25	185.00	369.99	493.88	554.37
11.97	46.25	185.00	369.99	493.88	554.37
11.98	46.25	185.00	369.99	554.37
11.99	46.25	185.00	369.99	554.37
12.00	46.25	185.00	369.99	554.37
12.01	46.25	185.00	369.99	554.37
12.02	46.25	185.00	369.99	554.37
12.03	46.25	369.99	554.37
12.04	46.25	369.99	554.37
12.05	46.25	369.99	554.37
12.06	46.25	369.99	554.37
12.07	46.25	369.99	554.37
12.08	46.25	369.99	554.37
12.09	46.25	369.99	554.37
12.10	46.25	185.00	369.99	554.37
12.11	46.25	185.00	369.99	554.37
12.12	46.25	185.00	369.99
12.13	46.25	185.00	369.99
12.14	46.25	185.00	369.99
12.15	46.25	185.00	369.99
12.16	46.25	185.00	369.99
12.17	46.25	185.00	369.99
12.18	46.25	185.00	369.99
12.19	46.25	185.00
12.20	46.25	185.00
12.21	46.25	185.00
12.22	46.25	185.00
12.23	46.25	185.00
12.24	46.25	185.00	369.99
12.25	46.25	185.00	369.99
12.26	46.25	185.00	369.99
12.27	46.25	185.00	369.99
12.28	46.25	185.00	369.99
12.29	46.25	369.99
12.30	46.25	369.99
12.31	46.25	369.99	739.99
12.32	46.25	369.99	739.99
12.33	46.25	369.99	739.99
12.34	46.25	369.99	739.99
12.35	46.25	369.99	739.99
12.36	46.25	185.00	369.99	739.99
12.37	46.25	185.00	369.99	739.99
12.38	46.25	185.00	369.99	554.37	739.99
12.39	46.25	185.00	369.99	554.37	739.99
12.40	46.25	185.00	277.18	369.99	554.37	739.99
12.41	46.25	185.00	277.18	369.99	554.37	739.99
12.42	46.25	185.00	277.18	369.99	554.37	739.99
12.43	46.25	185.00	277.18	369.99	554.37	739.99
12.44	46.25	185.00	277.18	369.99	554.37	739.99
12.45	46.25	185.00	277.18	369.99	739.99
12.46	46.25	185.00	277.18	369.99	739.99
12.47	46.25	185.00	277.18	369.99	739.99
12.48	46.25	185.00	277.18	369.99	739.99
12.49	46.25	185.00	277.18	369.99	739.99
12.50	46.25	185.00	277.18	369.99	739.99
12.51	46.25	185.00	277.18	369.99	739.99
12.52	46.25	185.00	277.18	369.99	739.99
12.53	46.25	185.00	277.18	369.99	739.99
12.54	46.25	185.00	277.18	369.99	739.99
12.55	46.25	185.00	277.18	369.99	739.99
12.56	46.25	277.18	369.99	739.99
12.57	46.25	277.18	369.99	739.99
12.58	46.25	277.18	369.99	739.99
12.59	46.25	277.18	369.99	739.99
12.60	46.25	277.18	369.99	739.99
12.61	46.25	277.18	369.99	739.99
12.62	46.25	277.18	369.99	739.99
12.63	46.25	277.18	369.99	739.99
12.64	46.25	277.18	369.99	739.99
12.65	46.25	277.18	369.99	739.99
12.66	46.25	277.18	369.99
12.67	46.25	277.18	369.99
12.68	46.25	277.18	369.99
12.69	46.25	277.18	369.99
12.70	46.25	277.18	369.99
12.71	46.25	277.18	369.99
12.72	46.25	277.18	369.99
12.73	46.25	277.18	369.99
12.74	46.25	277.18	369.99
12.75	46.25	369.99
12.76	46.25	369.99
12.77	46.25	369.99
12.78	46.25	369.99
12.79	46.25	369.99
12.80	46.25	369.99
12.81	46.25	369.99
12.82	46.25	369.99
12.83	46.25	369.99
12.84	369.99
12.85	293.66	369.99	587.33
12.86	293.66	369.99	587.33
12.87	293.66	369.99	493.88	587.33
12.88	293.66	369.99	493.88	587.33
12.89	293.66	369.99	493.88	587.33
12.90	293.66	369.99	493.88	587.33
12.91	293.66	369.99	493.88	587.33
12.92	61.74	293.66	369.99	493.88	587.33
12.93	61.74	293.66	369.99	493.88	587.33
12.94	61.74	293.66	369.99	493.88	587.33
12.95	61.74	293.66	369.99	493.88	587.33
12.96	61.74	293.66	369.99	493.88	587.33
12.97	61.74	293.66	369.99	493.88	587.33
12.98	61.74	123.47	293.66	369.99	493.88	587.33
12.99	61.74	123.47	293.66	369.99	493.88	587.33
13.00	123.47	293.66	369.99	493.88	587.33
13.01	123.47	293.66	369.99	493.88	587.33
13.02	123.47	293.66	369.99	493.88	587.33
13.03	123.47	293.66	369.99	493.88	587.33
13.04	123.47	293.66	369.99	493.88	587.33
13.05	123.47	293.66	369.99	493.88	587.33
13.06	123.47	293.66	369.99	493.88	587.33
13.07	123.47	293.66	369.99	493.88	587.33
13.08	61.74	123.47	293.66	369.99	493.88	587.33
13.09	61.74	123.47	293.66	369.99	493.88	587.33
13.10	61.74	123.47	293.66	369.99	493.88	587.33
13.11	61.74	123.47	293.66	369.99	493.88	587.33
13.12	61.74	293.66	369.99	493.88	587.33
13.13	61.74	293.66	369.99	493.88	587.33
13.14	61.74	293.66	369.99	493.88	587.33
13.15	61.74	293.66	369.99	493.88	587.33
13.16	61.74	293.66	369.99	493.88	587.33
13.17	61.74	293.66	369.99	493.88	587.33
13.18	61.74	293.66	369.99	493.88	587.33
13.19	123.47	293.66	369.99	493.88	587.33
13.20	123.47	293.66	369.99	493.88	587.33
13.21	123.47	293.66	369.99	493.88	587.33
13.22	123.47	293.66	369.99	493.88	587.33
13.23	123.47	293.66	369.99	493.88	587.33
13.24	123.47	293.66	369.99	493.88	587.33
13.25	123.47	293.66	369.99	493.88	587.33
13.26	123.47	293.66	369.99	493.88	587.33
13.27	123.47	293.66	369.99	493.88	587.33
13.28	123.47	293.66	369.99	493.88	587.33
13.29	123.47	293.66	369.99	493.88	587.33
13.30	123.47	293.66	369.99	493.88	587.33
13.31	123.47	293.66	369.99	493.88	587.33
13.32	123.47	293.66	369.99	493.88	587.33
13.33	123.47	293.66	369.99	493.88	587.33
13.34	123.47	293.66	369.99	493.88	587.33
13.35	123.47	493.88	587.33
13.36	123.47	493.88	587.33
13.37	123.47	493.88	587.33
13.38	123.47	493.88	587.33
13.39	123.47	493.88	587.33
13.40	123.47	246.94	415.30	493.88	587.33
13.41	123.47	246.94	415.30	493.88	587.33
13.42	246.94	415.30	493.88
13.43	246.94	349.23	415.30	466.16	493.88
13.44	246.94	349.23	415.30	466.16	493.88
13.45	246.94	349.23	415.30	466.16	493.88
13.46	246.94	349.23	415.30	466.16	493.88
13.47	246.94	349.23	415.30	466.16	493.88	523.25
13.48	246.94	349.23	415.30	466.16	493.88	523.25
13.49	246.94	349.23	415.30	493.88	523.25
13.50	246.94	349.23	415.30	493.88	523.25
13.51	246.94	349.23	415.30	493.88	523.25
13.52	246.94	415.30	493.88	523.25
13.53	246.94	415.30	493.88	523.25
13.54	246.94	415.30	493.88	523.25
13.55	246.94	415.30	493.88	523.25
13.56	246.94	415.30	493.88
13.57	246.94	415.30	493.88
13.58	246.94	415.30	493.88
13.59	246.94	415.30	493.88
13.60	246.94	415.30	493.88
13.61	246.94	415.30	493.88
13.62	246.94	415.30	493.88
13.63	246.94	415.30	493.88
13.64	246.94	349.23	415.30	493.88
13.65	246.94	349.23	415.30	493.88
13.66	73.42	246.94	349.23	415.30	493.88
13.67	73.42	246.94	349.23	415.30	493.88
13.68	73.42	246.94	349.23	415.30
13.69	73.42	246.94	349.23	415.30
13.70	73.42	246.94	349.23	415.30
13.71	73.42	246.94	349.23	415.30
13.72	73.42	246.94	349.23
13.73	73.42	246.94	349.23
13.74	73.42	246.94	349.23
13.75	73.42	246.94	349.23	493.88
13.76	73.42	246.94	349.23	493.88
13.77	73.42	246.94	349.23	493.88
13.78	73.42	246.94	349.23	493.88
13.79	246.94	349.23	493.88
13.80	246.94	349.23	493.88
13.81	246.94	349.23	493.88
13.82	73.42	246.94	349.23	493.88
13.83	73.42	246.94	349.23	493.88
13.84	73.42	246.94	493.88
13.85	73.42	246.94	493.88
13.86	73.42	246.94
13.87	73.42	246.94	415.30	493.88
13.88	73.42	246.94	415.30	493.88
13.89	73.42	246.94	415.30	493.88
13.90	73.42	246.94	415.30	493.88
13.91	233.08	246.94	369.99	415.30	493.88
13.92	233.08	246.94	369.99	415.30	493.88
13.93	233.08	369.99	493.88
13.94	92.50	233.08	369.99	493.88
13.95	92.50	233.08	369.99	493.88
13.96	92.50	233.08	369.99
13.97	92.50	233.08	369.99
13.98	92.50	233.08	369.99
13.99	92.50	233.08	369.99
14.00	92.50	233.08	369.99
14.01	92.50	233.08	369.99
14.02	92.50	233.08	369.99
14.03	92.50	233.08	369.99	493.88	739.99
14.04	92.50	233.08	369.99	493.88	739.99
14.05	92.50	233.08	369.99	493.88	739.99
14.06	92.50	233.08	369.99	493.88	739.99
14.07	92.50	233.08	369.99	493.88	739.99
14.08	92.50	233.08	369.99	493.88	739.99
14.09	92.50	233.08	369.99	493.88	739.99
14.10	92.50	233.08	369.99	739.99
14.11	92.50	233.08	369.99	739.99
14.12	92.50	233.08	277.18	369.99
14.13	92.50	233.08	277.18	369.99
14.14	92.50	233.08	277.18
14.15	92.50	233.08	277.18
14.16	92.50	233.08	277.18
14.17	92.50	233.08	277.18
14.18	92.50	233.08	277.18
14.19	92.50	185.00	233.08
14.20	92.50	185.00	233.08
14.21	92.50	185.00	233.08
14.22	92.50	185.00	233.08
14.23	92.50	185.00	233.08
14.24	92.50	185.00
14.25	92.50	185.00
14.26	92.50	185.00
14.27	92.50	185.00
14.28	92.50	185.00
14.29	92.50	185.00
14.30	92.50	185.00
14.31	92.50	185.00
14.32	92.50	185.00
14.33	92.50	185.00
14.34	92.50	185.00
14.35	92.50	185.00
14.36	92.50	185.00
14.37	92.50	185.00
14.38	92.50	185.00
14.39	92.50	185.00
14.40	92.50	185.00
14.41	92.50	185.00
14.42	92.50	185.00
14.43	92.50	185.00
14.44	92.50
14.45	61.74	92.50
14.46	61.74	92.50
14.47	61.74	92.50
14.48	61.74	92.50
14.49	61.74	92.50
14.50	61.74	92.50
14.51	61.74	92.50
14.52	61.74	92.50	123.47
14.53	61.74	92.50	123.47
14.54	123.47
14.55	123.47
14.56	123.47
14.57	123.47
14.58
14.59
14.60
14.61	329.63
14.62	329.63
14.63	329.63
14.64	329.63
14.65	329.63
14.66	329.63
14.67	329.63
14.68	329.63
14.69	329.63
14.70	329.63
14.71	329.63
14.72
14.73
14.74
14.75	369.99
14.76	369.99
14.77	369.99
14.78	369.99
14.79	369.99
14.80	369.99
14.81	369.99
14.82	369.99
14.83	369.99
14.84	369.99
14.85	369.99
14.86
14.87
14.88
14.89
14.90
14.91	392.00
14.92	392.00
14.93	392.00
14.94	164.81	392.00
14.95	164.81	392.00
14.96	164.81	392.00
14.97	164.81	392.00
14.98	164.81	392.00
14.99	164.81	392.00
15.00	164.81	392.00
15.01	164.81	392.00
15.02	164.81	392.00
15.03	164.81	392.00
15.04	164.81	392.00
15.05	164.81	392.00
15.06	164.81	392.00
15.07	164.81	392.00
15.08	164.81	392.00
15.09	164.81	392.00
15.10	164.81	392.00
15.11	164.81	392.00
15.12	164.81	392.00
15.13	164.81	392.00
15.14	164.81
15.15	164.81
15.16	164.81
15.17	82.41	164.81	392.00
15.18	82.41	164.81	392.00
15.19	82.41	164.81	392.00
15.20	82.41	164.81	392.00
15.21	82.41	164.81	392.00
15.22	82.41	164.81	392.00
15.23	82.41	164.81	392.00
15.24	82.41	164.81	392.00
15.25	82.41	164.81	392.00
15.26	164.81
15.27	164.81
15.28	164.81	369.99	739.99
15.29	164.81	369.99	739.99
15.30	164.81	369.99	739.99
15.31	73.42	164.81	369.99	739.99
15.32	73.42	164.81	369.99	739.99
15.33	73.42	164.81	185.00	369.99	739.99
15.34	73.42	164.81	185.00	369.99	739.99
15.35	73.42	164.81	185.00	369.99
15.36	73.42	164.81	185.00	369.99
15.37	164.81	185.00	369.99
15.38	164.81	185.00	369.99
15.39	164.81	185.00	369.99
15.40	164.81	185.00	369.99	392.00
15.41	164.81	185.00	369.99	392.00
15.42	164.81	369.99	392.00
15.43	164.81	369.99	392.00
15.44	164.81	392.00
15.45	82.41	164.81	392.00
15.46	82.41	164.81	392.00
15.47	82.41	164.81	392.00
15.48	82.41	164.81	392.00
15.49	82.41	164.81	392.00
15.50	82.41	164.81	392.00
15.51	82.41	164.81	392.00
15.52	82.41	164.81	392.00
15.53	82.41	164.81	392.00
15.54	82.41	164.81	392.00
15.55	82.41	164.81	392.00
15.56	146.83	164.81	392.00
15.57	146.83	164.81	392.00
15.58	146.83
15.59	146.83	369.99
15.60	146.83	369.99
15.61	146.83	369.99
15.62	146.83	369.99
15.63	146.83	369.99
15.64	146.83	369.99
15.65	146.83
15.66	146.83
15.67	146.83
15.68
15.69
15.70	493.88
15.71	493.88
15.72	493.88
15.73	493.88
15.74	493.88
15.75	123.47	493.88
15.76	123.47	493.88
15.77	123.47	493.88
15.78	123.47	493.88
15.79	123.47	493.88
15.80	123.47	493.88
15.81	123.47	493.88
15.82	123.47	493.88
15.83	123.47	493.88
15.84	493.88
15.85	493.88
15.86	493.88
15.87	493.88
15.88	493.88
15.89	277.18	369.99	493.88	554.37
15.90	277.18	369.99	493.88	554.37
15.91	277.18	369.99	554.37
15.92	277.18	369.99	554.37
15.93	277.18	369.99	554.37
15.94	277.18	369.99	554.37
15.95	277.18	369.99	554.37
15.96	164.81	277.18	369.99	554.37
15.97	164.81	277.18	369.99	554.37
15.98	164.81	277.18	369.99	554.37
15.99	164.81	277.18	369.99	554.37
16.00	164.81	277.18	369.99	554.37
16.01	164.81	277.18	369.99	554.37
16.02	164.81	277.18	369.99	554.37
16.03	110.00	164.81	277.18	369.99	554.37
16.04	110.00	164.81	277.18	369.99	554.37
16.05	110.00	164.81	277.18	369.99	554.37
16.06	110.00	164.81	277.18	369.99	554.37
16.07	110.00	164.81	277.18	369.99	554.37
16.08	110.00	164.81	277.18	369.99	554.37
16.09	110.00	164.81	277.18	369.99	554.37
16.10	110.00	164.81	277.18	369.99	554.37
16.11	110.00	164.81	277.18	369.99	554.37
16.12	110.00	164.81	277.18	369.99	554.37
16.13	110.00	164.81	277.18	369.99	554.37
16.14	110.00	164.81	277.18	369.99	554.37
16.15	110.00	164.81	277.18	369.99	554.37
16.16	110.00	164.81	277.18	369.99	554.37
16.17	110.00	164.81	277.18	369.99	554.37
16.18	110.00	164.81	277.18	369.99	554.37
16.19	110.00	277.18	369.99	554.37
16.20	110.00	277.18	369.99	554.37
16.21	110.00	277.18	369.99	554.37
16.22	110.00	277.18	369.99	554.37
16.23	110.00	277.18	369.99	554.37
16.24	110.00	277.18	369.99	554.37
16.25	110.00	277.18	369.99	554.37
16.26	110.00	220.00	277.18	369.99	554.37
16.27	110.00	220.00	277.18	369.99	554.37
16.28	110.00	220.00	277.18	369.99	554.37
16.29	110.00	220.00	277.18	369.99	554.37
16.30	110.00	220.00	277.18	369.99
16.31	110.00	220.00	277.18	369.99
16.32	110.00	220.00	277.18	369.99
16.33	110.00	277.18	369.99
16.34	110.00	277.18	369.99
16.35	110.00	220.00	277.18	369.99
16.36	110.00	220.00	277.18	369.99
16.37	110.00	220.00	277.18	369.99
16.38	110.00	220.00	277.18	369.99	739.99
16.39	110.00	220.00	277.18	369.99	739.99
16.40	110.00	220.00	277.18	369.99	739.99
16.41	110.00	220.00	277.18	369.99	739.99
16.42	185.00	220.00	369.99	739.99
16.43	185.00	220.00	369.99	739.99
16.44	46.25	185.00	220.00	369.99	440.00	739.99
16.45	46.25	185.00	220.00	369.99	440.00	739.99
16.46	46.25	185.00	369.99	440.00	739.99
16.47	46.25	185.00	369.99	440.00	739.99
16.48	46.25	185.00	369.99	440.00	739.99
16.49	46.25	185.00	369.99	440.00	739.99
16.50	46.25	185.00	369.99	440.00	739.99
16.51	46.25	185.00	440.00	739.99
16.52	46.25	185.00	440.00	739.99
16.53	46.25	185.00	739.99
16.54	46.25	185.00	739.99
16.55	46.25	185.00	739.99
16.56	46.25	185.00	739.99
16.57	46.25	185.00	739.99
16.58	46.25	185.00	739.99
16.59	46.25	185.00	739.99
16.60	46.25	185.00	739.99
16.61	46.25	185.00	739.99
16.62	46.25	185.00	739.99
16.63	46.25	185.00	739.99
16.64	46.25	185.00	739.99
16.65	46.25	185.00	739.99
16.66	46.25	185.00	739.99
16.67	46.25	185.00	739.99
16.68	46.25	185.00	739.99
16.69	46.25	185.00	739.99
16.70	46.25	185.00	739.99
16.71	46.25	185.00	739.99
16.72	46.25	185.00	739.99
16.73	46.25	185.00	739.99
16.74	46.25	185.00	739.99
16.75	46.25	185.00	739.99
16.76	46.25	185.00	739.99
16.77	46.25	185.00	739.99
16.78	46.25	185.00	739.99
16.79	46.25	185.00	739.99
16.80	46.25	185.00	739.99
16.81	46.25	185.00	739.99
16.82	46.25	185.00	739.99
16.83	46.25	185.00	739.99
16.84	46.25	185.00	369.99	739.99
16.85	46.25	185.00	369.99	739.99
16.86	46.25	185.00	369.99	739.99
16.87	46.25	185.00	369.99	739.99
16.88	46.25	185.00	369.99
16.89	46.25	185.00	369.99
16.90	46.25	185.00	369.99
16.91	46.25	61.74	185.00	369.99	587.33
16.92	46.25	61.74	185.00	369.99	587.33
16.93	46.25	61.74	293.66	369.99	587.33
16.94	46.25	61.74	293.66	369.99	587.33
16.95	61.74	293.66	369.99	587.33
16.96	61.74	123.47	293.66	369.99	493.88	587.33
16.97	61.74	123.47	293.66	369.99	493.88	587.33
16.98	61.74	123.47	293.66	369.99	493.88	587.33	622.25
16.99	61.74	123.47	293.66	369.99	493.88	587.33	622.25
17.00	61.74	123.47	293.66	369.99	493.88	622.25
17.01	61.74	123.47	293.66	369.99	493.88	622.25
17.02	61.74	123.47	293.66	369.99	493.88	622.25
17.03	61.74	123.47	293.66	369.99	493.88	622.25
17.04	61.74	123.47	293.66	369.99	493.88	622.25
17.05	61.74	123.47	293.66	369.99	493.88	587.33	622.25
17.06	61.74	123.47	293.66	369.99	493.88	587.33	622.25
17.07	61.74	123.47	293.66	369.99	493.88	587.33
17.08	61.74	123.47	293.66	369.99	493.88	587.33
17.09	61.74	123.47	293.66	369.99	493.88	587.33
17.10	61.74	123.47	293.66	369.99	493.88	587.33
17.11	61.74	123.47	293.66	369.99	493.88	587.33
17.12	61.74	123.47	293.66	369.99	493.88	587.33
17.13	61.74	123.47	293.66	369.99	493.88	587.33
17.14	61.74	123.47	246.94	293.66	369.99	493.88
17.15	61.74	123.47	246.94	293.66	369.99	493.88
17.16	61.74	123.47	246.94	293.66	369.99	493.88	587.33
17.17	61.74	123.47	246.94	293.66	369.99	493.88	587.33
17.18	61.74	123.47	246.94	293.66	369.99	587.33
17.19	61.74	123.47	246.94	293.66	369.99	587.33
17.20	61.74	123.47	246.94	293.66	369.99	587.33
17.21	61.74	123.47	246.94	293.66	369.99	587.33
17.22	61.74	123.47	246.94	293.66	369.99	587.33
17.23	61.74	246.94	293.66	369.99	587.33
17.24	61.74	246.94	293.66	369.99	587.33
17.25	61.74	246.94	293.66	369.99	587.33
17.26	61.74	246.94	293.66	369.99	587.33
17.27	61.74	246.94	293.66	369.99	587.33
17.28	61.74	246.94	293.66	369.99	587.33
17.29	61.74	246.94	293.66	369.99	587.33
17.30	61.74	246.94	293.66	369.99
17.31	61.74	246.94	293.66	369.99
17.32	61.74	246.94	293.66	369.99
17.33	61.74	246.94	293.66	369.99
17.34	61.74	246.94	293.66	369.99
17.35	61.74	293.66	369.99
17.36	61.74	293.66	369.99
17.37	61.74	293.66	369.99
17.38	61.74	293.66	369.99
17.39	61.74	293.66	369.99
17.40	61.74	123.47	293.66	369.99
17.41	61.74	123.47	293.66	369.99
17.42	123.47	293.66	349.23
17.43	123.47	293.66	349.23
17.44	123.47	349.23
17.45	123.47	349.23
17.46	123.47	349.23
17.47	123.47	246.94	293.66	349.23
17.48	123.47	246.94	293.66	349.23
17.49	246.94	293.66	349.23
17.50	246.94	293.66	349.23
17.51	138.59	246.94	293.66	349.23
17.52	138.59	246.94	293.66	349.23
17.53	138.59	246.94	293.66	349.23
17.54	138.59	246.94	293.66	349.23
17.55	138.59	246.94	293.66	349.23
17.56	138.59	246.94	293.66	349.23
17.57	138.59	246.94	293.66	349.23
17.58	138.59	246.94	293.66	349.23
17.59	138.59	246.94	293.66	349.23
17.60	138.59	246.94	293.66	349.23
17.61	138.59	207.65	246.94	293.66	349.23
17.62	138.59	207.65	246.94	293.66	349.23
17.63	138.59	207.65	246.94	293.66	349.23
17.64	138.59	207.65	246.94	293.66	349.23
17.65	69.30	207.65	246.94	293.66	349.23
17.66	69.30	207.65	246.94	293.66	349.23
17.67	69.30	207.65	246.94	293.66	349.23
17.68	69.30	207.65	246.94	293.66	349.23
17.69	69.30	207.65	246.94	293.66	349.23
17.70	69.30	207.65	246.94	293.66	349.23
17.71	69.30	207.65	246.94	293.66	349.23
17.72	69.30	246.94	293.66	349.23
17.73	69.30	246.94	293.66	349.23
17.74	69.30	246.94	293.66	349.23
17.75	69.30	246.94	293.66	349.23
17.76	69.30	246.94	293.66	349.23
17.77	69.30	246.94	293.66	349.23
17.78	69.30	246.94	293.66	349.23
17.79	69.30	246.94	293.66	349.23
17.80	69.30	246.94	293.66	349.23
17.81	69.30	246.94	293.66	349.23
17.82	69.30	246.94	293.66	349.23
17.83	69.30	246.94	293.66
17.84	69.30	246.94	293.66
17.85	69.30	246.94	293.66
17.86	69.30	207.65	246.94	293.66
17.87	69.30	207.65	246.94	293.66
17.88	69.30	207.65	246.94	293.66	349.23
17.89	69.30	207.65	246.94	293.66	349.23
17.90	207.65	349.23
17.91	207.65	349.23
17.92	207.65	349.23
17.93	92.50	207.65	349.23	369.99
17.94	92.50	207.65	349.23	369.99
17.95	92.50	185.00	207.65	349.23	369.99
17.96	92.50	185.00	207.65	349.23	369.99
17.97	92.50	185.00	369.99
17.98	92.50	185.00	369.99
17.99	92.50	185.00	369.99
18.00	92.50	185.00	369.99
18.01	92.50	185.00	369.99
18.02	92.50	185.00	369.99
18.03	92.50	185.00	369.99
18.04	92.50	185.00	369.99
18.05	92.50	185.00	207.65	369.99
18.06	92.50	185.00	207.65	369.99
18.07	92.50	185.00	207.65
18.08	92.50	185.00	207.65
18.09	92.50	185.00	207.65
18.10	92.50	185.00	207.65
18.11	92.50	185.00	207.65
18.12	92.50	185.00	207.65
18.13	92.50	185.00	207.65
18.14	92.50	185.00
18.15	92.50	185.00
18.16	92.50	185.00
18.17	92.50	185.00
18.18	92.50	185.00
18.19	92.50	185.00
18.20	92.50	185.00
18.21	92.50	185.00
18.22	92.50	185.00
18.23	92.50	185.00
18.24	92.50	185.00
18.25	92.50	185.00
18.26	92.50	185.00
18.27	92.50	185.00
18.28	92.50	185.00
18.29	92.50	185.00
18.30	92.50	185.00
18.31	92.50	185.00
18.32	92.50	185.00
18.33	92.50	185.00	369.99
18.34	92.50	185.00	369.99
18.35	92.50	185.00	369.99
18.36	92.50	185.00	369.99
18.37	92.50	369.99
18.38	92.50	369.99
18.39	92.50	369.99
18.40	92.50	369.99
18.41	92.50	369.99
18.42	92.50	369.99
18.43	92.50	369.99
18.44	369.99	587.33
18.45	369.99	587.33
18.46	185.00	369.99	587.33
18.47	185.00	369.99	587.33
18.48	185.00	369.99	587.33
18.49	185.00	369.99	587.33
18.50	185.00	369.99	587.33
18.51	185.00	587.33
18.52	185.00	587.33
18.53	185.00	587.33
18.54	185.00	587.33
18.55	185.00	587.33
18.56	185.00	587.33
18.57	185.00	587.33
18.58	185.00	587.33	659.26
18.59	185.00	587.33	659.26
18.60	659.26
18.61	659.26
18.62	659.26
18.63	659.26
18.64	659.26
18.65	659.26
18.66	659.26
18.67	659.26
18.68	659.26
18.69	659.26
18.70	659.26
18.71	659.26
18.72	659.26
18.73	659.26
18.74	293.66	739.99
18.75	293.66	739.99
18.76	293.66	739.99
18.77	185.00	293.66	739.99
18.78	185.00	293.66	739.99
18.79	185.00	293.66	739.99
18.80	185.00	293.66	739.99
18.81	185.00	293.66	739.99
18.82	185.00	293.66	739.99
18.83	185.00	293.66	739.99
18.84	185.00	293.66	739.99
18.85	185.00	293.66	739.99
18.86	185.00	293.66	739.99
18.87	185.00	293.66	739.99
18.88	185.00	739.99
18.89	185.00	739.99
18.90	185.00
18.91	185.00	329.63	783.99
18.92	185.00	329.63	783.99
18.93	185.00	329.63	783.99
18.94	185.00	329.63	783.99
18.95	185.00	329.63	783.99
18.96	185.00	329.63	783.99
18.97	185.00	329.63	783.99
18.98	185.00	329.63	783.99
18.99	185.00	329.63	783.99
19.00	185.00	329.63	783.99
19.01	185.00	329.63	783.99
19.02	185.00	329.63	783.99
19.03	185.00	329.63	783.99
19.04	185.00	329.63	783.99
19.05	185.00	329.63	783.99
19.06	185.00	329.63	783.99
19.07	185.00	329.63	783.99
19.08	185.00	329.63	783.99
19.09	185.00	329.63	783.99
19.10	185.00	329.63	783.99
19.11	185.00	329.63	783.99
19.12	185.00	329.63	783.99
19.13	185.00	329.63	783.99
19.14	185.00	329.63	783.99
19.15	185.00	329.63	783.99
19.16	185.00	329.63	783.99
19.17	185.00	329.63	783.99
19.18	185.00	329.63	783.99
19.19	185.00	329.63	783.99
19.20	185.00	329.63	783.99
19.21	185.00	329.63	783.99
19.22	185.00	329.63	783.99
19.23	185.00	329.63	783.99
19.24	185.00	329.63	783.99
19.25	185.00	329.63
19.26	185.00	329.63
19.27	185.00	329.63
19.28	185.00	329.63	739.99
19.29	185.00	329.63	739.99
19.30	185.00	329.63	739.99
19.31	185.00	329.63	739.99
19.32	185.00	739.99	783.99
19.33	185.00	739.99	783.99
19.34	185.00	739.99	783.99
19.35	185.00	739.99	783.99
19.36	185.00	739.99	783.99
19.37	185.00	739.99	783.99
19.38	185.00	739.99	783.99
19.39	185.00	739.99	783.99
19.40	185.00	739.99	783.99
19.41	185.00	739.99	783.99
19.42	185.00	329.63	739.99	783.99
19.43	185.00	329.63	739.99	783.99
19.44	185.00	329.63	739.99	783.99
19.45	185.00	329.63	739.99	783.99
19.46	185.00	329.63	783.99
19.47	185.00	329.63	783.99
19.48	185.00	329.63	783.99
19.49	185.00	329.63	783.99
19.50	185.00	329.63	783.99
19.51	185.00	329.63
19.52	185.00	329.63
19.53	185.00	329.63
19.54	185.00	329.63
19.55	185.00	329.63
19.56	185.00	293.66	329.63
19.57	185.00	293.66	329.63
19.58	185.00	293.66	329.63
19.59	185.00	293.66	329.63
19.60	185.00	293.66	369.99
19.61	185.00	293.66	369.99
19.62	185.00	293.66	369.99
19.63	185.00	293.66	369.99
19.64	185.00	293.66	369.99
19.65	185.00	293.66	369.99
19.66	185.00	293.66	369.99
19.67	185.00	369.99
19.68	185.00	369.99
19.69	185.00
19.70	185.00	587.33
19.71	185.00	587.33
19.72	185.00	246.94	587.33
19.73	185.00	246.94	587.33
19.74	185.00	246.94	587.33
19.75	185.00	246.94	587.33
19.76	185.00	246.94	587.33
19.77	185.00	246.94	587.33
19.78	185.00	246.94	587.33
19.79	185.00	246.94	587.33
19.80	185.00	246.94	587.33
19.81	185.00	246.94	587.33
19.82	185.00	246.94	587.33
19.83	185.00	246.94	587.33
19.84	185.00	246.94	587.33
19.85	246.94	587.33
19.86	246.94	587.33
19.87	246.94	587.33
19.88	233.08	554.37	587.33
19.89	233.08	554.37	587.33
19.90	233.08	554.37
19.91	233.08	554.37
19.92	233.08	554.37
19.93	233.08	369.99	554.37
19.94	233.08	369.99	554.37
19.95	233.08	369.99	554.37
19.96	233.08	369.99	554.37
19.97	233.08	369.99	554.37
19.98	233.08	369.99	554.37
19.99	233.08	369.99	554.37
20.00	185.00	233.08	369.99	554.37
20.01	185.00	233.08	369.99	554.37
20.02	185.00	233.08	369.99	554.37
20.03	185.00	233.08	369.99	554.37
20.04	185.00	233.08	369.99	554.37
20.05	185.00	233.08	369.99	554.37
20.06	185.00	233.08
20.07	185.00	233.08
20.08	185.00	233.08
20.09	185.00	233.08
20.10	185.00	233.08
20.11	185.00	233.08
20.12	185.00	233.08
20.13	185.00	233.08
20.14	185.00	233.08
20.15	185.00	233.08
20.16	185.00	233.08
20.17	185.00	233.08
20.18	185.00	233.08
20.19	185.00	233.08
20.20	185.00	233.08
20.21	185.00	233.08
20.22	185.00	233.08
20.23	185.00	233.08
20.24	185.00	233.08
20.25	233.08	369.99
20.26	233.08	369.99
20.27	233.08	369.99
20.28	233.08	369.99
20.29	233.08	369.99
20.30	233.08	369.99
20.31	233.08	369.99
20.32	233.08	369.99
20.33	233.08	369.99
20.34	233.08	369.99
20.35	233.08	369.99	466.16
20.36	233.08	369.99	466.16
20.37	185.00	466.16
20.38	185.00	466.16
20.39	185.00	466.16	932.33
20.40	185.00	466.16	932.33
20.41	185.00	466.16	932.33
20.42	185.00	466.16	932.33
20.43	185.00	466.16	932.33
20.44	185.00	466.16	932.33
20.45	185.00	466.16	932.33
20.46	185.00	466.16	932.33
20.47	185.00	466.16	932.33
20.48	185.00	466.16	932.33
20.49	185.00	466.16	932.33
20.50	185.00	466.16	932.33
20.51	185.00	466.16	493.88
20.52	185.00	466.16	493.88
20.53	466.16	493.88
20.54	466.16	493.88
20.55	185.00	369.99	466.16	493.88
20.56	185.00	369.99	466.16	493.88
20.57	185.00	369.99	466.16	493.88
20.58	185.00	369.99	466.16	493.88
20.59	185.00	369.99	466.16	493.88
20.60	185.00	369.99	466.16	493.88
20.61	185.00	369.99	466.16	493.88
20.62	185.00	466.16	493.88
20.63	185.00	466.16	493.88
20.64	466.16	493.88
20.65	466.16	493.88	554.37
20.66	466.16	493.88	554.37
20.67	233.08	466.16	493.88	554.37
20.68	233.08	466.16	493.88	554.37
20.69	185.00	233.08	493.88	554.37
20.70	185.00	233.08	493.88	554.37
20.71	185.00	233.08	493.88	554.37
20.72	185.00	233.08	493.88	554.37
20.73	185.00	233.08	493.88	554.37
20.74	185.00	233.08	493.88	554.37
20.75	185.00	233.08	493.88	554.37
20.76	185.00	233.08	493.88	554.37
20.77	185.00	233.08	493.88	554.37
20.78	185.00	233.08	554.37
20.79	185.00	233.08	554.37
20.80	185.00	233.08	554.37
20.81	185.00	554.37	659.26
20.82	185.00	554.37	659.26
20.83	369.99	554.37	659.26
20.84	369.99	554.37	659.26
20.85	369.99	554.37	659.26
20.86	277.18	369.99	554.37	659.26
20.87	277.18	369.99	554.37	659.26
20.88	185.00	277.18	369.99	493.88	659.26
20.89	185.00	277.18	369.99	493.88	659.26
20.90	185.00	277.18	369.99	493.88	659.26
20.91	185.00	277.18	369.99	493.88	659.26
20.92	185.00	277.18	369.99	493.88	659.26
20.93	185.00	277.18	369.99	493.88	659.26
20.94	185.00	277.18	369.99	493.88	659.26
20.95	185.00	277.18	369.99	493.88	659.26
20.96	185.00	277.18	369.99	493.88	659.26
20.97	277.18	369.99	659.26
20.98	277.18	369.99	659.26
20.99	277.18	369.99	659.26
21.00	277.18	369.99	659.26
21.01	277.18	369.99	659.26
21.02	277.18	369.99	659.26
21.03	277.18	369.99	659.26
21.04	185.00	277.18	369.99	659.26
21.05	185.00	277.18	369.99	659.26
21.06	185.00	277.18	369.99	659.26
21.07	185.00	277.18	369.99	659.26
21.08	185.00	277.18	369.99	659.26
21.09	185.00	277.18	369.99	659.26
21.10	185.00	277.18	369.99	659.26
21.11	185.00	277.18	369.99	659.26
21.12	185.00	277.18	369.99	659.26
21.13	185.00	277.18	369.99	659.26
21.14	185.00	277.18	369.99	659.26
21.15	185.00	277.18	369.99	659.26
21.16	185.00	277.18	369.99	587.33	659.26
21.17	185.00	277.18	369.99	587.33	659.26
21.18	185.00	246.94	277.18	369.99	587.33	659.26
21.19	185.00	246.94	277.18	369.99	587.33	659.26
21.20	185.00	246.94	277.18	369.99	587.33	659.26
21.21	185.00	246.94	277.18	369.99	587.33	659.26
21.22	246.94	277.18	369.99	587.33	659.26
21.23	246.94	277.18	369.99	587.33	659.26
21.24	246.94	277.18	369.99	587.33	659.26
21.25	246.94	277.18	369.99	587.33	659.26
21.26	246.94	277.18	369.99	587.33	659.26
21.27	246.94	277.18	369.99	587.33	659.26
21.28	246.94	277.18	369.99	587.33	659.26
21.29	246.94	277.18	369.99	587.33	659.26
21.30	246.94	277.18	369.99	587.33	659.26
21.31	246.94	277.18	369.99	587.33	659.26
21.32	185.00	369.99	587.33	659.26
21.33	185.00	369.99	587.33	659.26
21.34	185.00	369.99	587.33	659.26
21.35	185.00	369.99	587.33	659.26
21.36	185.00	369.99	659.26
21.37	185.00	369.99	659.26
21.38	185.00	369.99	659.26
21.39	369.99	659.26
21.40	369.99	659.26
21.41	277.18	369.99	659.26
21.42	277.18	369.99	659.26
21.43	277.18	369.99	659.26
21.44	246.94	277.18	369.99	659.26
21.45	246.94	277.18	369.99	659.26
21.46	246.94	277.18	369.99	587.33	659.26
21.47	246.94	277.18	369.99	587.33	659.26
21.48	246.94	277.18	369.99	587.33
21.49	246.94	277.18	369.99	587.33
21.50	246.94	277.18	369.99	587.33
21.51	246.94	277.18	369.99	587.33
21.52	246.94	277.18	369.99	587.33
21.53	246.94	369.99	587.33
21.54	246.94	369.99	587.33
21.55	246.94	369.99	587.33
21.56	246.94	369.99	587.33
21.57	246.94	369.99	587.33
21.58	196.00	246.94	369.99	587.33
21.59	196.00	246.94	369.99	587.33
21.60	196.00	246.94	587.33
21.61	196.00	246.94	587.33
21.62	196.00	246.94	493.88	587.33
21.63	196.00	246.94	493.88	587.33
21.64	196.00	493.88
21.65	196.00	493.88
21.66	196.00	493.88
21.67	196.00	493.88
21.68	196.00	493.88
21.69	196.00	493.88
21.70	196.00	493.88
21.71	196.00	493.88
21.72	196.00	493.88
21.73	196.00	493.88
21.74	196.00
21.75	196.00
21.76	185.00	369.99	466.16
21.77	185.00	369.99	466.16
21.78	185.00	369.99	466.16
21.79	185.00	196.00	369.99	466.16
21.80	185.00	196.00	369.99	466.16
21.81	185.00	196.00	369.99	466.16
21.82	185.00	196.00	369.99	466.16
21.83	185.00	196.00	369.99	466.16
21.84	185.00	196.00	369.99	466.16
21.85	185.00	466.16
21.86	185.00	466.16
21.87	185.00	466.16
21.88	185.00	466.16
21.89	185.00	466.16
21.90	185.00	466.16
21.91	185.00	466.16
21.92	185.00	466.16
21.93	185.00	466.16
21.94	185.00	466.16
21.95	185.00	466.16
21.96	185.00	466.16
21.97	185.00	466.16
21.98	185.00	466.16
21.99	185.00	466.16
22.00	185.00	466.16
22.01	185.00	466.16
22.02	185.00	466.16
22.03	185.00	466.16
22.04	185.00	466.16
22.05	185.00	466.16
22.06
22.07
22.08
22.09
22.10
22.11
22.12
22.13
22.14
22.15
22.16
22.17
22.18
22.19
22.20
22.21
22.22
22.23
22.24
22.25
22.26
22.27
22.28
22.29
22.30
22.31
22.32
22.33
22.34
22.35
22.36
22.37
22.38
22.39
22.40
22.41
22.42
22.43
22.44
22.45
22.46
22.47
22.48
22.49
22.50
22.51
22.52
22.53
22.54
22.55
22.56
22.57
22.58
22.59
22.60
22.61
22.62
22.63
22.64
22.65
22.66
22.67
22.68
22.69
22.70
22.71
22.72
22.73
22.74
22.75
22.76
22.77
22.78
22.79
22.80
22.81
22.82
22.83
