0.01
0.02
0.03
0.04
0.05
0.06
0.07
0.08
0.09
0.10
0.11
0.12
0.13
0.14
0.15
0.16
0.17
0.18
0.19
0.20
0.21
0.22
0.23
0.24
0.25
0.26
0.27
0.28
0.29
0.30
0.31
0.32
0.33
0.34
0.35
0.36
0.37
0.38
0.39
0.40
0.41
0.42
0.43
0.44
0.45
0.46
0.47
0.48
0.49
0.50
0.51
0.52
0.53
0.54	246.94
0.55	246.94
0.56	246.94
0.57	246.94
0.58	246.94
0.59	246.94
0.60	246.94
0.61	246.94
0.62	246.94
0.63	246.94
0.64	246.94
0.65	246.94
0.66	246.94
0.67	246.94
0.68	246.94
0.69	246.94
0.70	246.94
0.71	246.94
0.72	246.94
0.73	246.94
0.74	246.94
0.75	246.94
0.76	246.94
0.77	246.94
0.78	246.94
0.79	246.94
0.80	246.94
0.81	246.94
0.82	246.94
0.83	246.94
0.84	246.94
0.85	246.94
0.86	246.94
0.87	246.94
0.88	246.94
0.89	246.94
0.90	246.94
0.91	246.94	554.37
0.92	246.94	554.37
0.93	164.81	246.94	554.37
0.94	164.81	246.94	554.37
0.95	164.81	554.37
0.96	110.00	164.81	277.18	329.63	554.37
0.97	110.00	164.81	277.18	329.63	554.37
0.98	110.00	164.81	277.18	329.63	493.88	554.37
0.99	110.00	164.81	277.18	329.63	493.88	554.37
1.00	110.00	277.18	329.63	493.88	554.37
1.01	110.00	277.18	329.63	493.88	554.37
1.02	110.00	277.18	329.63	493.88
1.03	110.00	277.18	329.63	493.88
1.04	110.00	277.18	329.63	493.88
1.05	110.00	277.18	329.63	493.88
1.06	110.00	277.18	329.63	493.88
1.07	110.00	277.18	329.63
1.08	110.00	277.18	329.63
1.09	277.18	329.63
1.10	277.18	329.63
1.11	277.18	329.63
1.12	277.18	329.63
1.13	277.18	329.63
1.14	277.18	329.63
1.15	277.18	329.63
1.16	277.18
1.17	277.18
1.18	277.18
1.19	277.18
1.20	277.18
1.21	277.18
1.22	277.18
1.23	277.18
1.24	277.18
1.25	277.18
1.26	277.18
1.27	277.18
1.28	277.18
1.29	277.18
1.30	277.18
1.31	277.18
1.32	277.18
1.33	110.00	220.00	277.18
1.34	110.00	220.00	277.18
1.35	110.00	220.00	277.18	440.00
1.36	110.00	220.00	277.18	440.00
1.37	110.00	220.00	277.18	440.00
1.38	110.00	220.00	277.18	440.00
1.39	110.00	220.00	277.18	440.00
1.40	110.00	220.00	277.18	440.00
1.41	110.00	220.00	277.18	440.00
1.42	110.00	220.00	277.18	440.00
1.43	110.00	220.00	277.18	440.00
1.44	110.00	220.00	277.18	440.00
1.45	110.00	220.00	277.18	440.00
1.46	110.00	220.00	277.18	440.00
1.47	110.00	220.00	277.18	440.00
1.48	110.00	220.00	277.18	440.00
1.49	110.00	220.00	277.18	440.00
1.50	110.00	220.00	277.18	440.00
1.51	110.00	220.00	277.18	440.00
1.52	110.00	220.00	277.18	440.00
1.53	110.00	220.00	277.18	440.00
1.54	110.00	220.00	277.18	440.00
1.55	110.00	220.00	277.18	440.00
1.56	110.00	220.00	277.18	440.00
1.57	110.00	220.00	277.18	440.00
1.58	110.00	220.00	277.18
1.59	110.00	220.00	277.18
1.60	110.00	220.00	277.18
1.61	110.00	220.00	277.18
1.62	110.00	220.00	277.18
1.63	110.00	220.00	277.18
1.64	110.00	220.00	277.18
1.65	110.00	220.00
1.66	110.00	220.00
1.67	110.00	220.00
1.68	110.00	220.00	415.30
1.69	110.00	220.00	415.30
1.70	207.65	220.00	415.30
1.71	207.65	220.00	415.30
1.72	110.00	207.65	220.00	415.30
1.73	110.00	207.65	220.00	415.30
1.74	110.00	207.65	220.00	415.30
1.75	110.00	207.65	220.00	415.30
1.76	110.00	207.65	220.00	415.30
1.77	110.00	207.65	415.30
1.78	110.00	207.65	415.30
1.79	110.00	207.65	415.30
1.80	110.00	207.65	415.30
1.81	110.00	207.65
1.82	110.00	207.65	220.00
1.83	110.00	207.65	220.00
1.84	207.65	220.00
1.85	207.65	220.00
1.86	207.65	220.00
1.87	207.65	220.00
1.88	207.65	220.00
1.89	207.65	220.00
1.90	207.65	220.00
1.91	207.65	220.00
1.92	207.65	220.00
1.93	207.65
1.94	207.65
1.95	207.65
1.96	207.65
1.97	207.65
1.98	207.65
1.99	207.65
2.00	207.65
2.01	207.65
2.02
2.03	369.99
2.04	369.99
2.05	369.99
2.06	369.99
2.07	185.00	369.99
2.08	185.00	369.99
2.09	185.00	369.99
2.10	185.00	369.99
2.11	185.00	369.99
2.12	185.00	369.99
2.13	185.00	369.99
2.14	185.00	369.99
2.15	185.00	369.99
2.16	185.00	369.99
2.17	185.00	369.99
2.18	185.00	369.99
2.19	185.00	369.99
2.20	185.00	369.99
2.21	185.00	369.99
2.22	185.00	369.99
2.23	185.00	369.99
2.24	185.00	369.99
2.25	185.00	369.99
2.26	185.00	369.99
2.27	185.00	369.99
2.28	185.00	369.99
2.29	185.00	369.99
2.30	185.00	369.99
2.31	185.00	369.99
2.32	185.00	369.99
2.33	185.00	369.99
2.34	185.00	369.99
2.35	185.00	369.99
2.36	185.00	369.99
2.37	185.00	369.99
2.38	185.00	369.99
2.39	185.00	369.99
2.40	185.00	369.99
2.41	185.00	369.99
2.42	185.00
2.43	185.00
2.44	110.00	185.00	329.63	987.77
2.45	110.00	185.00	329.63	987.77
2.46	110.00	185.00	329.63	987.77
2.47	110.00	185.00	220.00	329.63	987.77
2.48	110.00	185.00	220.00	329.63	987.77
2.49	110.00	185.00	220.00	329.63	369.99	987.77
2.50	110.00	185.00	220.00	329.63	369.99	987.77
2.51	110.00	220.00	277.18	369.99	987.77
2.52	110.00	220.00	277.18	369.99	987.77
2.53	110.00	220.00	277.18	369.99
2.54	110.00	220.00	277.18	369.99
2.55	110.00	220.00	277.18	369.99
2.56	110.00	220.00	277.18	369.99
2.57	110.00	220.00	277.18	369.99
2.58	110.00	220.00	277.18	369.99
2.59	110.00	220.00	277.18	369.99
2.60	110.00	277.18
2.61	110.00	277.18
2.62	110.00	277.18
2.63	110.00	277.18	2217.46
2.64	110.00	277.18	2217.46
2.65	110.00	277.18	2217.46
2.66	110.00	277.18	2217.46
2.67	110.00	277.18	2217.46
2.68	110.00	277.18	2217.46
2.69	110.00	277.18	2217.46
2.70	110.00	220.00	277.18	2217.46
2.71	110.00	220.00	277.18	2217.46
2.72	220.00	277.18
2.73	220.00	277.18
2.74	220.00	277.18
2.75	220.00	277.18
2.76	220.00	277.18
2.77	220.00	277.18	2217.46
2.78	220.00	277.18	2217.46
2.79	220.00	277.18	2217.46
2.80	220.00	277.18	2217.46
2.81	220.00	277.18	2217.46
2.82	220.00	277.18	2217.46
2.83	277.18	2217.46
2.84	110.00	277.18	2217.46
2.85	110.00	277.18	2217.46
2.86	110.00	277.18	2217.46
2.87	110.00	277.18	2217.46
2.88	110.00	277.18
2.89	110.00	277.18
2.90	277.18
2.91	277.18
2.92	277.18
2.93	277.18
2.94	277.18
2.95	277.18
2.96	277.18
2.97	277.18
2.98	277.18
2.99	277.18
3.00	277.18
3.01	277.18
3.02	277.18
3.03	277.18
3.04	277.18
3.05	277.18
3.06	277.18
3.07	277.18	880.00
3.08	277.18	880.00
3.09	880.00
3.10	880.00
3.11	880.00
3.12	880.00
3.13	880.00
3.14	880.00
3.15	880.00
3.16	880.00
3.17	880.00
3.18
3.19
3.20
3.21
3.22
3.23
3.24
3.25
3.26
3.27
3.28
3.29
3.30
3.31
3.32
3.33
3.34
3.35
3.36
3.37
3.38
3.39
3.40	830.61
3.41	830.61
3.42	830.61
3.43	830.61
3.44	830.61
3.45	830.61
3.46	830.61
3.47	830.61
3.48	830.61
3.49	830.61
3.50	830.61
3.51	830.61
3.52	830.61
3.53	277.18	830.61
3.54	277.18	830.61
3.55	277.18
3.56	138.59	277.18
3.57	138.59	277.18
3.58	138.59	277.18
3.59	138.59	277.18
3.60	138.59	277.18
3.61	138.59	277.18
3.62	138.59	277.18
3.63	138.59	277.18
3.64	138.59	277.18
3.65	138.59	277.18
3.66	138.59	277.18
3.67	138.59	277.18
3.68	138.59	277.18
3.69	138.59	277.18
3.70	138.59	277.18
3.71	138.59	277.18
3.72	146.83	277.18
3.73	146.83	277.18
3.74	146.83	277.18
3.75	146.83	277.18
3.76	146.83	277.18
3.77	146.83	277.18
3.78	146.83	277.18
3.79	146.83	277.18	739.99
3.80	146.83	277.18	739.99
3.81	146.83	277.18	739.99
3.82	146.83	277.18	739.99
3.83	146.83	277.18	739.99
3.84	146.83	277.18	293.66	739.99
3.85	146.83	277.18	293.66	739.99
3.86	146.83	277.18	293.66
3.87	146.83	277.18	293.66
3.88	146.83	277.18	293.66	329.63
3.89	146.83	277.18	293.66	329.63
3.90	146.83	277.18	293.66	329.63
3.91	110.00	146.83	277.18	293.66	329.63
3.92	110.00	146.83	277.18	293.66	329.63
3.93	110.00	146.83	220.00	277.18	293.66	329.63
3.94	110.00	146.83	220.00	277.18	293.66	329.63
3.95	110.00	220.00	277.18	293.66	329.63
3.96	110.00	220.00	277.18	293.66	329.63
3.97	110.00	220.00	277.18	293.66	329.63
3.98	110.00	220.00	277.18	293.66	329.63
3.99	110.00	220.00	277.18	293.66	329.63
4.00	110.00	164.81	220.00	277.18	293.66	329.63
4.01	110.00	164.81	220.00	277.18	293.66	329.63
4.02	110.00	164.81	220.00	277.18	293.66	329.63
4.03	110.00	164.81	220.00	277.18	293.66	329.63
4.04	110.00	164.81	277.18	293.66	329.63
4.05	110.00	146.83	164.81	277.18	293.66	329.63
4.06	110.00	146.83	164.81	277.18	293.66	329.63
4.07	110.00	146.83	164.81	277.18
4.08	110.00	146.83	164.81	277.18
4.09	110.00	146.83	164.81	277.18
4.10	110.00	146.83	164.81	277.18
4.11	110.00	146.83	164.81	277.18	1318.51
4.12	110.00	146.83	164.81	277.18	1318.51
4.13	110.00	164.81	277.18	1318.51
4.14	110.00	164.81	277.18	1318.51
4.15	110.00	164.81	277.18	1318.51
4.16	110.00	164.81	1318.51
4.17	110.00	164.81	1318.51
4.18	110.00	164.81	659.26
4.19	110.00	164.81	659.26
4.20	110.00	164.81	659.26
4.21	110.00	164.81	369.99	659.26
4.22	110.00	164.81	369.99	659.26
4.23	110.00	164.81	369.99	659.26
4.24	110.00	164.81	369.99	659.26
4.25	110.00	164.81	185.00	369.99	659.26
4.26	110.00	164.81	185.00	369.99	659.26
4.27	110.00	164.81	185.00	369.99	659.26
4.28	110.00	164.81	185.00	369.99	659.26
4.29	110.00	164.81	185.00	369.99	659.26
4.30	110.00	185.00	369.99	659.26	1318.51
4.31	110.00	185.00	369.99	659.26	1318.51
4.32	185.00	369.99	659.26	1318.51
4.33	185.00	369.99	659.26	1318.51
4.34	185.00	369.99	659.26	1318.51
4.35	185.00	369.99	659.26	1318.51
4.36	185.00	369.99	659.26	1318.51
4.37	185.00	369.99	415.30	659.26	1318.51
4.38	185.00	369.99	415.30	659.26	1318.51
4.39	185.00	207.65	369.99	415.30	659.26	1318.51
4.40	185.00	207.65	369.99	415.30	659.26	1318.51
4.41	185.00	207.65	369.99	415.30	659.26	1318.51
4.42	185.00	207.65	369.99	415.30	659.26	1318.51
4.43	185.00	207.65	369.99	415.30	659.26	1318.51
4.44	185.00	207.65	369.99	415.30	659.26
4.45	185.00	207.65	369.99	415.30	659.26
4.46	185.00	207.65	369.99	415.30	659.26
4.47	185.00	207.65	369.99	415.30	659.26
4.48	185.00	207.65	369.99	659.26
4.49	185.00	207.65	369.99	659.26	1318.51
4.50	185.00	207.65	369.99	659.26	1318.51
4.51	185.00	207.65	369.99	415.30	1318.51
4.52	185.00	207.65	369.99	415.30	1318.51
4.53	185.00	207.65	369.99	415.30	1318.51
4.54	185.00	207.65	369.99	415.30	1318.51
4.55	185.00	207.65	369.99	415.30
4.56	185.00	207.65	369.99	415.30
4.57	185.00	207.65	369.99	415.30
4.58	185.00	207.65	369.99	415.30	1318.51
4.59	185.00	207.65	369.99	415.30	1318.51
4.60	207.65	1318.51
4.61	207.65	1318.51
4.62	207.65	1318.51
4.63	207.65	220.00	277.18	1318.51
4.64	207.65	220.00	277.18	1318.51
4.65	207.65	220.00	277.18	1318.51
4.66	207.65	220.00	277.18	1318.51
4.67	207.65	220.00	277.18
4.68	207.65	220.00	277.18
4.69	207.65	220.00	277.18
4.70	207.65	220.00	277.18
4.71	207.65	220.00	277.18
4.72	220.00	277.18
4.73	220.00	277.18
4.74	220.00	277.18
4.75	220.00	277.18
4.76	220.00	277.18
4.77	220.00	277.18
4.78	220.00	277.18
4.79	220.00	277.18
4.80	220.00	277.18
4.81	220.00	277.18
4.82	220.00	277.18
4.83	220.00	277.18	1318.51
4.84	220.00	277.18	1318.51
4.85	220.00	277.18	1318.51
4.86	92.50	220.00	277.18	1318.51
4.87	92.50	220.00	277.18	1318.51
4.88	92.50	220.00	277.18	1318.51
4.89	92.50	220.00	277.18	1318.51
4.90	92.50	220.00	277.18	1318.51
4.91	92.50	220.00	277.18	1318.51
4.92	92.50	220.00	277.18	1318.51
4.93	92.50	220.00	277.18	1318.51
4.94	92.50	220.00	277.18	1318.51
4.95	92.50	207.65	220.00	277.18	440.00
4.96	92.50	207.65	220.00	277.18	440.00
4.97	92.50	207.65	277.18	440.00
4.98	92.50	207.65	277.18	440.00
4.99	92.50	207.65	277.18	440.00
5.00	92.50	207.65	277.18	415.30	440.00
5.01	92.50	207.65	277.18	415.30	440.00
5.02	207.65	277.18	415.30	440.00	554.37
5.03	207.65	277.18	415.30	440.00	554.37
5.04	207.65	277.18	415.30	440.00	554.37
5.05	207.65	277.18	415.30	440.00	554.37
5.06	207.65	277.18	415.30	440.00	554.37
5.07	207.65	277.18	415.30	440.00	554.37
5.08	207.65	277.18	415.30	440.00	554.37
5.09	207.65	277.18	440.00	554.37	587.33
5.10	207.65	277.18	440.00	554.37	587.33
5.11	207.65	277.18	369.99	440.00	587.33	1174.66
5.12	207.65	277.18	369.99	440.00	587.33	1174.66
5.13	207.65	277.18	369.99	587.33	1174.66
5.14	207.65	277.18	369.99	587.33	1174.66
5.15	207.65	277.18	369.99	587.33	1174.66
5.16	185.00	207.65	277.18	369.99	587.33	1174.66
5.17	185.00	207.65	277.18	369.99	587.33	1174.66
5.18	185.00	207.65	277.18	369.99	587.33	1174.66
5.19	185.00	207.65	277.18	369.99	587.33	1174.66
5.20	185.00	207.65	277.18	369.99	587.33	1174.66
5.21	185.00	207.65	277.18	369.99	587.33	1174.66
5.22	185.00	207.65	277.18	369.99	587.33	1174.66
5.23	185.00	207.65	277.18	369.99	587.33	1174.66
5.24	185.00	207.65	277.18	369.99	587.33	1174.66
5.25	185.00	277.18	369.99	587.33	1174.66
5.26	185.00	277.18	369.99	587.33	1174.66
5.27	185.00	277.18	369.99	587.33
5.28	185.00	277.18	369.99	587.33
5.29	185.00	277.18	369.99	587.33
5.30	185.00	277.18	369.99
5.31	185.00	277.18	369.99
5.32	185.00	277.18	329.63	369.99
5.33	185.00	277.18	329.63	369.99
5.34	185.00	329.63	369.99
5.35	123.47	185.00	207.65	329.63	369.99
5.36	123.47	185.00	207.65	329.63	369.99
5.37	123.47	164.81	185.00	207.65	329.63	369.99
5.38	123.47	164.81	185.00	207.65	329.63	369.99
5.39	123.47	164.81	207.65	329.63	369.99
5.40	123.47	164.81	207.65	329.63	369.99
5.41	123.47	164.81	207.65	329.63	369.99
5.42	123.47	164.81	207.65	329.63	369.99
5.43	123.47	164.81	207.65	329.63	369.99
5.44	82.41	123.47	164.81	207.65	329.63	369.99
5.45	82.41	123.47	164.81	207.65	329.63	369.99
5.46	82.41	207.65	329.63	369.99	659.26	1318.51
5.47	82.41	207.65	329.63	369.99	659.26	1318.51
5.48	82.41	207.65	329.63	369.99	659.26	1318.51
5.49	82.41	207.65	329.63	369.99	659.26	1318.51
5.50	82.41	207.65	329.63	369.99	659.26	1318.51
5.51	82.41	207.65	329.63	369.99	659.26	1318.51
5.52	82.41	207.65	329.63	369.99	659.26	1318.51
5.53	82.41	207.65	329.63	369.99	659.26	1318.51
5.54	82.41	207.65	329.63	369.99	659.26	1318.51
5.55	82.41	207.65	293.66	329.63	659.26	1318.51
5.56	82.41	207.65	293.66	329.63	659.26	1318.51
5.57	82.41	207.65	293.66	329.63	659.26
5.58	82.41	207.65	293.66	329.63	659.26
5.59	82.41	207.65	293.66	329.63	659.26
5.60	82.41	207.65	293.66	329.63	659.26
5.61	82.41	207.65	293.66	329.63	659.26
5.62	82.41	207.65	293.66	329.63
5.63	82.41	207.65	293.66	329.63
5.64	82.41	207.65	293.66	329.63
5.65	82.41	207.65	293.66	329.63	739.99
5.66	82.41	207.65	293.66	329.63	739.99
5.67	82.41	293.66	329.63	739.99
5.68	82.41	293.66	329.63	739.99
5.69	82.41	293.66	329.63	739.99	2217.46
5.70	82.41	293.66	329.63	739.99	2217.46
5.71	82.41	293.66	329.63	739.99	2217.46
5.72	82.41	293.66	329.63	739.99	2217.46
5.73	82.41	293.66	329.63	739.99	2217.46
5.74	82.41	293.66	329.63	739.99	2217.46
5.75	82.41	293.66	329.63	739.99	2217.46
5.76	82.41	123.47	293.66	739.99	2217.46
5.77	82.41	123.47	293.66	739.99	2217.46
5.78	82.41	123.47	293.66	739.99
5.79	82.41	123.47	293.66	739.99
5.80	82.41	123.47	293.66	739.99
5.81	82.41	123.47
5.82	82.41	123.47
5.83	82.41	123.47	830.61
5.84	82.41	123.47	830.61
5.85	82.41	123.47	830.61
5.86	82.41	123.47	830.61
5.87	82.41	123.47	830.61
5.88	82.41	123.47	830.61
5.89	82.41	123.47	830.61
5.90	123.47	830.61
5.91	123.47	830.61
5.92	123.47	830.61
5.93	123.47	830.61
5.94	123.47	830.61
5.95	123.47	220.00	830.61
5.96	123.47	220.00	830.61
5.97	123.47	220.00	830.61
5.98	123.47	220.00	830.61
5.99	220.00
6.00	110.00	220.00
6.01	110.00	220.00
6.02	110.00	220.00
6.03	110.00	220.00
6.04	110.00	220.00
6.05	110.00	220.00
6.06	110.00	220.00
6.07	110.00	220.00
6.08	110.00	220.00
6.09	110.00	220.00
6.10	110.00	220.00
6.11	110.00	220.00
6.12	110.00	220.00
6.13	110.00	220.00
6.14	110.00	220.00
6.15	110.00	220.00
6.16	110.00	220.00
6.17	110.00	220.00
6.18	110.00	220.00
6.19	110.00	220.00
6.20	110.00	220.00
6.21	110.00	220.00
6.22	110.00	220.00
6.23	110.00	220.00
6.24	110.00	220.00
6.25	110.00
6.26	110.00
6.27	110.00
6.28	110.00
6.29	110.00
6.30	110.00
6.31	110.00
6.32	110.00	329.63
6.33	110.00	329.63
6.34	110.00	164.81	329.63
6.35	110.00	164.81	329.63
6.36	110.00	164.81	329.63
6.37	110.00	164.81	329.63
6.38	110.00	164.81	329.63
6.39	110.00	164.81	329.63
6.40	110.00	164.81	329.63
6.41	110.00	164.81	329.63
6.42	110.00	164.81	329.63
6.43	110.00	164.81	329.63
6.44	110.00	164.81	329.63
6.45	110.00	164.81	329.63
6.46	110.00	164.81	329.63
6.47	110.00	164.81	329.63
6.48	110.00	164.81	329.63
6.49	110.00	164.81	329.63
6.50	110.00	164.81	329.63
6.51	110.00	164.81	329.63
6.52	110.00	164.81	329.63
6.53	110.00	164.81	329.63
6.54	110.00	164.81	329.63
6.55	110.00	164.81	329.63
6.56	110.00	164.81	329.63
6.57	110.00	164.81	329.63
6.58	110.00	164.81	329.63
6.59	110.00	164.81	329.63
6.60	110.00	164.81	329.63
6.61	110.00	164.81	329.63
6.62	110.00	164.81	329.63
6.63	110.00	164.81	329.63
6.64	110.00	164.81	329.63
6.65	110.00	164.81	329.63
6.66	110.00	164.81	329.63
6.67	164.81
6.68	164.81
6.69	164.81	329.63
6.70	164.81	329.63
6.71	164.81	329.63
6.72	103.83	164.81	329.63
6.73	103.83	164.81	329.63
6.74	103.83	164.81	329.63
6.75	103.83	164.81	329.63
6.76	103.83	164.81	329.63
6.77	103.83	164.81	329.63
6.78	103.83	164.81	329.63
6.79	103.83	164.81	329.63
6.80	103.83	164.81	329.63
6.81	103.83	164.81	246.94	329.63
6.82	103.83	164.81	246.94	329.63
6.83	103.83	164.81	246.94	329.63
6.84	103.83	164.81	246.94	329.63
6.85	103.83	164.81	246.94	329.63
6.86	103.83	164.81	246.94	329.63
6.87	103.83	164.81	246.94	329.63
6.88	103.83	164.81	246.94	329.63
6.89	103.83	164.81	246.94	329.63
6.90	103.83	164.81	246.94	329.63
6.91	103.83	164.81	246.94	329.63
6.92	103.83	164.81	246.94	329.63
6.93	103.83	164.81	246.94	329.63
6.94	103.83	164.81	246.94	329.63
6.95	103.83	164.81	246.94	329.63
6.96	103.83	164.81	246.94	329.63
6.97	103.83	164.81	246.94	329.63
6.98	103.83	164.81	246.94	329.63
6.99	103.83	164.81	246.94
7.00	103.83	164.81	246.94
7.01	103.83	164.81
7.02	103.83	164.81
7.03	103.83	164.81
7.04	103.83	164.81
7.05	103.83	164.81
7.06	103.83	164.81	554.37	1318.51
7.07	103.83	164.81	554.37	1318.51
7.08	103.83	164.81	554.37	1318.51
7.09	103.83	164.81	277.18	554.37	1318.51
7.10	103.83	164.81	277.18	554.37	1318.51
7.11	103.83	164.81	277.18	554.37	1318.51
7.12	103.83	164.81	277.18	554.37	1318.51
7.13	103.83	164.81	277.18	554.37
7.14	103.83	164.81	277.18	554.37
7.15	103.83	164.81	277.18	554.37
7.16	103.83	164.81	277.18	554.37	659.26
7.17	103.83	164.81	277.18	554.37	659.26
7.18	103.83	164.81	277.18	554.37	659.26
7.19	103.83	164.81	277.18	554.37	659.26
7.20	103.83	164.81	277.18	554.37	659.26
7.21	103.83	164.81	277.18	554.37	659.26
7.22	103.83	164.81	277.18	554.37	659.26
7.23	103.83	164.81	277.18	554.37	659.26
7.24	103.83	164.81	277.18	554.37	659.26
7.25	103.83	164.81	277.18	554.37	659.26
7.26	103.83	164.81	277.18	554.37	659.26
7.27	103.83	164.81	277.18	554.37	659.26
7.28	103.83	164.81	277.18	554.37	659.26
7.29	103.83	164.81	277.18	554.37	659.26
7.30	103.83	164.81	277.18	554.37	659.26
7.31	103.83	164.81	277.18	554.37	659.26
7.32	103.83	164.81	277.18	554.37	659.26
7.33	103.83	164.81	277.18	554.37	659.26
7.34	103.83	164.81	277.18	554.37
7.35	103.83	164.81	277.18	554.37
7.36	103.83	164.81	277.18	554.37
7.37	103.83	164.81	277.18	554.37
7.38	103.83	164.81	277.18	554.37
7.39	103.83	164.81	277.18	554.37
7.40	103.83	164.81	277.18	554.37
7.41	103.83	164.81	277.18	587.33
7.42	103.83	164.81	277.18	587.33
7.43	103.83	277.18	587.33
7.44	92.50	103.83	277.18	587.33
7.45	92.50	103.83	277.18	587.33
7.46	92.50	103.83	277.18	587.33
7.47	92.50	103.83	277.18	587.33
7.48	92.50	103.83	277.18	587.33
7.49	92.50	103.83	277.18	587.33
7.50	92.50	277.18	587.33
7.51	92.50	277.18	293.66	587.33
7.52	92.50	277.18	293.66	587.33
7.53	92.50	277.18	293.66	587.33
7.54	92.50	277.18	293.66	587.33
7.55	92.50	277.18	293.66	587.33
7.56	92.50	277.18	293.66	587.33
7.57	92.50	293.66	587.33
7.58	92.50	293.66	587.33
7.59	92.50	293.66	587.33
7.60	92.50	293.66	587.33
7.61	92.50	293.66	587.33
7.62	92.50	293.66	587.33	659.26
7.63	92.50	293.66	587.33	659.26
7.64	92.50	293.66	587.33	659.26
7.65	92.50	293.66	587.33	659.26
7.66	92.50	293.66	659.26
7.67	92.50	293.66	659.26
7.68	92.50	293.66	659.26
7.69	92.50	293.66	659.26
7.70	92.50	293.66	659.26
7.71	92.50	293.66	659.26
7.72	92.50	293.66	659.26
7.73	92.50	293.66	659.26
7.74	92.50	293.66	659.26
7.75	92.50	293.66	659.26
7.76	92.50	293.66
7.77	92.50	293.66
7.78	92.50	277.18	293.66	554.37	1108.73
7.79	92.50	277.18	293.66	554.37	1108.73
7.80	92.50	277.18	293.66	554.37	1108.73
7.81	92.50	277.18	293.66	554.37	1108.73
7.82	92.50	277.18	293.66	554.37	1108.73
7.83	92.50	277.18	293.66	554.37	1108.73
7.84	92.50	277.18	293.66	554.37	1108.73
7.85	92.50	277.18	293.66	554.37	1108.73
7.86	92.50	277.18	293.66	554.37	1108.73
7.87	92.50	277.18	293.66	554.37
7.88	92.50	277.18	293.66	554.37
7.89	92.50	277.18	293.66	554.37
7.90	92.50	277.18	293.66	554.37	1318.51
7.91	92.50	277.18	293.66	554.37	1318.51
7.92	92.50	277.18	293.66	554.37	1318.51
7.93	92.50	277.18	293.66	554.37	1318.51
7.94	92.50	277.18	293.66	554.37	1318.51
7.95	92.50	277.18	293.66	554.37	1318.51
7.96	92.50	277.18	293.66	554.37	1318.51
7.97	92.50	277.18	293.66	554.37	587.33	1318.51
7.98	92.50	277.18	293.66	554.37	587.33	1318.51
7.99	92.50	277.18	293.66	554.37	587.33	1318.51
8.00	92.50	277.18	293.66	554.37	587.33	1318.51
8.01	92.50	277.18	293.66	554.37	587.33	1318.51
8.02	92.50	277.18	293.66	554.37	587.33	1318.51
8.03	92.50	277.18	293.66	554.37	587.33	1318.51
8.04	92.50	277.18	293.66	554.37	587.33	1318.51
8.05	92.50	277.18	293.66	554.37	587.33	1318.51
8.06	92.50	277.18	293.66	587.33	1318.51	1975.53
8.07	92.50	277.18	293.66	587.33	1318.51	1975.53
8.08	92.50	277.18	293.66	587.33	1318.51	1975.53
8.09	92.50	277.18	293.66	587.33	1318.51	1975.53
8.10	92.50	277.18	293.66	587.33	1318.51	1975.53
8.11	92.50	277.18	293.66	587.33	1318.51	1975.53
8.12	92.50	277.18	293.66	587.33	1318.51	1975.53
8.13	92.50	277.18	293.66	587.33	1318.51
8.14	92.50	277.18	293.66	587.33	1318.51
8.15	92.50	277.18	293.66	587.33	1318.51
8.16	92.50	277.18	293.66	493.88	587.33	1318.51
8.17	92.50	277.18	293.66	493.88	587.33	1318.51
8.18	82.41	92.50	277.18	293.66	493.88	587.33	1318.51
8.19	82.41	92.50	277.18	293.66	493.88	587.33	1318.51
8.20	82.41	277.18	293.66	493.88	587.33	1318.51
8.21	82.41	277.18	293.66	493.88	587.33	1318.51
8.22	82.41	277.18	293.66	493.88	1318.51
8.23	82.41	277.18	293.66	493.88	1318.51
8.24	82.41	277.18	293.66	493.88
8.25	82.41	277.18	293.66	493.88
8.26	82.41	277.18	293.66	493.88
8.27	82.41	277.18	293.66	493.88
8.28	82.41	277.18	293.66	493.88
8.29	82.41	277.18	293.66	493.88
8.30	82.41	277.18	293.66	493.88
8.31	82.41	277.18	293.66	493.88
8.32	82.41	277.18	293.66	493.88
8.33	82.41	277.18	293.66	493.88
8.34	82.41	277.18	293.66	493.88
8.35	82.41	277.18	293.66	493.88
8.36	82.41	164.81	277.18	293.66	493.88
8.37	82.41	164.81	277.18	293.66	493.88
8.38	82.41	164.81	277.18	293.66	493.88
8.39	82.41	164.81	277.18	293.66	493.88	987.77
8.40	82.41	164.81	277.18	293.66	493.88	987.77
8.41	82.41	164.81	293.66	493.88	987.77
8.42	82.41	164.81	293.66	493.88	987.77
8.43	82.41	164.81	293.66	493.88	987.77
8.44	82.41	164.81	293.66	493.88	987.77
8.45	82.41	164.81	293.66	493.88	987.77
8.46	82.41	164.81	293.66	493.88	987.77
8.47	82.41	164.81	293.66	493.88	987.77
8.48	82.41	293.66	493.88	987.77
8.49	82.41	293.66	493.88	987.77
8.50	82.41	293.66	493.88	987.77	1108.73
8.51	82.41	293.66	493.88	987.77	1108.73
8.52	82.41	493.88	1108.73
8.53	82.41	493.88	1108.73
8.54	82.41	493.88	1108.73
8.55	82.41	493.88	1108.73
8.56	82.41	493.88	1108.73
8.57	82.41	493.88	1108.73
8.58	82.41	493.88	1108.73
8.59	82.41	493.88	1108.73
8.60	82.41	493.88	1108.73
8.61	82.41	493.88	1108.73
8.62	82.41	493.88	1108.73
8.63	82.41	493.88	1108.73
8.64	82.41	493.88	1108.73
8.65	82.41	493.88	1108.73
8.66	82.41	493.88	1108.73
8.67	82.41	164.81	493.88	1108.73
8.68	82.41	164.81	493.88	1108.73
8.69	82.41	164.81	1108.73
8.70	82.41	164.81	1108.73
8.71	82.41	164.81	1108.73
8.72	82.41	164.81	1108.73
8.73	82.41	164.81	1108.73
8.74	82.41	164.81	1108.73
8.75	82.41	164.81	1108.73
8.76	82.41	164.81	1108.73
8.77	82.41	164.81	1108.73
8.78	82.41	164.81	1108.73
8.79	82.41	164.81	1108.73
8.80	82.41	164.81	1108.73
8.81	82.41	164.81	1108.73
8.82	82.41	164.81	1108.73
8.83	82.41	164.81	1108.73	1174.66
8.84	82.41	164.81	1108.73	1174.66
8.85	164.81	1108.73	1174.66
8.86	164.81	1108.73	1174.66
8.87	164.81	1174.66
8.88	164.81	1174.66
8.89	164.81	1174.66
8.90	164.81	1174.66
8.91	164.81	1174.66
8.92	164.81	1174.66
8.93	164.81	1174.66
8.94	164.81	1174.66
8.95	164.81	1174.66
8.96	164.81	1174.66
8.97	164.81	1174.66
8.98	164.81	1174.66
8.99	82.41	164.81	1174.66
9.00	82.41	164.81	1174.66
9.01	82.41	164.81	1174.66
9.02	82.41	164.81	1174.66
9.03	82.41	164.81	1174.66
9.04	82.41	164.81	1174.66	2349.32
9.05	82.41	164.81	1174.66	2349.32
9.06	82.41	164.81	1174.66	2349.32
9.07	82.41	164.81	1174.66	2349.32
9.08	82.41	1174.66	2349.32
9.09	82.41	1174.66	2349.32
9.10	82.41	1174.66	2349.32
9.11	82.41	1174.66	2349.32
9.12	82.41	1174.66	2349.32
9.13	82.41	1174.66
9.14	82.41	1174.66
9.15	82.41	1174.66
9.16	82.41	1174.66
9.17	82.41	1174.66
9.18	82.41	246.94	1174.66
9.19	82.41	246.94	1174.66
9.20	82.41	246.94	1174.66	2217.46
9.21	82.41	246.94	1174.66	2217.46
9.22	82.41	246.94	2217.46
9.23	82.41	246.94	2217.46
9.24	82.41	246.94	2217.46
9.25	82.41	246.94	2217.46
9.26	82.41	246.94	2217.46
9.27	82.41	246.94	2217.46
9.28	82.41	246.94	2217.46
9.29	82.41	246.94	2217.46
9.30	82.41	246.94	2217.46
9.31	82.41	246.94
9.32	82.41	246.94
9.33	82.41	246.94
9.34	82.41	246.94
9.35	82.41	246.94
9.36	82.41	246.94	1174.66
9.37	82.41	246.94	1174.66
9.38	82.41	246.94	1174.66
9.39	82.41	246.94	1174.66
9.40	82.41	246.94	1174.66
9.41	82.41	246.94	1174.66
9.42	82.41	246.94	1174.66
9.43	246.94	1174.66
9.44	246.94	1174.66
9.45	246.94	1174.66
9.46	246.94	1174.66
9.47	246.94	1174.66
9.48	246.94	1174.66
9.49	246.94	1174.66
9.50	246.94	587.33
9.51	246.94	587.33
9.52	246.94	587.33
9.53	246.94	587.33
9.54	246.94	587.33
9.55	246.94	587.33
9.56	246.94	587.33
9.57	123.47	185.00	246.94	293.66	587.33
9.58	123.47	185.00	246.94	293.66	587.33
9.59	123.47	185.00	246.94	293.66	587.33
9.60	123.47	185.00	246.94	293.66	587.33
9.61	123.47	185.00	246.94	293.66	587.33
9.62	123.47	185.00	246.94	293.66	587.33
9.63	123.47	185.00	246.94	293.66	587.33
9.64	123.47	185.00	246.94	293.66	587.33
9.65	123.47	185.00	246.94	293.66	587.33
9.66	123.47	185.00	246.94	293.66	587.33
9.67	123.47	185.00	246.94	293.66	587.33
9.68	123.47	185.00	246.94	293.66	587.33
9.69	123.47	185.00	246.94	293.66	587.33
9.70	123.47	185.00	246.94	293.66	587.33
9.71	123.47	185.00	246.94	293.66	587.33
9.72	123.47	185.00	246.94	293.66	587.33
9.73	185.00	246.94	293.66	587.33
9.74	185.00	246.94	293.66	587.33
9.75	246.94	293.66	587.33
9.76	246.94	293.66	587.33
9.77	246.94	293.66	587.33
9.78	246.94	293.66	587.33
9.79	246.94	293.66	587.33
9.80	246.94	293.66
9.81	246.94	293.66
9.82	246.94	293.66
9.83	246.94	293.66
9.84	246.94	293.66
9.85	246.94	293.66
9.86	246.94	293.66
9.87	246.94	293.66
9.88	246.94	293.66
9.89	246.94	293.66
9.90	246.94	293.66
9.91	246.94	293.66
9.92	246.94	293.66	1975.53
9.93	246.94	293.66	1975.53
9.94	246.94	293.66	1975.53
9.95	246.94	293.66	1975.53
9.96	246.94	293.66	1975.53
9.97	246.94	293.66	493.88	1975.53
9.98	246.94	293.66	493.88	1975.53
9.99	246.94	293.66	493.88	1975.53
10.00	246.94	293.66	493.88	1975.53
10.01	246.94	293.66	493.88
10.02	246.94	293.66	493.88
10.03	246.94	293.66	493.88
10.04	246.94	293.66	493.88
10.05	246.94	293.66	493.88
10.06	123.47	246.94	293.66	493.88
10.07	123.47	246.94	293.66	493.88
10.08	123.47	246.94	293.66	493.88
10.09	123.47	246.94	293.66	493.88
10.10	123.47	246.94	293.66	493.88
10.11	123.47	246.94	293.66	493.88
10.12	123.47	246.94	293.66	493.88
10.13	123.47	246.94	293.66	493.88
10.14	123.47	246.94	293.66	493.88
10.15	123.47	246.94	293.66	493.88
10.16	123.47	246.94	293.66	493.88
10.17	123.47	246.94	293.66	493.88
10.18	123.47	246.94	293.66	493.88
10.19	123.47	246.94	293.66	493.88
10.20	123.47	246.94	293.66	493.88
10.21	123.47	246.94	293.66	493.88
10.22	123.47	246.94	293.66
10.23	123.47	246.94	293.66
10.24	246.94	293.66
10.25	246.94	293.66
10.26	246.94	293.66
10.27	246.94	293.66	659.26
10.28	246.94	293.66	659.26
10.29	196.00	246.94	293.66	659.26
10.30	196.00	246.94	293.66	659.26
10.31	196.00	246.94	293.66	329.63	659.26
10.32	196.00	246.94	293.66	329.63	659.26
10.33	196.00	246.94	293.66	329.63	659.26
10.34	196.00	246.94	293.66	329.63	659.26
10.35	196.00	246.94	293.66	329.63	659.26
10.36	196.00	246.94	293.66	329.63	392.00	659.26
10.37	196.00	246.94	293.66	329.63	392.00	659.26
10.38	196.00	246.94	293.66	329.63	392.00	659.26
10.39	196.00	246.94	293.66	329.63	392.00	659.26
10.40	196.00	246.94	293.66	329.63	392.00	659.26
10.41	196.00	246.94	293.66	329.63	392.00	659.26
10.42	196.00	246.94	293.66	329.63	392.00	659.26
10.43	246.94	293.66	329.63	392.00	659.26
10.44	246.94	293.66	329.63	392.00	659.26
10.45	246.94	293.66	329.63	392.00
10.46	246.94	293.66	329.63	392.00
10.47	246.94	329.63	392.00
10.48	246.94	329.63	392.00
10.49	246.94	329.63	392.00
10.50	123.47	246.94	329.63	392.00	987.77
10.51	123.47	246.94	329.63	392.00	987.77
10.52	82.41	123.47	246.94	392.00	987.77
10.53	82.41	123.47	246.94	392.00	987.77
10.54	82.41	123.47	392.00	987.77
10.55	82.41	123.47	392.00	987.77
10.56	82.41	123.47	392.00	987.77
10.57	82.41	123.47	392.00	987.77
10.58	82.41	123.47	392.00	987.77
10.59	82.41	123.47	392.00	987.77
10.60	82.41	123.47	392.00	987.77
10.61	82.41	123.47	392.00
10.62	82.41	123.47	196.00	392.00
10.63	82.41	123.47	196.00	392.00
10.64	82.41	123.47	196.00
10.65	82.41	123.47	196.00
10.66	82.41	98.00	123.47	196.00	587.33
10.67	82.41	98.00	123.47	196.00	587.33
10.68	82.41	98.00	196.00	587.33
10.69	82.41	98.00	196.00	246.94	587.33
10.70	82.41	98.00	196.00	246.94	587.33
10.71	98.00	196.00	246.94	587.33
10.72	98.00	196.00	246.94	587.33
10.73	98.00	196.00	246.94	587.33
10.74	98.00	196.00	246.94	587.33
10.75	98.00	196.00	246.94	587.33
10.76	98.00	196.00	246.94	587.33
10.77	98.00	196.00	246.94	587.33
10.78	98.00	196.00	246.94	293.66	587.33
10.79	98.00	196.00	246.94	293.66	587.33
10.80	98.00	196.00	246.94	293.66
10.81	98.00	196.00	246.94	293.66
10.82	98.00	246.94	293.66
10.83	98.00	246.94	293.66	554.37	987.77
10.84	98.00	246.94	293.66	554.37	987.77
10.85	98.00	293.66	554.37	987.77
10.86	98.00	293.66	554.37	987.77
10.87	98.00	293.66	554.37	987.77
10.88	98.00	293.66	554.37	987.77
10.89	98.00	293.66	554.37	987.77
10.90	98.00	277.18	293.66	554.37	987.77
10.91	98.00	277.18	293.66	554.37	987.77
10.92	98.00	277.18	293.66	554.37	987.77
10.93	98.00	277.18	293.66	554.37	987.77
10.94	98.00	277.18	293.66	554.37	987.77
10.95	98.00	277.18	293.66	554.37	987.77
10.96	98.00	277.18	293.66	554.37	987.77
10.97	98.00	277.18	293.66	554.37	987.77
10.98	98.00	277.18	554.37	987.77
10.99	98.00	277.18	554.37	987.77
11.00	98.00	277.18	554.37	987.77
11.01	98.00	123.47	277.18	554.37	987.77	1174.66
11.02	98.00	123.47	277.18	554.37	987.77	1174.66
11.03	98.00	123.47	277.18	293.66	493.88	554.37	987.77	1174.66
11.04	98.00	123.47	277.18	293.66	493.88	554.37	987.77	1174.66
11.05	98.00	123.47	277.18	293.66	493.88	1174.66
11.06	98.00	123.47	185.00	277.18	293.66	493.88	1174.66
11.07	98.00	123.47	185.00	277.18	293.66	493.88	1174.66
11.08	123.47	185.00	277.18	293.66	493.88	1174.66
11.09	123.47	185.00	277.18	293.66	493.88	1174.66
11.10	123.47	185.00	246.94	277.18	293.66	493.88	1174.66
11.11	123.47	185.00	246.94	277.18	293.66	493.88	1174.66
11.12	123.47	185.00	246.94	277.18	293.66	1174.66
11.13	123.47	185.00	246.94	277.18	293.66	1174.66
11.14	123.47	185.00	246.94	277.18	293.66	1174.66
11.15	123.47	185.00	246.94	277.18	293.66	1174.66
11.16	123.47	185.00	246.94	277.18	293.66	1174.66
11.17	123.47	185.00	246.94	277.18	1174.66
11.18	123.47	185.00	246.94	277.18	1174.66
11.19	123.47	185.00	246.94	277.18	1174.66
11.20	123.47	185.00	246.94	277.18	1174.66
11.21	123.47	185.00	246.94	277.18	1174.66
11.22	185.00	246.94	277.18	1174.66
11.23	185.00	246.94	277.18	1174.66
11.24	185.00	246.94	277.18	1174.66
11.25	185.00	246.94	277.18	1174.66
11.26	185.00	246.94	1174.66
11.27	185.00	246.94	1174.66
11.28	185.00	246.94	1174.66
11.29	185.00	246.94	1174.66
11.30	185.00	246.94	1174.66
11.31	185.00	246.94	1174.66
11.32	185.00	246.94	1174.66
11.33	185.00	246.94	1174.66
11.34	185.00	246.94	1174.66
11.35	185.00	246.94	1174.66
11.36	185.00	246.94	1174.66
11.37	185.00	246.94	1174.66
11.38	185.00	246.94	1174.66
11.39	185.00	246.94	1174.66
11.40	185.00	246.94	1174.66
11.41	185.00	246.94	1174.66
11.42	185.00	246.94	1174.66
11.43	185.00	246.94
11.44	185.00	246.94
11.45	246.94	987.77
11.46	246.94	987.77
11.47	246.94	987.77
11.48	246.94	987.77
11.49	246.94	987.77
11.50	246.94	987.77
11.51	246.94	987.77
11.52	246.94	987.77
11.53	246.94	987.77
11.54	246.94	987.77
11.55	246.94	987.77
11.56	246.94	987.77
11.57	246.94	987.77
11.58	246.94	987.77
11.59	246.94	987.77
11.60	246.94	987.77
11.61	246.94	987.77
11.62	246.94	987.77
11.63	246.94	987.77
11.64	246.94	987.77
11.65	246.94	987.77
11.66	246.94	987.77
11.67	246.94	987.77
11.68	246.94	987.77
11.69	246.94	987.77
11.70	246.94	987.77
11.71	246.94	987.77
11.72	246.94	987.77
11.73	246.94	987.77
11.74	246.94	987.77
11.75	246.94
11.76	246.94
11.77	246.94
11.78	246.94
11.79	246.94
11.80	246.94	293.66	1318.51
11.81	246.94	293.66	1318.51
11.82	246.94	293.66	1318.51
11.83	246.94	293.66	1318.51
11.84	246.94	293.66	1318.51
11.85	246.94	293.66	1318.51
11.86	246.94	293.66	1318.51
11.87	246.94	293.66	1318.51
11.88	246.94	293.66	1318.51
11.89	246.94	293.66	1318.51
11.90	246.94	293.66	1318.51
11.91	246.94	293.66
11.92	246.94	293.66
11.93	246.94	293.66
11.94	246.94	293.66
11.95	246.94	293.66
11.96	246.94	293.66	1318.51
11.97	246.94	293.66	1318.51
11.98	246.94	293.66	1318.51
11.99	246.94	293.66	1318.51
12.00	246.94	293.66	1318.51
12.01	246.94	293.66	1318.51
12.02	246.94	293.66	1318.51
12.03	123.47	246.94	293.66	1318.51
12.04	123.47	246.94	293.66	1318.51
12.05	123.47	293.66	1318.51
12.06	123.47	293.66	1318.51
12.07	123.47	293.66	1318.51
12.08	123.47	293.66	1318.51
12.09	123.47	293.66	1318.51
12.10	185.00	293.66
12.11	185.00	293.66
12.12	185.00	293.66
12.13	185.00	293.66	369.99
12.14	185.00	293.66	369.99
12.15	185.00	293.66	369.99	880.00
12.16	185.00	293.66	369.99	880.00
12.17	293.66	369.99	880.00
12.18	293.66	369.99	880.00
12.19	293.66	369.99	880.00
12.20	293.66	369.99	880.00
12.21	293.66	369.99	880.00
12.22	293.66	369.99	880.00
12.23	293.66	369.99	880.00
12.24	293.66	369.99	880.00
12.25	293.66	369.99	880.00
12.26	293.66	369.99	880.00
12.27	293.66	369.99	880.00
12.28	293.66	369.99	880.00
12.29	293.66	369.99	880.00
12.30	293.66	369.99	880.00
12.31	293.66	369.99	880.00
12.32	293.66	369.99	880.00
12.33	293.66	880.00	2217.46
12.34	293.66	880.00	2217.46
12.35	293.66	880.00	2217.46
12.36	293.66	880.00	2217.46
12.37	293.66	880.00	2217.46
12.38	293.66	880.00	2217.46
12.39	293.66	880.00	2217.46
12.40	293.66	2217.46
12.41	293.66	2217.46
12.42	293.66	2217.46
12.43	293.66	2217.46
12.44	293.66	2217.46
12.45	293.66
12.46	293.66
12.47	246.94	293.66
12.48	246.94	293.66
12.49	246.94
12.50	246.94	830.61
12.51	246.94	830.61
12.52	246.94	293.66	830.61
12.53	246.94	293.66	830.61
12.54	246.94	293.66	415.30	830.61
12.55	246.94	293.66	415.30	830.61
12.56	246.94	293.66	415.30	830.61
12.57	246.94	293.66	415.30	830.61
12.58	246.94	293.66	415.30	830.61
12.59	246.94	293.66	415.30	830.61
12.60	246.94	293.66	415.30	830.61
12.61	246.94	293.66	415.30	830.61
12.62	246.94	293.66	415.30	830.61
12.63	246.94	293.66	415.30	830.61
12.64	246.94	293.66	415.30	830.61
12.65	246.94	293.66	415.30	830.61
12.66	246.94	293.66	830.61
12.67	246.94	293.66	830.61
12.68	246.94	293.66	830.61
12.69	246.94	293.66	830.61
12.70	246.94	293.66	830.61
12.71	246.94	293.66	830.61
12.72	246.94	293.66	830.61
12.73	246.94	293.66	830.61
12.74	246.94	293.66	830.61
12.75	246.94	587.33	830.61
12.76	246.94	587.33	830.61
12.77	587.33	830.61
12.78	587.33	830.61
12.79	587.33	830.61
12.80	587.33	830.61
12.81	587.33	830.61
12.82	587.33	830.61
12.83	587.33	830.61
12.84	587.33	830.61
12.85	587.33	830.61
12.86	587.33	830.61
12.87	587.33	739.99	830.61
12.88	587.33	739.99	830.61
12.89	369.99	739.99	830.61
12.90	369.99	739.99	830.61
12.91	369.99	739.99	830.61
12.92	369.99	739.99	830.61
12.93	369.99	739.99	830.61
12.94	369.99	739.99	830.61
12.95	369.99	739.99	830.61
12.96	369.99	739.99	830.61
12.97	369.99	739.99	830.61
12.98	369.99	830.61
12.99	369.99	830.61
13.00	369.99	830.61
13.01	369.99	830.61
13.02	369.99	830.61
13.03	369.99	830.61
13.04	369.99	830.61
13.05	369.99	830.61	1975.53
13.06	369.99	830.61	1975.53
13.07	369.99	830.61	1975.53
13.08	369.99	830.61	1975.53
13.09	369.99	830.61	1975.53
13.10	369.99	830.61	1975.53
13.11	369.99	830.61	1975.53
13.12	369.99	1975.53
13.13	369.99	1975.53
13.14	369.99	1975.53
13.15	369.99	1975.53
13.16	369.99	1975.53
13.17	369.99
13.18	369.99
13.19	369.99
13.20	369.99
13.21	369.99
13.22	369.99	987.77
13.23	369.99	987.77
13.24	369.99	659.26	987.77
13.25	369.99	659.26	987.77
13.26	164.81	659.26	739.99	987.77
13.27	164.81	659.26	739.99	987.77
13.28	164.81	659.26	739.99
13.29	164.81	329.63	659.26	739.99
13.30	164.81	329.63	659.26	739.99
13.31	164.81	329.63	659.26	739.99
13.32	164.81	329.63	659.26	739.99
13.33	164.81	329.63	659.26	739.99	1975.53
13.34	164.81	329.63	659.26	739.99	1975.53
13.35	329.63	659.26	739.99	1975.53
13.36	329.63	659.26	739.99	1975.53
13.37	329.63	659.26	739.99	1975.53
13.38	329.63	659.26	739.99	1975.53
13.39	329.63	659.26	739.99	1975.53
13.40	329.63	659.26	739.99	1975.53
13.41	329.63	659.26	739.99	1975.53
13.42	329.63	739.99	1975.53
13.43	329.63	739.99	1975.53
13.44	329.63	739.99	1975.53
13.45	329.63	739.99	987.77
13.46	329.63	739.99	987.77
13.47	329.63	659.26	739.99	987.77
13.48	329.63	659.26	739.99	987.77
13.49	329.63	659.26	739.99	987.77
13.50	329.63	659.26	739.99	987.77
13.51	329.63	659.26	739.99	987.77
13.52	329.63	659.26	987.77	1046.50
13.53	329.63	659.26	987.77	1046.50
13.54	329.63	659.26	1046.50
13.55	329.63	659.26	1046.50
13.56	329.63	659.26	1046.50
13.57	329.63	659.26	1046.50
13.58	329.63	659.26	1046.50
13.59	329.63	659.26	1046.50
13.60	329.63	659.26	1046.50
13.61	329.63	554.37	659.26	1046.50
13.62	329.63	554.37	659.26	1046.50
13.63	329.63	554.37	659.26	1046.50
13.64	277.18	329.63	554.37	659.26	1046.50
13.65	277.18	329.63	554.37	659.26	1046.50
13.66	277.18	329.63	554.37	659.26
13.67	277.18	329.63	554.37	659.26
13.68	277.18	329.63	554.37	659.26
13.69	277.18	329.63	554.37	659.26
13.70	277.18	329.63	554.37	659.26
13.71	277.18	329.63	554.37	659.26
13.72	277.18	329.63
13.73	277.18	329.63
13.74	277.18	329.63
13.75	277.18	329.63
13.76	277.18	329.63
13.77	277.18	329.63
13.78	277.18	329.63
13.79	277.18	329.63
13.80	277.18	329.63
13.81	277.18	329.63
13.82	277.18	329.63
13.83	277.18	329.63
13.84	277.18
13.85	277.18
13.86	277.18
13.87	277.18	1760.00
13.88	277.18	1760.00
13.89	277.18	1760.00
13.90	277.18	1760.00
13.91	277.18	1760.00
13.92	277.18	1760.00
13.93	277.18	1760.00
13.94	277.18	1760.00
13.95	277.18	1760.00
13.96	277.18	1760.00
13.97	277.18	1760.00
13.98	277.18	1760.00
13.99	277.18	1760.00
14.00	277.18	1760.00
14.01	277.18	1760.00
14.02	277.18	1760.00
14.03	164.81	277.18	1760.00
14.04	164.81	277.18	1760.00
14.05	164.81	277.18	1661.22
14.06	164.81	277.18	1661.22
14.07	164.81	277.18	1661.22
14.08	164.81	277.18	1661.22
14.09	164.81	277.18	1661.22
14.10	277.18	1661.22
14.11	277.18	1661.22
14.12	277.18	493.88
14.13	277.18	493.88
14.14	277.18	493.88
14.15	277.18	493.88
14.16	277.18	493.88
14.17	277.18	493.88	1661.22
14.18	277.18	493.88	1661.22
14.19	277.18	293.66	1661.22
14.20	277.18	293.66	1661.22
14.21	293.66	1661.22
14.22	293.66	1661.22
14.23	293.66	1661.22
14.24	164.81	293.66	1661.22
14.25	164.81	293.66	1661.22
14.26	164.81	293.66	1661.22
14.27	164.81	293.66	1661.22
14.28	164.81	293.66	1661.22
14.29	164.81	293.66	1661.22
14.30	164.81	293.66	1661.22
14.31	164.81	293.66	1661.22
14.32	164.81	293.66	1661.22
14.33	164.81	293.66	1661.22
14.34	164.81	293.66	1661.22
14.35	164.81	293.66	1661.22
14.36	164.81	293.66	1661.22
14.37	164.81	293.66	1661.22
14.38	164.81	293.66	1661.22
14.39	164.81	293.66	1661.22
14.40	164.81	293.66	1661.22
14.41	164.81	293.66	1661.22
14.42	164.81	293.66
14.43	164.81	293.66
14.44	164.81	293.66
14.45	164.81	293.66
14.46	164.81	293.66
14.47	164.81	293.66
14.48	164.81	293.66
14.49	164.81	293.66
14.50	164.81	293.66
14.51	164.81	293.66
14.52	164.81	293.66
14.53	164.81	293.66
14.54	164.81	293.66
14.55	164.81	293.66
14.56	164.81	293.66	1479.98
14.57	164.81	293.66	1479.98
14.58	164.81	293.66	1479.98
14.59	164.81	293.66	1479.98
14.60	164.81	293.66	1479.98
14.61	164.81	293.66	1479.98
14.62	164.81	293.66	1479.98
14.63	164.81	293.66	1479.98
14.64	164.81	293.66	1479.98
14.65	164.81	293.66	1479.98
14.66	164.81	293.66	1479.98
14.67	164.81	293.66	1479.98
14.68	164.81	293.66	1479.98
14.69	164.81	293.66	1479.98
14.70	164.81	293.66	1479.98
14.71	164.81	293.66	1479.98
14.72	164.81	293.66	1479.98
14.73	164.81	293.66	1479.98
14.74	164.81	293.66	1479.98
14.75	164.81	293.66	1479.98
14.76	164.81	293.66	1479.98
14.77	164.81	293.66	1479.98
14.78	164.81	293.66	1479.98
14.79	164.81	293.66
14.80	146.83	164.81	185.00	277.18	293.66
14.81	146.83	164.81	185.00	277.18	293.66
14.82	146.83	164.81	185.00	277.18
14.83	146.83	164.81	185.00	277.18
14.84	73.42	146.83	185.00	277.18
14.85	73.42	146.83	185.00	277.18
14.86	73.42	146.83	185.00	277.18
14.87	73.42	146.83	185.00	277.18
14.88	73.42	146.83	185.00	277.18
14.89	73.42	185.00	277.18
14.90	73.42	185.00	277.18
14.91	73.42	185.00	277.18
14.92	73.42	185.00	277.18
14.93	73.42	185.00	277.18
14.94	73.42	185.00	277.18
14.95	73.42	185.00	277.18
14.96	73.42	185.00	277.18
14.97	73.42	185.00	277.18
14.98	73.42	185.00	277.18	1318.51
14.99	73.42	185.00	277.18	1318.51
15.00	73.42	185.00	277.18	1318.51
15.01	73.42	185.00	277.18	1318.51
15.02	73.42	185.00	277.18	1318.51
15.03	73.42	185.00	277.18	1318.51
15.04	73.42	185.00	277.18	1318.51
15.05	73.42	185.00	277.18	1318.51
15.06	73.42	185.00	277.18	1318.51
15.07	73.42	185.00	277.18
15.08	73.42	185.00	277.18
15.09	73.42	277.18
15.10	73.42	277.18
15.11	73.42	277.18
15.12	73.42	277.18	1318.51
15.13	73.42	277.18	1318.51
15.14	73.42	82.41	207.65	277.18	1318.51
15.15	73.42	82.41	207.65	277.18	1318.51
15.16	73.42	82.41	207.65	277.18	1318.51
15.17	73.42	82.41	207.65	277.18	1318.51
15.18	73.42	82.41	207.65	277.18	1318.51
15.19	73.42	82.41	207.65	277.18	1318.51
15.20	73.42	82.41	207.65	277.18	1318.51
15.21	82.41	207.65	277.18	1318.51
15.22	82.41	207.65	277.18	1318.51
15.23	82.41	207.65	277.18	1318.51
15.24	82.41	207.65	277.18	1318.51
15.25	82.41	207.65	277.18	1318.51
15.26	82.41	207.65	277.18	1318.51
15.27	82.41	207.65	277.18	1318.51
15.28	82.41	207.65	246.94	277.18	1318.51
15.29	82.41	207.65	246.94	277.18	1318.51
15.30	82.41	207.65	246.94	277.18	1318.51
15.31	82.41	207.65	246.94	277.18	1318.51
15.32	82.41	207.65	246.94	277.18	1318.51
15.33	82.41	207.65	246.94	277.18	1318.51
15.34	82.41	207.65	246.94	277.18	1318.51
15.35	82.41	207.65	246.94	277.18	1318.51
15.36	82.41	207.65	246.94	277.18	1318.51
15.37	82.41	207.65	277.18	1318.51
15.38	82.41	164.81	207.65	277.18	1318.51
15.39	82.41	164.81	207.65	277.18	1318.51
15.40	82.41	164.81	207.65	277.18	369.99	1318.51
15.41	82.41	164.81	207.65	277.18	369.99	1318.51
15.42	82.41	164.81	207.65	277.18	369.99	1318.51
15.43	82.41	164.81	207.65	277.18	369.99	1318.51
15.44	82.41	164.81	277.18	369.99	1318.51
15.45	82.41	164.81	246.94	277.18	369.99	1318.51
15.46	82.41	164.81	246.94	277.18	369.99	1318.51
15.47	82.41	92.50	220.00	246.94	277.18	1318.51
15.48	82.41	92.50	220.00	246.94	277.18	1318.51
15.49	92.50	220.00	246.94	277.18	1318.51
15.50	92.50	220.00	246.94	277.18	1318.51
15.51	92.50	220.00	246.94	277.18	1318.51
15.52	92.50	220.00	246.94	277.18	1318.51
15.53	92.50	220.00	246.94	277.18	1318.51
15.54	92.50	220.00	246.94	277.18
15.55	92.50	220.00	246.94	277.18
15.56	92.50	220.00	246.94	277.18	1318.51
15.57	92.50	220.00	246.94	277.18	1318.51
15.58	92.50	220.00	246.94	277.18	1318.51
15.59	92.50	220.00	246.94	277.18	1318.51
15.60	92.50	220.00	246.94	277.18	1318.51
15.61	92.50	220.00	277.18	1318.51
15.62	92.50	220.00	277.18	1318.51
15.63	92.50	220.00	277.18	1318.51
15.64	92.50	220.00	277.18	1318.51
15.65	92.50	220.00	277.18	1318.51
15.66	92.50	220.00	277.18	1318.51
15.67	92.50	220.00	277.18	1318.51
15.68	92.50	164.81	220.00	277.18	1318.51
15.69	92.50	164.81	220.00	277.18	1318.51
15.70	92.50	164.81	220.00	277.18	1318.51
15.71	92.50	164.81	220.00	277.18	1318.51
15.72	92.50	164.81	220.00	277.18	1318.51
15.73	92.50	164.81	220.00	277.18	1318.51
15.74	92.50	220.00	277.18	1318.51
15.75	92.50	220.00	277.18	1318.51
15.76	92.50	220.00	277.18	1318.51
15.77	92.50	220.00	277.18	1318.51
15.78	92.50	220.00	277.18	1318.51
15.79	92.50	220.00	277.18	1318.51
15.80	92.50	220.00	277.18	1318.51
15.81	92.50	220.00	277.18	1318.51
15.82	92.50	220.00	277.18	587.33	1244.51	1318.51
15.83	92.50	220.00	277.18	587.33	1244.51	1318.51
15.84	92.50	185.00	277.18	293.66	587.33	1244.51	1318.51
15.85	92.50	185.00	277.18	293.66	587.33	1244.51	1318.51
15.86	92.50	185.00	277.18	293.66	587.33	1244.51
15.87	92.50	185.00	277.18	293.66	587.33	1244.51
15.88	92.50	185.00	277.18	293.66	587.33
15.89	92.50	185.00	277.18	293.66	587.33
15.90	92.50	185.00	277.18	293.66	587.33
15.91	92.50	185.00	277.18	293.66	587.33
15.92	92.50	185.00	277.18	293.66	587.33
15.93	92.50	185.00	277.18	293.66	587.33	1174.66
15.94	92.50	185.00	277.18	293.66	587.33	1174.66
15.95	92.50	185.00	277.18	293.66	587.33	1174.66
15.96	92.50	185.00	277.18	293.66	587.33	1174.66
15.97	92.50	185.00	277.18	293.66	587.33	1174.66
15.98	92.50	185.00	277.18	293.66	329.63	587.33	659.26	1174.66
15.99	92.50	185.00	277.18	293.66	329.63	587.33	659.26	1174.66
16.00	185.00	207.65	277.18	293.66	329.63	659.26	1174.66
16.01	185.00	207.65	277.18	293.66	329.63	659.26	1174.66
16.02	207.65	277.18	293.66	329.63	659.26	1174.66
16.03	207.65	277.18	293.66	329.63	659.26	1174.66
16.04	207.65	277.18	293.66	329.63	659.26	1174.66
16.05	207.65	277.18	293.66	329.63	659.26	1174.66
16.06	207.65	277.18	293.66	329.63	659.26	1174.66
16.07	207.65	277.18	293.66	329.63	659.26	1174.66
16.08	207.65	277.18	293.66	329.63	659.26	1174.66
16.09	207.65	277.18	293.66	329.63	659.26	1174.66
16.10	207.65	277.18	293.66	329.63	659.26	1174.66
16.11	207.65	277.18	293.66	329.63	659.26	1174.66
16.12	207.65	277.18	293.66	329.63	1174.66
16.13	207.65	277.18	293.66	329.63	1174.66
16.14	207.65	277.18	293.66	329.63	1174.66
16.15	207.65	277.18	293.66	329.63	1174.66
16.16	207.65	277.18	293.66	329.63	1174.66
16.17	207.65	220.00	277.18	293.66	329.63	369.99	1174.66
16.18	207.65	220.00	277.18	293.66	329.63	369.99	1174.66
16.19	220.00	277.18	293.66	329.63	369.99	739.99	1174.66
16.20	220.00	277.18	293.66	329.63	369.99	739.99	1174.66
16.21	92.50	220.00	293.66	329.63	369.99	739.99	1174.66
16.22	92.50	220.00	293.66	329.63	369.99	739.99	1174.66
16.23	92.50	220.00	293.66	369.99	739.99	1174.66
16.24	92.50	220.00	293.66	369.99	739.99	1174.66
16.25	92.50	220.00	293.66	369.99	739.99	1174.66
16.26	92.50	220.00	293.66	369.99	739.99	1174.66
16.27	92.50	220.00	293.66	369.99	739.99	1174.66
16.28	92.50	220.00	293.66	369.99	739.99	1174.66
16.29	92.50	220.00	293.66	369.99	739.99	1174.66
16.30	92.50	220.00	293.66	369.99	739.99	1174.66
16.31	92.50	220.00	293.66	369.99	739.99	1174.66
16.32	92.50	220.00	293.66	369.99	739.99	1174.66
16.33	92.50	220.00	293.66	369.99	739.99	1174.66
16.34	92.50	220.00	293.66	369.99	739.99	1174.66
16.35	92.50	220.00	293.66	369.99	739.99	1174.66
16.36	92.50	220.00	293.66	369.99	739.99	1174.66
16.37	92.50	220.00	369.99	1174.66
16.38	92.50	220.00	369.99	1174.66
16.39	92.50	220.00	369.99	1174.66
16.40	92.50	220.00	369.99
16.41	92.50	220.00	369.99
16.42	92.50	220.00	369.99
16.43	92.50	220.00	369.99
16.44	92.50	220.00	369.99	1174.66	2217.46
16.45	92.50	220.00	369.99	1174.66	2217.46
16.46	92.50	220.00	369.99	1174.66	2217.46
16.47	92.50	220.00	369.99	1174.66	2217.46
16.48	92.50	220.00	369.99	1174.66	2217.46
16.49	92.50	220.00	369.99	1174.66	2217.46
16.50	92.50	220.00	369.99	1174.66	2217.46
16.51	92.50	220.00	369.99	2217.46
16.52	92.50	220.00	369.99	2217.46
16.53	92.50	220.00	369.99	2217.46
16.54	92.50	220.00	369.99	2217.46
16.55	92.50	220.00	369.99	2217.46
16.56	92.50	220.00	369.99	2217.46
16.57	92.50	220.00	369.99	2217.46
16.58	92.50	220.00	329.63	369.99	659.26	2217.46
16.59	92.50	220.00	329.63	369.99	659.26	2217.46
16.60	92.50	329.63	369.99	659.26	2217.46
16.61	92.50	185.00	329.63	369.99	659.26	2217.46
16.62	92.50	185.00	329.63	369.99	659.26	2217.46
16.63	185.00	329.63	659.26
16.64	185.00	329.63	659.26
16.65	185.00	329.63	659.26
16.66	185.00	329.63	659.26
16.67	185.00	329.63	659.26
16.68	185.00	329.63	659.26	739.99
16.69	185.00	329.63	659.26	739.99
16.70	185.00	329.63	659.26	739.99
16.71	185.00	329.63	659.26	739.99
16.72	185.00	329.63	739.99
16.73	185.00	329.63	739.99
16.74	185.00	329.63	739.99
16.75	185.00	329.63	739.99
16.76	185.00	329.63	739.99
16.77	185.00	329.63	587.33	739.99	2217.46
16.78	185.00	329.63	587.33	739.99	2217.46
16.79	207.65	329.63	587.33	739.99	2217.46
16.80	207.65	329.63	587.33	739.99	2217.46
16.81	207.65	329.63	587.33	2217.46
16.82	207.65	329.63	587.33	2217.46
16.83	207.65	329.63	587.33	2217.46
16.84	207.65	293.66	329.63	587.33	2217.46
16.85	207.65	293.66	329.63	587.33	2217.46
16.86	207.65	293.66	329.63	587.33	2217.46
16.87	207.65	293.66	329.63	587.33	2217.46
16.88	207.65	293.66	329.63	587.33	2217.46
16.89	207.65	293.66	329.63	587.33	2217.46
16.90	207.65	293.66	329.63	587.33	2217.46
16.91	207.65	293.66	329.63	2217.46
16.92	207.65	293.66	329.63	2217.46
16.93	207.65	220.00	293.66	554.37
16.94	207.65	220.00	293.66	554.37
16.95	207.65	220.00	293.66	554.37
16.96	207.65	220.00	293.66	554.37
16.97	207.65	220.00	293.66	554.37
16.98	220.00	293.66	554.37
16.99	220.00	293.66	554.37
17.00	220.00	277.18	293.66	554.37
17.01	220.00	277.18	293.66	554.37
17.02	220.00	277.18	293.66	554.37
17.03	220.00	277.18	293.66	554.37
17.04	220.00	277.18	293.66	554.37
17.05	220.00	277.18	293.66	554.37
17.06	220.00	277.18	293.66	554.37
17.07	220.00	277.18	293.66	554.37
17.08	220.00	277.18	293.66	554.37
17.09	220.00	277.18	293.66	554.37	880.00
17.10	220.00	277.18	293.66	554.37	880.00
17.11	220.00	277.18	293.66	554.37	880.00
17.12	220.00	277.18	293.66	554.37	880.00
17.13	220.00	277.18	293.66	554.37	880.00
17.14	185.00	220.00	277.18	293.66	554.37	880.00	932.33
17.15	185.00	220.00	277.18	293.66	554.37	880.00	932.33
17.16	185.00	220.00	277.18	554.37	932.33
17.17	185.00	220.00	277.18	554.37	932.33
17.18	185.00	220.00	277.18	932.33
17.19	185.00	220.00	277.18	932.33
17.20	185.00	220.00	277.18	932.33
17.21	185.00	220.00	277.18	554.37
17.22	185.00	220.00	277.18	554.37
17.23	185.00	220.00	277.18	554.37
17.24	185.00	220.00	277.18	554.37
17.25	185.00	220.00	277.18	554.37
17.26	185.00	220.00	277.18	554.37	1108.73
17.27	185.00	220.00	277.18	554.37	1108.73
17.28	220.00	277.18	554.37	1108.73
17.29	220.00	277.18	554.37	1108.73
17.30	110.00	220.00	277.18	554.37	1108.73
17.31	110.00	220.00	277.18	554.37	1108.73
17.32	110.00	277.18	554.37	1108.73
17.33	110.00	277.18	554.37	1108.73	1174.66
17.34	110.00	277.18	554.37	1108.73	1174.66
17.35	110.00	277.18	1108.73	1174.66
17.36	110.00	277.18	1108.73	1174.66
17.37	110.00	277.18	1174.66
17.38	110.00	277.18	1174.66
17.39	110.00	277.18	1174.66
17.40	110.00	277.18	1174.66
17.41	110.00	277.18	1174.66
17.42	110.00	277.18	1174.66
17.43	110.00	277.18	1174.66
17.44	110.00	277.18	1174.66
17.45	110.00	277.18	1174.66
17.46	110.00	277.18	1174.66
17.47	110.00	277.18	1174.66
17.48	110.00	277.18	1174.66
17.49	110.00	277.18	1174.66	1318.51
17.50	110.00	277.18	1174.66	1318.51
17.51	110.00	277.18	1174.66	1318.51
17.52	110.00	277.18	1174.66	1318.51
17.53	110.00	277.18	1174.66	1318.51
17.54	110.00	277.18	1174.66	1318.51
17.55	110.00	277.18	1174.66	1318.51
17.56	110.00	277.18	1174.66	1318.51
17.57	110.00	277.18	1174.66	1318.51
17.58	55.00	110.00	1174.66	1318.51
17.59	55.00	110.00	1174.66	1318.51
17.60	55.00	110.00	1318.51
17.61	55.00	110.00	1318.51
17.62	55.00	110.00	1318.51
17.63	55.00	110.00	1318.51
17.64	55.00	110.00	1318.51
17.65	55.00	110.00	1318.51
17.66	55.00	110.00	1318.51
17.67	55.00	1318.51
17.68	55.00	1318.51
17.69	55.00	1318.51
17.70	55.00
17.71	55.00
17.72	55.00	92.50
17.73	55.00	92.50
17.74	92.50
17.75	92.50	1479.98
17.76	92.50	1479.98
17.77	92.50	220.00	1479.98
17.78	92.50	220.00	1479.98
17.79	92.50	220.00	1479.98
17.80	92.50	220.00	1479.98
17.81	92.50	220.00	1479.98
17.82	92.50	220.00	1479.98
17.83	92.50	1479.98
17.84	92.50	1479.98
17.85	92.50	1479.98
17.86	92.50	1479.98
17.87	92.50	1479.98
17.88	92.50	1479.98
17.89	92.50	1479.98
17.90	92.50	1479.98
17.91	46.25	92.50	1479.98
17.92	46.25	92.50	1479.98
17.93	46.25	1479.98
17.94	46.25	1479.98
17.95	46.25	1479.98
17.96	46.25	1479.98
17.97	46.25	1479.98
17.98	46.25	1479.98
17.99	46.25	1479.98
18.00	46.25	1479.98
18.01	46.25	1479.98
18.02	46.25	1479.98
18.03	46.25	1479.98
18.04	1479.98
18.05	1479.98
18.06	1479.98
18.07	1479.98
18.08	1479.98
18.09	46.25	1479.98
18.10	46.25	1479.98
18.11	46.25	1479.98
18.12	46.25	739.99	1479.98
18.13	46.25	739.99	1479.98
18.14	46.25	369.99	739.99
18.15	46.25	369.99	739.99
18.16	46.25	110.00	369.99	739.99
18.17	46.25	110.00	369.99	739.99
18.18	110.00	369.99	739.99
18.19	110.00	369.99	739.99
18.20	110.00	369.99	739.99
18.21	110.00	369.99	1318.51
18.22	110.00	369.99	1318.51
18.23	110.00	369.99	1318.51
18.24	110.00	369.99	1318.51
18.25	110.00	369.99	1318.51
18.26	110.00	369.99	1318.51
18.27	110.00	369.99	1318.51
18.28	110.00	369.99	1318.51
18.29	110.00	369.99	1318.51
18.30	110.00	369.99	1318.51
18.31	110.00	369.99	1318.51
18.32	110.00	369.99	1318.51
18.33	110.00	369.99	1318.51
18.34	110.00	369.99	1318.51
18.35	110.00	369.99
18.36	110.00	369.99
18.37	110.00	369.99
18.38	110.00	369.99
18.39	110.00	369.99
18.40	110.00	369.99
18.41	110.00	369.99
18.42	110.00
18.43	110.00
18.44	110.00
18.45	110.00
18.46	110.00
18.47	110.00
18.48	110.00
18.49	110.00
18.50	110.00
18.51	110.00
18.52	110.00
18.53	110.00
18.54	110.00
18.55	110.00
18.56	110.00	698.46
18.57	110.00	698.46
18.58	349.23	698.46
18.59	349.23	698.46
18.60	69.30	349.23	698.46
18.61	69.30	349.23	698.46
18.62	69.30	349.23	698.46
18.63	69.30	349.23	698.46
18.64	69.30	349.23	698.46
18.65	69.30	349.23	698.46
18.66	69.30	349.23	698.46
18.67	69.30	698.46
18.68	69.30	698.46
18.69	69.30	698.46
18.70	69.30	698.46
18.71	69.30	698.46
18.72	69.30	698.46
18.73	69.30	698.46
18.74	69.30	698.46
18.75	69.30	698.46
18.76	69.30	698.46
18.77	69.30	698.46
18.78	69.30	698.46
18.79	69.30	698.46
18.80	69.30	698.46
18.81	69.30	698.46
18.82	69.30	698.46
18.83	69.30	698.46
18.84	69.30	349.23	698.46
18.85	69.30	349.23	698.46
18.86	69.30	349.23
18.87	69.30	349.23
18.88	349.23
18.89	349.23
18.90
18.91
18.92
18.93
18.94
18.95
18.96
18.97
18.98	277.18
18.99	277.18
19.00	277.18
19.01	277.18
19.02	138.59	277.18
19.03	138.59	277.18
19.04	138.59	277.18
19.05	138.59	277.18
19.06	138.59	277.18
19.07	138.59	277.18
19.08	138.59	277.18
19.09	277.18
19.10	277.18
19.11	277.18
19.12	277.18
19.13	277.18
19.14	69.30	277.18
19.15	69.30	277.18
19.16	69.30	277.18
19.17	69.30	277.18
19.18	69.30	277.18
19.19	69.30	277.18
19.20	69.30	277.18
19.21	69.30	277.18
19.22	69.30	277.18
19.23	69.30	277.18
19.24	69.30	277.18
19.25	69.30	277.18
19.26	69.30	277.18
19.27	69.30	277.18
19.28	69.30	277.18
19.29	69.30	277.18
19.30	69.30	277.18	587.33
19.31	69.30	277.18	587.33
19.32	69.30	277.18	369.99	587.33
19.33	69.30	277.18	369.99	587.33
19.34	277.18	369.99	587.33
19.35	277.18	369.99	587.33
19.36	277.18	369.99	587.33
19.37	277.18	369.99	587.33
19.38	277.18	369.99	587.33
19.39	277.18	369.99	587.33
19.40	277.18	369.99	587.33
19.41	277.18	369.99	587.33
19.42	277.18	369.99	587.33
19.43	277.18	369.99	587.33
19.44	369.99	587.33
19.45	369.99	587.33
19.46	369.99	587.33
19.47	369.99	587.33
19.48	369.99	587.33
19.49	369.99	587.33
19.50	369.99	587.33
19.51	293.66	369.99	587.33
19.52	293.66	369.99	587.33
19.53	293.66	369.99	587.33
19.54	293.66	369.99	587.33
19.55	293.66	369.99	587.33
19.56	293.66	369.99	587.33
19.57	293.66	369.99	587.33
19.58	293.66	369.99	587.33
19.59	293.66	369.99	587.33
19.60	293.66	369.99	587.33
19.61	293.66	369.99	587.33
19.62	293.66	369.99
19.63	293.66	369.99
19.64	293.66	369.99
19.65	293.66	369.99
19.66	293.66	369.99
19.67	293.66	369.99
19.68	293.66	369.99
19.69	293.66
19.70	246.94	293.66
19.71	246.94	293.66
19.72	246.94
19.73	246.94
19.74	246.94
19.75	246.94
19.76	246.94
19.77	246.94
19.78	246.94
19.79	246.94
19.80	246.94
19.81	246.94
19.82	246.94
19.83	246.94
19.84	246.94
19.85	246.94
19.86	246.94
19.87	246.94
19.88	246.94
19.89	246.94
19.90	246.94
19.91	246.94
19.92	246.94
19.93	246.94
19.94	246.94
19.95	246.94
19.96	246.94
19.97	246.94	1479.98
19.98	246.94	1479.98
19.99	246.94	1479.98
20.00	246.94	1479.98
20.01	246.94	1479.98
20.02	246.94	1479.98
20.03	246.94	1479.98
20.04	246.94	1479.98
20.05	246.94	1479.98
20.06	1479.98
20.07	415.30	1479.98
20.08	415.30	1479.98
20.09	349.23	415.30	1479.98
20.10	349.23	415.30	1479.98
20.11	207.65	349.23	415.30	1479.98
20.12	207.65	349.23	415.30	1479.98
20.13	207.65	349.23	415.30	1479.98
20.14	207.65	349.23	415.30	1479.98
20.15	207.65	349.23	415.30	1479.98
20.16	207.65	277.18	349.23	415.30
20.17	207.65	277.18	349.23	415.30
20.18	207.65	277.18	349.23
20.19	207.65	277.18	349.23
20.20	207.65	277.18	349.23
20.21	207.65	277.18	349.23
20.22	207.65	277.18	349.23
20.23	207.65	349.23
20.24	207.65	349.23
20.25	207.65	349.23
20.26	207.65	349.23
20.27	349.23
20.28	349.23	1396.91
20.29	349.23	1396.91
20.30	349.23	1396.91
20.31	349.23	1396.91
20.32	349.23	1396.91
20.33	349.23	1396.91
20.34	1396.91
20.35	1396.91
20.36	1396.91
20.37	1396.91
20.38	1396.91
20.39	1396.91
20.40	1396.91
20.41	1396.91
20.42	1396.91
20.43	1396.91
20.44	1396.91
20.45	1396.91
20.46	1396.91
20.47	1396.91
20.48	1396.91
20.49	415.30	1396.91
20.50	415.30	1396.91
20.51	415.30
20.52	415.30
20.53	415.30
20.54	415.30
20.55
20.56
20.57
20.58	138.59
20.59	138.59
20.60	138.59
20.61	138.59
20.62	138.59
20.63	138.59
20.64
20.65
20.66
20.67
20.68
20.69
20.70
20.71
20.72
20.73
20.74
20.75
20.76
20.77
20.78
20.79	1108.73
20.80	1108.73
20.81	1108.73
20.82	1108.73
20.83	1108.73
20.84	1108.73
20.85
20.86	123.47	369.99
20.87	123.47	369.99
20.88	123.47	369.99
20.89	123.47	369.99
20.90	123.47	369.99
20.91	123.47	369.99
20.92	123.47	369.99
20.93	123.47	369.99
20.94	123.47	369.99
20.95	123.47	369.99
20.96	123.47	369.99
20.97	123.47	369.99
20.98	123.47	369.99
20.99	123.47	369.99
21.00	123.47	369.99
21.01	123.47	369.99
21.02	123.47	369.99
21.03	123.47	369.99
21.04	123.47	369.99
21.05	123.47	369.99
21.06	123.47
21.07	123.47
21.08	123.47
21.09	123.47
21.10	123.47
21.11	123.47
21.12	123.47
21.13	123.47
21.14	123.47	1174.66
21.15	123.47	1174.66
21.16	123.47	1174.66
21.17	123.47	1174.66
21.18	123.47	1174.66
21.19	123.47	1174.66
21.20	123.47	739.99	1174.66
21.21	123.47	739.99	1174.66
21.22	123.47	739.99
21.23	123.47	369.99	739.99
21.24	123.47	369.99	739.99
21.25	123.47	369.99	739.99
21.26	123.47	369.99	739.99
21.27	123.47	369.99	739.99
21.28	123.47	369.99	739.99
21.29	123.47	369.99	739.99
21.30	123.47	369.99	739.99
21.31	123.47	369.99	739.99
21.32	123.47	369.99	739.99
21.33	123.47	369.99	739.99
21.34	123.47	369.99
21.35	123.47	369.99
21.36	123.47	369.99
21.37	123.47	369.99
21.38	123.47	369.99
21.39	123.47	369.99
21.40	123.47	369.99
21.41	123.47	369.99	987.77
21.42	123.47	369.99	987.77
21.43	123.47	369.99	987.77
21.44	123.47	369.99	987.77
21.45	123.47	369.99	987.77
21.46	123.47	369.99	987.77
21.47	123.47	369.99	987.77
21.48	123.47	369.99	739.99	987.77
21.49	123.47	369.99	739.99	987.77
21.50	123.47	369.99	739.99	987.77
21.51	123.47	369.99	739.99	987.77
21.52	123.47	369.99	739.99	987.77
21.53	123.47	739.99	987.77
21.54	123.47	739.99	987.77
21.55	123.47	739.99	987.77
21.56	123.47	739.99	987.77
21.57	123.47	739.99	987.77
21.58	123.47	739.99	987.77
21.59	123.47	739.99	987.77
21.60	123.47	207.65	369.99	698.46	739.99
21.61	123.47	207.65	369.99	698.46	739.99
21.62	69.30	207.65	369.99	698.46	739.99
21.63	69.30	207.65	369.99	698.46	739.99
21.64	69.30	207.65	369.99	698.46	739.99
21.65	69.30	207.65	349.23	369.99	698.46	739.99
21.66	69.30	207.65	349.23	369.99	698.46	739.99
21.67	69.30	207.65	349.23	369.99	698.46	739.99
21.68	69.30	207.65	349.23	369.99	698.46	739.99
21.69	69.30	207.65	277.18	349.23	369.99	698.46	739.99
21.70	69.30	207.65	277.18	349.23	369.99	698.46	739.99
21.71	69.30	207.65	277.18	349.23	369.99	698.46
21.72	69.30	207.65	277.18	349.23	369.99	698.46
21.73	69.30	207.65	277.18	349.23	369.99	698.46
21.74	207.65	277.18	349.23	698.46
21.75	207.65	277.18	349.23	698.46
21.76	207.65	277.18	349.23	698.46
21.77	207.65	277.18	349.23	698.46
21.78	207.65	277.18	349.23	698.46
21.79	207.65	277.18	349.23	698.46
21.80	207.65	277.18	349.23	698.46
21.81	207.65	277.18	349.23	698.46
21.82	207.65	277.18	349.23	698.46
21.83	207.65	277.18	349.23	698.46
21.84	207.65	277.18	349.23	698.46
21.85	207.65	277.18	349.23	698.46
21.86	207.65	277.18	349.23	698.46	830.61
21.87	207.65	277.18	349.23	698.46	830.61
21.88	207.65	277.18	349.23	698.46	830.61
21.89	207.65	277.18	349.23	698.46	830.61
21.90	207.65	277.18	349.23	698.46	830.61
21.91	207.65	277.18	349.23	698.46	830.61
21.92	207.65	277.18	349.23	698.46	830.61
21.93	207.65	277.18	349.23	698.46	830.61
21.94	207.65	277.18	349.23	698.46	830.61
21.95	207.65	277.18	349.23	698.46	830.61
21.96	207.65	277.18	349.23	698.46	830.61
21.97	277.18	349.23	554.37	698.46	830.61
21.98	277.18	349.23	554.37	698.46	830.61
21.99	277.18	349.23	554.37	698.46	830.61	1108.73
22.00	277.18	349.23	554.37	698.46	830.61	1108.73
22.01	277.18	349.23	554.37	698.46	830.61	1108.73
22.02	277.18	349.23	554.37	698.46	830.61	1108.73
22.03	277.18	349.23	554.37	698.46	830.61	1108.73
22.04	69.30	277.18	349.23	554.37	830.61	1108.73
22.05	69.30	277.18	349.23	554.37	830.61	1108.73
22.06	69.30	277.18	349.23	554.37	830.61	1108.73
22.07	69.30	277.18	349.23	554.37	830.61	1108.73
22.08	69.30	277.18	349.23	830.61	1108.73
22.09	69.30	277.18	349.23	830.61	1108.73
22.10	69.30	277.18	349.23	830.61	1108.73
22.11	69.30	277.18	349.23	830.61	1108.73
22.12	69.30	277.18	349.23	830.61	1108.73
22.13	277.18	349.23	830.61	1108.73
22.14	277.18	349.23	830.61	1108.73
22.15	277.18	349.23	830.61	1108.73
22.16	277.18	349.23	554.37	830.61	1108.73
22.17	277.18	349.23	554.37	830.61	1108.73
22.18	277.18	349.23	554.37	830.61	1108.73
22.19	277.18	349.23	554.37	830.61	1108.73
22.20	277.18	554.37	830.61	1108.73
22.21	277.18	554.37	830.61	1108.73
22.22	277.18	554.37	830.61	1108.73
22.23	277.18	554.37	830.61	1108.73
22.24	277.18	554.37	830.61	1108.73
22.25	277.18	554.37	830.61
22.26	277.18	554.37	830.61
22.27	277.18	554.37	830.61
22.28	277.18	554.37	830.61
22.29	277.18	830.61
22.30	138.59	277.18	830.61
22.31	138.59	277.18	830.61
22.32	138.59	277.18	830.61	2489.02
22.33	138.59	277.18	830.61	2489.02
22.34	138.59	277.18	830.61	2489.02
22.35	138.59	277.18	830.61	2489.02
22.36	138.59	277.18	830.61	2489.02
22.37	138.59	246.94	277.18	369.99	830.61	2489.02
22.38	138.59	246.94	277.18	369.99	830.61	2489.02
22.39	138.59	246.94	277.18	369.99	830.61	2489.02
22.40	138.59	246.94	277.18	369.99	830.61	2489.02
22.41	138.59	246.94	277.18	369.99	830.61
22.42	138.59	246.94	277.18	369.99	830.61
22.43	138.59	246.94	277.18	369.99	830.61
22.44	138.59	246.94	277.18	369.99	830.61
22.45	138.59	246.94	277.18	369.99	830.61
22.46	246.94	277.18	369.99	830.61	2489.02
22.47	246.94	277.18	369.99	830.61	2489.02
22.48	246.94	277.18	369.99	830.61	2489.02
22.49	246.94	277.18	369.99	830.61	2489.02
22.50	246.94	277.18	369.99	830.61	2489.02
22.51	246.94	277.18	369.99	830.61	2489.02
22.52	246.94	277.18	369.99	830.61	2489.02
22.53	246.94	277.18	293.66	369.99	830.61
22.54	246.94	277.18	293.66	369.99	830.61
22.55	220.00	246.94	277.18	293.66	369.99	830.61
22.56	220.00	246.94	277.18	293.66	369.99	830.61
22.57	220.00	246.94	277.18	293.66	369.99	493.88	830.61
22.58	220.00	246.94	277.18	293.66	369.99	493.88	830.61
22.59	220.00	246.94	293.66	369.99	493.88	830.61
22.60	220.00	246.94	293.66	369.99	440.00	493.88	830.61
22.61	220.00	246.94	293.66	369.99	440.00	493.88	830.61
22.62	220.00	293.66	369.99	440.00	493.88	830.61
22.63	220.00	293.66	369.99	440.00	493.88	830.61
22.64	220.00	277.18	293.66	369.99	440.00	493.88	830.61
22.65	220.00	277.18	293.66	369.99	440.00	493.88	830.61
22.66	220.00	277.18	293.66	369.99	440.00	493.88
22.67	220.00	277.18	293.66	369.99	440.00	493.88
22.68	220.00	277.18	293.66	369.99	440.00	493.88
22.69	220.00	277.18	293.66	369.99	440.00	493.88
22.70	220.00	277.18	293.66	369.99	440.00	493.88
22.71	220.00	277.18	293.66	369.99	440.00	493.88
22.72	220.00	277.18	293.66	369.99	440.00	493.88
22.73	220.00	277.18	293.66	440.00	493.88
22.74	207.65	220.00	277.18	293.66	440.00	493.88
22.75	207.65	220.00	277.18	293.66	440.00	493.88
22.76	207.65	220.00	277.18	293.66	440.00	493.88
22.77	207.65	220.00	277.18	293.66	440.00	493.88
22.78	207.65	220.00	277.18	293.66	440.00	493.88
22.79	207.65	220.00	277.18	293.66	440.00	493.88
22.80	207.65	220.00	277.18	293.66	440.00	493.88
22.81	207.65	220.00	277.18	293.66	440.00	493.88
22.82	207.65	220.00	277.18	293.66	440.00	493.88
22.83	207.65	220.00	277.18	293.66	440.00	493.88
22.84	207.65	220.00	277.18	293.66	440.00	493.88
22.85	207.65	220.00	277.18	440.00	493.88
22.86	207.65	220.00	277.18	440.00	493.88
22.87	207.65	220.00	277.18	440.00	493.88
22.88	207.65	220.00	277.18	440.00	493.88
22.89	207.65	220.00	277.18	440.00	493.88
22.90	207.65	220.00	277.18	369.99
22.91	207.65	220.00	277.18	369.99
22.92	207.65	277.18	369.99	1479.98
22.93	207.65	277.18	369.99	1479.98
22.94	207.65	277.18	369.99	1479.98
22.95	185.00	207.65	277.18	369.99	1479.98
22.96	185.00	207.65	277.18	369.99	1479.98
22.97	185.00	207.65	277.18	369.99	1479.98
22.98	185.00	207.65	277.18	369.99	1479.98
22.99	185.00	207.65	277.18	369.99	1479.98
23.00	185.00	207.65	277.18	369.99	1479.98
23.01	185.00	207.65	277.18	369.99	1479.98
23.02	185.00	207.65	277.18	369.99	1479.98
23.03	185.00	207.65	277.18	369.99	1479.98
23.04	185.00	207.65	277.18	369.99	1479.98
23.05	185.00	207.65	277.18	369.99	1479.98
23.06	277.18	369.99	1479.98
23.07	277.18	369.99	1479.98
23.08	277.18	369.99
23.09	277.18	369.99
23.10	277.18	369.99
23.11	277.18	369.99
23.12	277.18	369.99
23.13	277.18	369.99
23.14	277.18	369.99
23.15	369.99
23.16	349.23	369.99
23.17	349.23	369.99
23.18	207.65	349.23	369.99
23.19	207.65	349.23	369.99
23.20	207.65	349.23	369.99
23.21	207.65	349.23	369.99
23.22	185.00	207.65	369.99
23.23	185.00	207.65	369.99
23.24	185.00	207.65
23.25	185.00	207.65
23.26	185.00	207.65
23.27	185.00	207.65	349.23
23.28	185.00	207.65	349.23
23.29	207.65	349.23
23.30	207.65	349.23
23.31	207.65	349.23
23.32	207.65	349.23
23.33	207.65	349.23
23.34	207.65
23.35	207.65
23.36	207.65
23.37	207.65
23.38	207.65
23.39	207.65	1396.91
23.40	207.65	1396.91
23.41	207.65	1396.91
23.42	207.65	1396.91
23.43	1396.91
23.44	1396.91
23.45	1396.91
23.46	1396.91
23.47	1396.91
23.48	1396.91
23.49	1396.91
23.50
23.51
23.52
23.53
23.54
23.55
23.56
23.57
23.58
23.59
23.60
23.61
23.62
23.63
23.64	1174.66
23.65	1174.66
23.66	1174.66
23.67	1174.66
23.68	1174.66
23.69	1174.66	2217.46
23.70	1174.66	2217.46
23.71	2217.46
23.72	2217.46
23.73	2217.46
23.74	2217.46
23.75	2217.46
23.76	2217.46
23.77	2217.46
23.78	2217.46
23.79	2217.46
23.80
23.81
23.82
23.83
23.84
23.85
23.86
23.87
23.88
23.89
23.90
23.91
23.92	369.99
23.93	369.99
23.94	220.00	369.99
23.95	220.00	369.99
23.96	220.00	369.99
23.97	220.00	369.99
23.98	220.00	369.99
23.99	220.00	369.99
24.00	220.00	369.99
24.01	220.00	369.99
24.02	220.00	369.99
24.03	220.00	369.99
24.04	220.00	369.99	987.77
24.05	220.00	369.99	987.77
24.06	220.00	369.99	987.77
24.07	220.00	369.99	987.77
24.08	220.00	369.99	987.77
24.09	220.00	369.99	987.77
24.10	220.00	369.99	987.77
24.11	220.00	369.99	987.77
24.12	220.00	369.99	987.77
24.13	220.00	369.99	987.77
24.14	220.00	369.99	987.77
24.15	220.00	369.99
24.16	220.00	369.99
24.17	220.00	369.99
24.18	220.00	369.99
24.19	220.00	369.99
24.20	220.00	369.99
24.21	220.00	369.99
24.22	369.99
24.23	369.99
24.24	369.99
24.25	369.99
24.26	369.99
24.27
24.28
24.29
24.30
24.31
24.32
24.33
24.34
24.35
24.36
24.37
24.38
24.39
24.40
24.41
24.42
24.43
24.44
24.45
24.46
24.47
24.48
24.49
24.50	277.18
24.51	277.18
24.52	277.18
24.53	277.18
24.54	277.18
24.55	277.18
24.56	277.18
24.57	277.18
24.58	277.18
24.59	277.18
24.60	277.18
24.61	277.18
24.62	277.18
24.63	277.18
24.64	277.18
24.65	277.18
24.66	277.18
24.67	277.18
24.68	277.18
24.69	277.18
24.70	277.18
24.71	277.18
24.72	277.18
24.73	277.18
24.74	277.18
24.75	277.18
24.76	277.18
24.77	277.18
24.78	277.18	329.63
24.79	277.18	329.63
24.80	277.18	329.63
24.81	277.18	329.63
24.82	277.18	329.63
24.83	277.18	329.63
24.84	277.18	329.63
24.85	277.18	329.63
24.86	277.18	329.63
24.87	277.18	329.63
24.88	277.18	329.63
24.89	277.18	329.63
24.90	277.18	329.63
24.91	277.18	329.63
24.92	277.18
24.93	277.18
24.94	277.18
24.95	277.18
24.96	277.18
24.97	277.18
24.98	277.18
24.99	277.18
25.00	277.18
25.01	277.18
25.02	277.18
25.03	277.18
25.04	277.18
25.05	277.18
25.06	277.18	830.61
25.07	277.18	830.61
25.08	277.18	830.61
25.09	277.18	830.61
25.10	277.18	830.61
25.11	277.18	830.61
25.12	277.18	830.61
25.13	277.18	830.61
25.14	277.18	830.61
25.15	830.61
25.16	830.61
25.17	830.61
25.18	207.65	830.61
25.19	207.65	830.61
25.20	207.65	830.61
25.21	207.65	830.61
25.22	207.65	830.61
25.23	207.65	830.61
25.24	207.65	830.61
25.25	207.65	830.61
25.26	207.65	830.61
25.27	207.65	830.61
25.28	207.65	830.61
25.29	207.65	830.61
25.30	207.65	830.61
25.31	207.65	830.61
25.32	207.65	830.61
25.33	207.65	830.61
25.34	207.65	830.61
25.35	207.65	830.61
25.36	207.65	830.61
25.37	207.65	830.61
25.38	207.65	830.61
25.39	207.65	830.61
25.40	207.65	830.61
25.41	207.65	830.61
25.42	207.65	830.61
25.43	207.65	830.61
25.44	207.65	830.61
25.45	830.61
25.46	830.61
25.47	830.61
25.48	207.65	830.61
25.49	207.65	830.61
25.50	207.65
25.51	207.65
25.52	207.65
25.53	207.65
25.54	207.65
25.55	207.65	415.30
25.56	207.65	415.30
25.57	207.65	415.30	830.61
25.58	207.65	415.30	830.61
25.59	207.65	415.30	830.61
25.60	207.65	415.30	830.61
25.61	207.65	830.61
25.62	207.65	830.61
25.63	207.65	830.61
25.64	207.65	830.61
25.65	207.65	830.61
25.66	207.65	830.61
25.67	207.65	830.61
25.68	207.65	830.61
25.69	207.65	830.61
25.70	207.65	830.61
25.71	207.65	830.61
25.72	207.65	830.61
25.73	207.65
25.74	207.65
25.75	207.65
25.76	207.65
25.77	207.65
25.78	207.65
25.79	207.65
25.80	207.65
25.81	207.65
25.82	207.65
25.83	207.65
25.84	207.65
25.85	207.65
25.86	207.65
25.87	207.65	220.00
25.88	207.65	220.00
25.89	220.00
25.90	220.00	329.63
25.91	220.00	329.63
25.92	220.00	329.63
25.93	220.00	329.63
25.94	207.65	220.00	329.63	440.00
25.95	207.65	220.00	329.63	440.00
25.96	207.65	220.00	329.63	440.00
25.97	207.65	220.00	329.63	440.00
25.98	207.65	220.00	329.63	440.00
25.99	207.65	220.00	329.63	440.00
26.00	207.65	220.00	329.63	440.00
26.01	207.65	220.00	329.63	440.00
26.02	207.65	220.00	329.63	440.00
26.03	220.00	329.63
26.04	220.00	329.63
26.05	220.00	329.63
26.06	220.00	277.18	329.63
26.07	220.00	277.18	329.63
26.08	220.00	277.18	329.63
26.09	220.00	277.18	329.63
26.10	220.00	277.18	329.63
26.11	220.00	277.18	329.63
26.12	220.00	277.18	329.63
26.13	220.00	277.18	329.63
26.14	220.00	277.18	329.63
26.15	220.00	277.18	329.63
26.16	220.00	277.18	329.63
26.17	220.00	277.18	329.63
26.18	220.00	277.18	329.63
26.19	220.00	277.18
26.20	220.00	277.18
26.21	220.00	277.18
26.22	220.00	277.18
26.23	220.00	277.18
26.24	220.00	277.18	659.26
26.25	220.00	277.18	659.26
26.26	220.00	277.18	659.26
26.27	220.00	277.18	329.63	659.26
26.28	220.00	277.18	329.63	659.26
26.29	220.00	277.18	329.63	659.26
26.30	220.00	277.18	329.63	659.26
26.31	277.18	329.63	659.26
26.32	277.18	329.63	659.26
26.33	277.18	329.63	659.26
26.34	277.18	329.63	659.26
26.35	277.18	329.63	659.26
26.36	207.65	277.18	329.63	659.26
26.37	207.65	277.18	329.63	659.26
26.38	207.65	277.18	329.63
26.39	207.65	277.18	329.63
26.40	207.65	277.18	329.63
26.41	207.65	277.18	329.63
26.42	207.65	277.18	329.63
26.43	277.18	329.63
26.44	277.18	329.63
26.45	207.65	277.18	329.63
26.46	207.65	277.18	329.63
26.47	207.65	277.18	329.63
26.48	207.65	277.18	329.63
26.49	207.65	277.18	329.63
26.50	207.65	277.18	329.63
26.51	207.65	277.18	329.63
26.52	277.18	329.63	2217.46
26.53	277.18	329.63	2217.46
26.54	277.18	329.63	2217.46
26.55	277.18	329.63	2217.46
26.56	277.18	329.63	2217.46
26.57	277.18	329.63	2217.46
26.58	277.18	329.63	2217.46
26.59	329.63	2217.46
26.60	329.63	2217.46
26.61	329.63
26.62	277.18	329.63
26.63	277.18	329.63
26.64	277.18	329.63
26.65	277.18	329.63
26.66	277.18	329.63
26.67	277.18	329.63
26.68	277.18	329.63	830.61
26.69	277.18	329.63	830.61
26.70	277.18	329.63	830.61
26.71	277.18	329.63	830.61
26.72	277.18	329.63	830.61
26.73	277.18	329.63	830.61
26.74	277.18	329.63	830.61
26.75	277.18	329.63	830.61
26.76	277.18	329.63	830.61
26.77	277.18	329.63	830.61
26.78	277.18	329.63	830.61
26.79	277.18	329.63	830.61
26.80	277.18	329.63	830.61
26.81	277.18	329.63	830.61
26.82	277.18	329.63	830.61
26.83	277.18	329.63	830.61
26.84	277.18	329.63	830.61
26.85	277.18	329.63	830.61
26.86	277.18	329.63	830.61
26.87	277.18	329.63	830.61
26.88	277.18	329.63	830.61
26.89	277.18	329.63	830.61
26.90	277.18	329.63	830.61
26.91	277.18	329.63	830.61
26.92	277.18	329.63	830.61
26.93	277.18	329.63	830.61
26.94	277.18	830.61
26.95	277.18	830.61
26.96	277.18	830.61
26.97	277.18	830.61
26.98	277.18	830.61
26.99	277.18	830.61
27.00	277.18	830.61
27.01	277.18	415.30	830.61
27.02	277.18	415.30	830.61
27.03	277.18	415.30	830.61
27.04	277.18	415.30	830.61
27.05	277.18	415.30	830.61
27.06	246.94	277.18	415.30	830.61
27.07	246.94	277.18	415.30	830.61
27.08	246.94	277.18	415.30	830.61
27.09	246.94	277.18	415.30	830.61
27.10	246.94	830.61
27.11	246.94	830.61
27.12	246.94	830.61
27.13	246.94	830.61
27.14	246.94	830.61
27.15	246.94	830.61
27.16	246.94	830.61
27.17	246.94	830.61
27.18	246.94	830.61
27.19	246.94	830.61
27.20	246.94	830.61
27.21	246.94	830.61
27.22	246.94	830.61
27.23	246.94	830.61
27.24	830.61
27.25	830.61
27.26	830.61
27.27	830.61
27.28	830.61
27.29	830.61
27.30	830.61
27.31	92.50	830.61
27.32	92.50	830.61
27.33	92.50	220.00
27.34	92.50	220.00
27.35	92.50	220.00
27.36	92.50	220.00
27.37	92.50	220.00
27.38	92.50	220.00	277.18	369.99
27.39	92.50	220.00	277.18	369.99
27.40	92.50	220.00	277.18	369.99	880.00
27.41	92.50	220.00	277.18	369.99	880.00
27.42	92.50	220.00	277.18	369.99	880.00
27.43	92.50	220.00	277.18	369.99	880.00
27.44	92.50	220.00	277.18	369.99	880.00
27.45	92.50	220.00	277.18	369.99	880.00
27.46	92.50	220.00	277.18	369.99	880.00
27.47	92.50	220.00	277.18	369.99	880.00
27.48	92.50	220.00	277.18	369.99	880.00
27.49	92.50	220.00	277.18	369.99
27.50	92.50	220.00	277.18	369.99
27.51	92.50	220.00	277.18	369.99
27.52	92.50	220.00	277.18
27.53	92.50	220.00	277.18
27.54	92.50	220.00	277.18
27.55	92.50	220.00	277.18
27.56	92.50	220.00	277.18
27.57	92.50	220.00	277.18	2217.46
27.58	92.50	220.00	277.18	2217.46
27.59	92.50	220.00	277.18	2217.46
27.60	92.50	220.00	277.18	2217.46
27.61	92.50	220.00	277.18	2217.46
27.62	92.50	220.00	277.18	2217.46
27.63	277.18	2217.46
27.64	277.18	2217.46
27.65	277.18	2217.46
27.66	277.18
27.67	277.18
27.68	277.18	1318.51
27.69	277.18	1318.51
27.70	277.18	1318.51
27.71	138.59	277.18	329.63	1318.51
27.72	138.59	277.18	329.63	1318.51
27.73	138.59	207.65	277.18	329.63	1318.51
27.74	138.59	207.65	277.18	329.63	1318.51
27.75	138.59	207.65	277.18	329.63	1318.51
27.76	138.59	207.65	277.18	329.63	1318.51
27.77	138.59	207.65	277.18	329.63	1318.51
27.78	138.59	207.65	277.18	329.63	1318.51
27.79	138.59	207.65	277.18	329.63	1318.51
27.80	138.59	207.65	277.18	329.63	1318.51
27.81	138.59	207.65	277.18	329.63	1318.51
27.82	138.59	207.65	277.18	329.63	1318.51
27.83	138.59	207.65	277.18	329.63	1318.51
27.84	138.59	277.18	329.63	1318.51
27.85	138.59	277.18	329.63	415.30	1318.51
27.86	138.59	277.18	329.63	415.30	1318.51
27.87	138.59	207.65	277.18	329.63	415.30	1318.51
27.88	138.59	207.65	277.18	329.63	415.30	1318.51
27.89	207.65	277.18	329.63	415.30	1318.51
27.90	207.65	277.18	329.63	415.30	1318.51
27.91	207.65	329.63	415.30	1318.51
27.92	207.65	329.63	415.30	1318.51
27.93	207.65	329.63	415.30	1318.51
27.94	207.65	415.30	1318.51
27.95	207.65	415.30	1318.51
27.96	207.65	1318.51
27.97	207.65	1318.51
27.98	207.65	1318.51
27.99	207.65	1318.51
28.00	207.65	1318.51
28.01	207.65	220.00	1318.51
28.02	207.65	220.00	1318.51
28.03	92.50	220.00	415.30	1318.51
28.04	92.50	220.00	415.30	1318.51
28.05	92.50	220.00	415.30	1318.51
28.06	92.50	220.00	415.30	1318.51
28.07	92.50	220.00	415.30	1318.51
28.08	92.50	220.00	415.30	1318.51
28.09	92.50	220.00	415.30	1318.51
28.10	92.50	185.00	220.00	329.63	415.30	1318.51
28.11	92.50	185.00	220.00	329.63	415.30	1318.51
28.12	92.50	185.00	220.00	329.63	1318.51
28.13	92.50	185.00	220.00	329.63	1318.51
28.14	92.50	185.00	220.00	329.63	1318.51
28.15	92.50	185.00	220.00	329.63	1318.51
28.16	92.50	185.00	220.00	329.63	1318.51
28.17	92.50	185.00	220.00	1318.51
28.18	92.50	185.00	220.00	1318.51
28.19	92.50	185.00	220.00	277.18	1318.51
28.20	92.50	185.00	220.00	277.18	1318.51
28.21	92.50	185.00	220.00	277.18	1318.51
28.22	92.50	185.00	220.00	277.18	1318.51
28.23	92.50	185.00	220.00	277.18	1318.51
28.24	92.50	185.00	220.00	277.18	1318.51
28.25	92.50	185.00	220.00	277.18	1318.51
28.26	92.50	185.00	220.00	277.18	1318.51
28.27	92.50	185.00	220.00	277.18	1318.51
28.28	92.50	185.00	220.00	277.18	1318.51
28.29	92.50	185.00	220.00	277.18	1318.51
28.30	92.50	185.00	220.00	277.18	1318.51
28.31	92.50	185.00	220.00	277.18	1318.51
28.32	92.50	185.00	220.00	277.18	1318.51
28.33	92.50	220.00	277.18	1318.51
28.34	92.50	220.00	277.18	1318.51
28.35	92.50	277.18	1318.51
28.36	92.50	207.65	277.18	329.63	415.30	1318.51
28.37	92.50	207.65	277.18	329.63	415.30	1318.51
28.38	207.65	277.18	329.63	415.30	659.26	1318.51
28.39	207.65	277.18	329.63	415.30	659.26	1318.51
28.40	207.65	277.18	329.63	415.30	659.26	1318.51
28.41	207.65	277.18	329.63	415.30	659.26	1318.51
28.42	207.65	277.18	329.63	415.30	659.26	1318.51
28.43	207.65	277.18	329.63	415.30	659.26	1318.51
28.44	207.65	277.18	329.63	415.30	659.26	1318.51
28.45	207.65	277.18	329.63	415.30	1318.51
28.46	207.65	277.18	329.63	415.30	1318.51
28.47	207.65	277.18	329.63	415.30	1318.51
28.48	207.65	277.18	329.63	415.30	1318.51
28.49	207.65	277.18	329.63	415.30	1318.51
28.50	207.65	277.18	329.63	415.30	1318.51
28.51	207.65	277.18	329.63	415.30	1318.51
28.52	207.65	277.18	329.63	415.30	1318.51
28.53	207.65	277.18	329.63	415.30	1318.51
28.54	207.65	277.18	329.63	1318.51
28.55	207.65	277.18	329.63	1318.51
28.56	277.18
28.57	277.18
28.58	277.18
28.59
28.60
28.61
28.62
28.63
28.64
28.65
28.66
28.67
28.68
28.69
28.70
28.71
28.72
28.73
28.74
28.75
28.76
28.77
28.78
28.79
28.80
28.81
28.82
28.83
28.84
28.85
28.86
28.87
28.88
28.89
28.90
28.91
28.92
28.93
28.94
28.95
28.96
28.97
28.98
28.99
29.00
29.01
29.02
29.03
29.04
29.05
29.06
29.07
29.08
29.09
29.10
29.11
29.12
29.13
29.14
29.15
29.16
29.17
29.18
29.19
29.20
29.21
29.22
29.23
29.24
29.25
29.26
29.27
29.28
29.29
29.30
29.31
29.32
29.33
29.34
29.35
29.36
29.37
29.38
29.39
29.40
29.41
29.42
29.43
