0.01
0.02
0.03
0.04
0.05
0.06
0.07
0.08
0.09
0.10
0.11
0.12
0.13
0.14
0.15
0.16
0.17
0.18
0.19
0.20
0.21
0.22
0.23
0.24
0.25
0.26
0.27
0.28
0.29
0.30
0.31
0.32
0.33
0.34
0.35
0.36
0.37
0.38
0.39
0.40
0.41
0.42
0.43
0.44
0.45
0.46
0.47
0.48
0.49
0.50
0.51
0.52
0.53
0.54
0.55
0.56
0.57
0.58
0.59
0.60
0.61
0.62
0.63
0.64
0.65
0.66
0.67
0.68
0.69
0.70
0.71
0.72
0.73
0.74
0.75
0.76
0.77
0.78
0.79
0.80
0.81
0.82
0.83
0.84
0.85
0.86
0.87
0.88
0.89
0.90
0.91
0.92
0.93
0.94
0.95
0.96
0.97
0.98
0.99
1.00
1.01
1.02
1.03
1.04
1.05
1.06
1.07
1.08
1.09
1.10
1.11
1.12
1.13
1.14
1.15
1.16
1.17
1.18
1.19
1.20
1.21
1.22
1.23
1.24
1.25
1.26
1.27
1.28
1.29
1.30
1.31
1.32
1.33
1.34
1.35
1.36
1.37
1.38
1.39
1.40
1.41
1.42
1.43
1.44
1.45
1.46
1.47
1.48
1.49
1.50
1.51
1.52
1.53
1.54
1.55
1.56
1.57
1.58
1.59
1.60
1.61
1.62
1.63
1.64
1.65
1.66
1.67
1.68
1.69
1.70
1.71
1.72
1.73
1.74
1.75
1.76
1.77
1.78
1.79
1.80
1.81
1.82
1.83
1.84
1.85
1.86
1.87
1.88
1.89
1.90
1.91
1.92
1.93
1.94
1.95
1.96
1.97
1.98
1.99
2.00
2.01
2.02
2.03
2.04
2.05
2.06
2.07
2.08
2.09
2.10
2.11
2.12
2.13
2.14
2.15
2.16
2.17
2.18
2.19
2.20
2.21
2.22
2.23
2.24
2.25
2.26
2.27
2.28
2.29
2.30
2.31
2.32
2.33
2.34
2.35
2.36
2.37
2.38
2.39
2.40
2.41
2.42
2.43
2.44
2.45
2.46
2.47
2.48
2.49
2.50
2.51
2.52
2.53
2.54
2.55
2.56
2.57
2.58
2.59
2.60
2.61
2.62
2.63	622.25
2.64	622.25
2.65	622.25
2.66	622.25
2.67	622.25
2.68	622.25
2.69	622.25
2.70	622.25
2.71	622.25
2.72	622.25
2.73	622.25
2.74	622.25
2.75	622.25
2.76	622.25
2.77	61.74	622.25
2.78	61.74	622.25
2.79	61.74	622.25
2.80	61.74	622.25
2.81	61.74	622.25
2.82	61.74	622.25
2.83	61.74
2.84	61.74
2.85	61.74
2.86	61.74
2.87	61.74
2.88	61.74
2.89	61.74
2.90	61.74
2.91	61.74
2.92	61.74
2.93	61.74
2.94	61.74
2.95	61.74
2.96	61.74
2.97	61.74
2.98	61.74
2.99	61.74
3.00	61.74
3.01	61.74
3.02
3.03
3.04
3.05
3.06
3.07
3.08
3.09
3.10
3.11
3.12
3.13
3.14
3.15
3.16
3.17
3.18
3.19
3.20
3.21
3.22
3.23
3.24
3.25
3.26
3.27
3.28
3.29
3.30
3.31
3.32
3.33
3.34
3.35	369.99
3.36	369.99
3.37	369.99
3.38	369.99
3.39	369.99
3.40	369.99
3.41	369.99
3.42	369.99
3.43	369.99
3.44	369.99
3.45	369.99
3.46	369.99
3.47	369.99
3.48	369.99
3.49	369.99
3.50	369.99
3.51	369.99
3.52	369.99
3.53	369.99
3.54	369.99
3.55	369.99
3.56	369.99
3.57	369.99
3.58	369.99
3.59	369.99
3.60	369.99
3.61	369.99
3.62	369.99
3.63	369.99
3.64	369.99
3.65	369.99	659.26
3.66	369.99	659.26
3.67	369.99	659.26
3.68	369.99	659.26
3.69	369.99	659.26
3.70	369.99	659.26
3.71	369.99	659.26
3.72	369.99	659.26
3.73	369.99	659.26
3.74	185.00	659.26
3.75	185.00	659.26
3.76	185.00	659.26
3.77	185.00	659.26
3.78	185.00	659.26
3.79	185.00	659.26
3.80	185.00	659.26
3.81	185.00	659.26
3.82	185.00	659.26
3.83	185.00	659.26
3.84	185.00	659.26
3.85	185.00	659.26
3.86	185.00	659.26
3.87	185.00	659.26
3.88	185.00	659.26
3.89	185.00	659.26
3.90	185.00	659.26
3.91	185.00	659.26
3.92	185.00	659.26
3.93	185.00	659.26
3.94	185.00	659.26
3.95	185.00	659.26
3.96	185.00	659.26
3.97	185.00	659.26
3.98	185.00	659.26
3.99	185.00	659.26
4.00	185.00	659.26
4.01	185.00	659.26
4.02	659.26
4.03	659.26
4.04	659.26
4.05	659.26
4.06	659.26
4.07	659.26
4.08	659.26
4.09	369.99
4.10	369.99
4.11	369.99
4.12	369.99
4.13	369.99
4.14	369.99
4.15	369.99
4.16	369.99
4.17	369.99
4.18	369.99
4.19	369.99
4.20	369.99
4.21	369.99
4.22	369.99
4.23	369.99
4.24	369.99
4.25	369.99	622.25
4.26	369.99	622.25
4.27	369.99	622.25
4.28	369.99	622.25
4.29	369.99	622.25
4.30	369.99	622.25
4.31	369.99	622.25
4.32	369.99	622.25
4.33	369.99	622.25
4.34	369.99	622.25
4.35	369.99	622.25
4.36	369.99	622.25
4.37	369.99	622.25
4.38	369.99	622.25
4.39	369.99	622.25
4.40	369.99	622.25
4.41	369.99	622.25
4.42	369.99	622.25
4.43	369.99	622.25
4.44	369.99	622.25
4.45	369.99	622.25
4.46	369.99	622.25
4.47	369.99	622.25
4.48	369.99	622.25
4.49	369.99	554.37	622.25
4.50	369.99	554.37	622.25
4.51	369.99	554.37	622.25
4.52	369.99	554.37	622.25
4.53	329.63	369.99	554.37
4.54	329.63	369.99	554.37
4.55	329.63	369.99	554.37
4.56	329.63	369.99	554.37
4.57	329.63	369.99	554.37
4.58	329.63	369.99	554.37
4.59	329.63	369.99	554.37
4.60	329.63	369.99	554.37
4.61	329.63	369.99	554.37
4.62	329.63	554.37
4.63	329.63	554.37
4.64	329.63	554.37
4.65	185.00	329.63	554.37
4.66	185.00	329.63	554.37
4.67	185.00	329.63	554.37
4.68	185.00	329.63	554.37
4.69	185.00	329.63	554.37
4.70	185.00	329.63	554.37
4.71	185.00	329.63	554.37
4.72	185.00	329.63	554.37
4.73	185.00	329.63	554.37
4.74	185.00	329.63	554.37
4.75	185.00	329.63	554.37
4.76	185.00	329.63	554.37
4.77	185.00	329.63	554.37
4.78	185.00	329.63	554.37
4.79	185.00	329.63	554.37
4.80	185.00	329.63	554.37
4.81	185.00	329.63	554.37
4.82	185.00	329.63	554.37
4.83	185.00	329.63	554.37
4.84	185.00	329.63	554.37
4.85	329.63	554.37
4.86	329.63	554.37
4.87	329.63	554.37
4.88	329.63	554.37
4.89	329.63	554.37
4.90	329.63	369.99	554.37
4.91	329.63	369.99	554.37
4.92	329.63	369.99	554.37
4.93	329.63	369.99	554.37
4.94	329.63	369.99	554.37
4.95	329.63	369.99	554.37
4.96	329.63	369.99	554.37
4.97	329.63	369.99	554.37
4.98	329.63	369.99	554.37
4.99	329.63	369.99	554.37
5.00	329.63	369.99	554.37
5.01	329.63	369.99	554.37
5.02	329.63	369.99
5.03	329.63	369.99
5.04	185.00	329.63	369.99
5.05	185.00	329.63	369.99
5.06	185.00	329.63	369.99
5.07	185.00	329.63	369.99
5.08	185.00	329.63	369.99
5.09	185.00	329.63	369.99
5.10	185.00	329.63	369.99
5.11	185.00	369.99
5.12	185.00	369.99
5.13	185.00	369.99
5.14	185.00	369.99
5.15	185.00	369.99
5.16	185.00	369.99	622.25
5.17	185.00	369.99	622.25
5.18	185.00	369.99	622.25
5.19	185.00	369.99	622.25
5.20	185.00	369.99	622.25
5.21	185.00	369.99	622.25
5.22	185.00	369.99	622.25
5.23	185.00	369.99	622.25
5.24	185.00	369.99	622.25
5.25	185.00	369.99	622.25
5.26	185.00	369.99	622.25
5.27	185.00	369.99	622.25
5.28	185.00	369.99	622.25
5.29	185.00	369.99	622.25
5.30	185.00	369.99	622.25
5.31	185.00	369.99	622.25
5.32	185.00	622.25
5.33	185.00	622.25
5.34	185.00	622.25
5.35	185.00	622.25
5.36	185.00	622.25
5.37	185.00	622.25
5.38	185.00	622.25
5.39	185.00	622.25
5.40	185.00	622.25
5.41	185.00	622.25
5.42	185.00	622.25
5.43	185.00	622.25
5.44	185.00	622.25
5.45	185.00	622.25
5.46	185.00	622.25
5.47	185.00	622.25
5.48	185.00
5.49	185.00
5.50	185.00
5.51	185.00
5.52	185.00
5.53	185.00
5.54	185.00
5.55	185.00
5.56	185.00
5.57	185.00
5.58	185.00
5.59	185.00
5.60	185.00	369.99
5.61	185.00	369.99
5.62	369.99
5.63	369.99
5.64	369.99
5.65	369.99
5.66	369.99
5.67	369.99
5.68	369.99
5.69	369.99
5.70	369.99
5.71	369.99
5.72	369.99
5.73	369.99
5.74	369.99
5.75	369.99
5.76	369.99
5.77	369.99
5.78	369.99
5.79	369.99
5.80	369.99
5.81	369.99
5.82	369.99
5.83	369.99
5.84	369.99
5.85	369.99
5.86	369.99
5.87	369.99
5.88	369.99
5.89	369.99
5.90	369.99
5.91	369.99
5.92	369.99
5.93	369.99	493.88
5.94	369.99	493.88
5.95	369.99	493.88
5.96	369.99	493.88
5.97	369.99	493.88
5.98	369.99	493.88
5.99	369.99	493.88
6.00	246.94	369.99	493.88
6.01	246.94	369.99	493.88
6.02	246.94	369.99	493.88
6.03	246.94	369.99	493.88
6.04	246.94	369.99	493.88
6.05	246.94	369.99	493.88
6.06	246.94
6.07	246.94
6.08	246.94
6.09	246.94	493.88
6.10	246.94	493.88
6.11	246.94	493.88
6.12	246.94	493.88
6.13	246.94	493.88
6.14	246.94	493.88
6.15	246.94	493.88
6.16	246.94	493.88
6.17	246.94	493.88
6.18	246.94
6.19	246.94
6.20	246.94
6.21	246.94
6.22	246.94
6.23	246.94
6.24	246.94
6.25	246.94
6.26	246.94
6.27	246.94
6.28	246.94
6.29	246.94
6.30	246.94
6.31	246.94
6.32	246.94
6.33	246.94
6.34	246.94
6.35	246.94
6.36	246.94
6.37	246.94
6.38	246.94
6.39	246.94
6.40	246.94
6.41	246.94
6.42	246.94
6.43	246.94
6.44	246.94	369.99
6.45	246.94	369.99
6.46	246.94	369.99
6.47	246.94	369.99
6.48	246.94	369.99
6.49	246.94	369.99
6.50	246.94	369.99
6.51	246.94	369.99
6.52	246.94	369.99
6.53	246.94	369.99
6.54	246.94	369.99
6.55	246.94	369.99
6.56	246.94	369.99
6.57	246.94	369.99
6.58	246.94	369.99
6.59	246.94	369.99
6.60	246.94	369.99
6.61	246.94	369.99
6.62	246.94	369.99
6.63	246.94	369.99
6.64	246.94	369.99
6.65	246.94	369.99
6.66	246.94	369.99
6.67	246.94	369.99
6.68	246.94	369.99
6.69	246.94	369.99
6.70	246.94	369.99
6.71	246.94	369.99
6.72	246.94	369.99
6.73	246.94	369.99
6.74	246.94	369.99
6.75	246.94	369.99
6.76	369.99
6.77	369.99
6.78	369.99
6.79	369.99
6.80	369.99
6.81	369.99
6.82	369.99
6.83	369.99
6.84	369.99
6.85	369.99
6.86	369.99
6.87	369.99
6.88	369.99
6.89	369.99
6.90	369.99
6.91	369.99
6.92	185.00	369.99
6.93	185.00	369.99
6.94	185.00
6.95	185.00
6.96	185.00
6.97	185.00
6.98	185.00
6.99	185.00
7.00	185.00
7.01	185.00
7.02	185.00
7.03	185.00
7.04	185.00
7.05	185.00
7.06	185.00
7.07	185.00
7.08	185.00
7.09	185.00	622.25
7.10	185.00	622.25
7.11	185.00	622.25
7.12	185.00	622.25
7.13	185.00	622.25
7.14	185.00	622.25
7.15	185.00	622.25
7.16	185.00	622.25
7.17	185.00	622.25
7.18	185.00	622.25
7.19	185.00	622.25
7.20	185.00	622.25
7.21	185.00	622.25
7.22	185.00	622.25
7.23	185.00	622.25
7.24	185.00	622.25
7.25	185.00
7.26	185.00
7.27	185.00
7.28	185.00
7.29	185.00
7.30	185.00	987.77
7.31	185.00	987.77
7.32	185.00	987.77
7.33	185.00	987.77
7.34	185.00	987.77
7.35	185.00	987.77
7.36	185.00	987.77
7.37	185.00	987.77
7.38	185.00	987.77
7.39	369.99	987.77
7.40	369.99	987.77
7.41	369.99	987.77
7.42	369.99	987.77
7.43	369.99	987.77
7.44	369.99	987.77
7.45	369.99	987.77
7.46	369.99	830.61	987.77
7.47	369.99	830.61	987.77
7.48	369.99	830.61
7.49	369.99	830.61
7.50	369.99	830.61
7.51	369.99	830.61
7.52	369.99	830.61
7.53	369.99	830.61
7.54	369.99	830.61
7.55	369.99	830.61
7.56	369.99	830.61
7.57	369.99	830.61
7.58	369.99	830.61
7.59	369.99	830.61
7.60	369.99	830.61
7.61	369.99	830.61
7.62	369.99	830.61
7.63	369.99	830.61
7.64	369.99	830.61
7.65	369.99	830.61
7.66	369.99	830.61
7.67	369.99	739.99	830.61
7.68	369.99	739.99	830.61
7.69	369.99	739.99	830.61
7.70	369.99	739.99	830.61
7.71	369.99	739.99
7.72	369.99	739.99
7.73	369.99	739.99
7.74	369.99	739.99
7.75	369.99	739.99
7.76	369.99	739.99
7.77	369.99	739.99
7.78	369.99	739.99
7.79	369.99	739.99
7.80	739.99
7.81	739.99
7.82	739.99
7.83	739.99
7.84	739.99
7.85	739.99
7.86	739.99
7.87	739.99
7.88	739.99
7.89	739.99
7.90	739.99
7.91	739.99
7.92	739.99
7.93	739.99
7.94	739.99
7.95	739.99
7.96	739.99
7.97
7.98
7.99
8.00
8.01
8.02
8.03
8.04
8.05
8.06
8.07
8.08
8.09
8.10
8.11
8.12
8.13
8.14
8.15
8.16	369.99
8.17	369.99
8.18	369.99
8.19	369.99
8.20	369.99
8.21	369.99
8.22	369.99
8.23	369.99
8.24	369.99
8.25	369.99
8.26	369.99
8.27	369.99
8.28	369.99
8.29	369.99
8.30	369.99
8.31	369.99
8.32	369.99
8.33	369.99
8.34	369.99
8.35	369.99
8.36	369.99
8.37	369.99
8.38	369.99
8.39	369.99
8.40	369.99
8.41	369.99
8.42	369.99
8.43	369.99
8.44	369.99
8.45	369.99
8.46	369.99
8.47	369.99
8.48	369.99
8.49	369.99
8.50	369.99
8.51	369.99
8.52	369.99
8.53	369.99
8.54	369.99
8.55	369.99
8.56	369.99
8.57	369.99
8.58	369.99
8.59	369.99
8.60	369.99
8.61	369.99
8.62	185.00	369.99
8.63	185.00	369.99
8.64	185.00	369.99
8.65	185.00	369.99
8.66	185.00	369.99
8.67	185.00	369.99
8.68	185.00	369.99
8.69	185.00
8.70	185.00
8.71	185.00
8.72	185.00
8.73	185.00
8.74	185.00
8.75	185.00
8.76	185.00
8.77	185.00
8.78	185.00
8.79	185.00
8.80	185.00
8.81	185.00
8.82	185.00
8.83	185.00
8.84	185.00
8.85	185.00
8.86	185.00
8.87	185.00
8.88	185.00
8.89	185.00
8.90	185.00
8.91	185.00
8.92	185.00
8.93	185.00
8.94	185.00
8.95	185.00
8.96	185.00
8.97	185.00
8.98	185.00
8.99	185.00
9.00	185.00
9.01	185.00
9.02	185.00
9.03	185.00
9.04	185.00
9.05	185.00
9.06	185.00
9.07	185.00
9.08	185.00
9.09	185.00
9.10	185.00
9.11	185.00
9.12	185.00
9.13	185.00
9.14	185.00
9.15	185.00
9.16	185.00
9.17
9.18
9.19
9.20	659.26
9.21	659.26
9.22	369.99	659.26
9.23	369.99	659.26
9.24	369.99	659.26
9.25	369.99	659.26
9.26	369.99	659.26
9.27	369.99	659.26
9.28	369.99	659.26
9.29	369.99	659.26
9.30	369.99	659.26
9.31	369.99	659.26
9.32	369.99	659.26
9.33	369.99	659.26
9.34	369.99	659.26
9.35	369.99	659.26
9.36	369.99	659.26
9.37	369.99	659.26
9.38	369.99	659.26
9.39	369.99	659.26
9.40	369.99	659.26
9.41	369.99	659.26
9.42	369.99	659.26
9.43	369.99	659.26
9.44	369.99	659.26
9.45	369.99	659.26
9.46	369.99	659.26
9.47	369.99	659.26
9.48	369.99	659.26
9.49	369.99	659.26
9.50	369.99	659.26
9.51	369.99	659.26
9.52	369.99	659.26
9.53	369.99	659.26
9.54	369.99	659.26
9.55	369.99	659.26
9.56	369.99	659.26
9.57	369.99	659.26
9.58	369.99	659.26
9.59	369.99
9.60	369.99
9.61	369.99
9.62	369.99
9.63	369.99
9.64	369.99
9.65	369.99
9.66	369.99
9.67	369.99
9.68	369.99
9.69	369.99
9.70	369.99
9.71	369.99	622.25
9.72	369.99	622.25
9.73	622.25
9.74	622.25
9.75	622.25
9.76	622.25
9.77	622.25
9.78	123.47	622.25
9.79	123.47	622.25
9.80	123.47	622.25
9.81	123.47	622.25
9.82	123.47	622.25
9.83	123.47	622.25
9.84	123.47	622.25
9.85	123.47	622.25
9.86	123.47	622.25
9.87	123.47	622.25
9.88	123.47	622.25
9.89	123.47	622.25
9.90	123.47	622.25
9.91	123.47	622.25
9.92	123.47	622.25
9.93	123.47	622.25
9.94	123.47
9.95	123.47
9.96	123.47
9.97	123.47
9.98	123.47
9.99	123.47
10.00	123.47
10.01	123.47
10.02	123.47
10.03	123.47
10.04	123.47
10.05	123.47
10.06	123.47
10.07	123.47
10.08	123.47
10.09	123.47
10.10	123.47
10.11	123.47
10.12	123.47
10.13	123.47
10.14	123.47
10.15	123.47
10.16	123.47
10.17	123.47
10.18	123.47
10.19	123.47
10.20	123.47
10.21	123.47
10.22	123.47
10.23	123.47
10.24	123.47
10.25	123.47
10.26	123.47
10.27	123.47	622.25
10.28	123.47	622.25
10.29	123.47	622.25
10.30	123.47	622.25
10.31	123.47	622.25
10.32	123.47	622.25
10.33	123.47	622.25
10.34	123.47	622.25
10.35	123.47	622.25
10.36	123.47	622.25
10.37	123.47	622.25
10.38	123.47	622.25
10.39	123.47	622.25
10.40	123.47	622.25
10.41	123.47	622.25
10.42	123.47	622.25
10.43	123.47	622.25	659.26
10.44	123.47	622.25	659.26
10.45	123.47	659.26
10.46	123.47	659.26
10.47	123.47	659.26
10.48	123.47	659.26
10.49	123.47	659.26
10.50	123.47	369.99	659.26
10.51	123.47	369.99	659.26
10.52	123.47	369.99	659.26
10.53	123.47	369.99	659.26
10.54	123.47	369.99	659.26
10.55	123.47	369.99	659.26	739.99
10.56	123.47	369.99	659.26	739.99
10.57	123.47	369.99	659.26	739.99
10.58	123.47	369.99	659.26	739.99
10.59	123.47	369.99	659.26	739.99
10.60	123.47	369.99	659.26	739.99
10.61	123.47	659.26	739.99
10.62	123.47	659.26	739.99
10.63	123.47	659.26	739.99
10.64	123.47	185.00	659.26	739.99
10.65	123.47	185.00	659.26	739.99
10.66	185.00	659.26	739.99
10.67	185.00	659.26	739.99
10.68	185.00	659.26	739.99
10.69	185.00	659.26	739.99
10.70	185.00	659.26	739.99
10.71	185.00	659.26	739.99
10.72	185.00	659.26	739.99
10.73	185.00	659.26	739.99
10.74	185.00	659.26	739.99
10.75	185.00	659.26	739.99
10.76	185.00	659.26	739.99
10.77	185.00	659.26	739.99
10.78	185.00	659.26	739.99
10.79	185.00	659.26	739.99
10.80	185.00	659.26	739.99
10.81	185.00	659.26	739.99
10.82	185.00	659.26	739.99
10.83	185.00	659.26	739.99
10.84	185.00	659.26	739.99
10.85	185.00	659.26	739.99
10.86	185.00	659.26	739.99
10.87	185.00	659.26	739.99
10.88	185.00	659.26	739.99
10.89	185.00	659.26	739.99
10.90	185.00	659.26	739.99
10.91	185.00	659.26	739.99
10.92	185.00	659.26	739.99
10.93	185.00	659.26	739.99
10.94	185.00	659.26
10.95	185.00	659.26
10.96	185.00	659.26
10.97	185.00	659.26
10.98	185.00	659.26
10.99	185.00	369.99	659.26
11.00	185.00	369.99	659.26
11.01	185.00	369.99	659.26
11.02	185.00	369.99	659.26
11.03	185.00	369.99	659.26
11.04	185.00	369.99	659.26
11.05	185.00	369.99	659.26
11.06	185.00	369.99	659.26
11.07	185.00	369.99	659.26
11.08	185.00	369.99	659.26
11.09	185.00	369.99	659.26
11.10	185.00	369.99	659.26
11.11	185.00	369.99	659.26
11.12	185.00	369.99	659.26
11.13	185.00	369.99	622.25	659.26
11.14	185.00	369.99	622.25	659.26
11.15	185.00	369.99	622.25
11.16	185.00	369.99	622.25
11.17	369.99	622.25
11.18	369.99	622.25
11.19	369.99	622.25
11.20	369.99	622.25
11.21	369.99	622.25
11.22	369.99	622.25
11.23	369.99	622.25
11.24	369.99	622.25
11.25	369.99	622.25
11.26	369.99	622.25
11.27	369.99	622.25
11.28	369.99	622.25
11.29	369.99	622.25
11.30	369.99	622.25
11.31	369.99	554.37	622.25
11.32	369.99	554.37	622.25
11.33	369.99	554.37
11.34	329.63	369.99	554.37
11.35	329.63	369.99	554.37
11.36	329.63	369.99	554.37
11.37	329.63	369.99	554.37
11.38	329.63	369.99	554.37
11.39	329.63	369.99	554.37
11.40	329.63	369.99	554.37
11.41	329.63	369.99	554.37	622.25
11.42	329.63	369.99	554.37	622.25
11.43	329.63	369.99	554.37	622.25
11.44	329.63	369.99	554.37	622.25
11.45	185.00	329.63	554.37	622.25
11.46	185.00	329.63	554.37	622.25
11.47	185.00	329.63	554.37
11.48	185.00	329.63	554.37
11.49	185.00	329.63	554.37
11.50	185.00	329.63	554.37
11.51	185.00	329.63	554.37
11.52	185.00	329.63	554.37
11.53	185.00	329.63	554.37
11.54	185.00	329.63	554.37
11.55	185.00	329.63	554.37
11.56	185.00	329.63	554.37
11.57	185.00	329.63	554.37
11.58	185.00	329.63	554.37
11.59	185.00	329.63	554.37
11.60	185.00	329.63	554.37
11.61	185.00	329.63	554.37
11.62	185.00	329.63	554.37
11.63	185.00	329.63	554.37
11.64	185.00	329.63	554.37
11.65	185.00	329.63	554.37
11.66	185.00	329.63	554.37
11.67	185.00	329.63	554.37
11.68	185.00	329.63	554.37
11.69	185.00	329.63	554.37
11.70	329.63	554.37
11.71	329.63	369.99	554.37
11.72	329.63	369.99	554.37
11.73	329.63	369.99	554.37
11.74	329.63	369.99	554.37
11.75	369.99	554.37
11.76	369.99	554.37
11.77	369.99	554.37
11.78	369.99	554.37
11.79	369.99	554.37
11.80	369.99	554.37
11.81	369.99	554.37
11.82	369.99	554.37
11.83	369.99	554.37
11.84	369.99	554.37
11.85	369.99	554.37
11.86	369.99	554.37
11.87	369.99	554.37
11.88	369.99	554.37
11.89	369.99	554.37
11.90	369.99	554.37
11.91	369.99	554.37
11.92	369.99	554.37
11.93	369.99	554.37
11.94	185.00	369.99	554.37	622.25
11.95	185.00	369.99	554.37	622.25
11.96	185.00	369.99	622.25
11.97	185.00	369.99	622.25
11.98	185.00	369.99	622.25
11.99	185.00	369.99	622.25
12.00	185.00	369.99	622.25
12.01	185.00	622.25
12.02	185.00	622.25
12.03	185.00	622.25
12.04	185.00	622.25
12.05	185.00	622.25
12.06	185.00	622.25
12.07	185.00	622.25
12.08	185.00	622.25
12.09	185.00	622.25
12.10	185.00	622.25
12.11	185.00	622.25
12.12	185.00	622.25
12.13	185.00	622.25
12.14	185.00	622.25
12.15	185.00	622.25
12.16	185.00	622.25
12.17	185.00	622.25
12.18	185.00	622.25
12.19	185.00	622.25
12.20	185.00	622.25
12.21	185.00	622.25
12.22	185.00	622.25
12.23	185.00	622.25
12.24	185.00
12.25	185.00
12.26	185.00
12.27	185.00
12.28	185.00
12.29	185.00
12.30	185.00
12.31	185.00	369.99
12.32	185.00	369.99
12.33	185.00	369.99
12.34	185.00	369.99
12.35	185.00	369.99
12.36	185.00	369.99
12.37	185.00	369.99
12.38	185.00	369.99
12.39	185.00	369.99
12.40	185.00	369.99
12.41	185.00	369.99
12.42	185.00	369.99
12.43	185.00	369.99
12.44	185.00	369.99
12.45	185.00	369.99
12.46	185.00	369.99
12.47	185.00	369.99	466.16
12.48	185.00	369.99	466.16
12.49	185.00	369.99	466.16
12.50	185.00	369.99	466.16
12.51	185.00	369.99	466.16
12.52	185.00	369.99	466.16
12.53	185.00	369.99	466.16
12.54	185.00	369.99	466.16
12.55	185.00	369.99	466.16
12.56	369.99	466.16
12.57	369.99	466.16
12.58	369.99	466.16
12.59	369.99	466.16
12.60	369.99	466.16
12.61	369.99	466.16
12.62	369.99	466.16
12.63	369.99	466.16
12.64	369.99	466.16
12.65	369.99	466.16
12.66	369.99	466.16	493.88
12.67	369.99	466.16	493.88
12.68	369.99	466.16	493.88
12.69	369.99	466.16	493.88
12.70	369.99	466.16	493.88
12.71	369.99	466.16	493.88
12.72	369.99	466.16	493.88
12.73	155.56	369.99	466.16	493.88
12.74	155.56	369.99	466.16	493.88
12.75	155.56	369.99	466.16	493.88
12.76	155.56	369.99	466.16	493.88
12.77	155.56	369.99	493.88
12.78	155.56	369.99	493.88
12.79	155.56	369.99	493.88
12.80	155.56	369.99	466.16	493.88
12.81	155.56	369.99	466.16	493.88
12.82	369.99	466.16	493.88
12.83	369.99	466.16	493.88
12.84	369.99	466.16	493.88
12.85	185.00	369.99	466.16	493.88	554.37
12.86	185.00	369.99	466.16	493.88	554.37
12.87	185.00	246.94	466.16	493.88	554.37
12.88	185.00	246.94	466.16	493.88	554.37
12.89	185.00	246.94	466.16	554.37
12.90	185.00	246.94	466.16	554.37
12.91	185.00	246.94	554.37
12.92	185.00	246.94	554.37
12.93	185.00	246.94	554.37
12.94	246.94	493.88	554.37
12.95	246.94	493.88	554.37
12.96	246.94	493.88	554.37
12.97	246.94	493.88	554.37
12.98	185.00	246.94	493.88	554.37
12.99	185.00	246.94	493.88	554.37
13.00	185.00	246.94	493.88	554.37
13.01	185.00	246.94	493.88	554.37
13.02	185.00	246.94	493.88	554.37
13.03	185.00	246.94	493.88	554.37
13.04	185.00	246.94	493.88	554.37
13.05	185.00	493.88	554.37
13.06	185.00	493.88	554.37
13.07	185.00	493.88	554.37
13.08	185.00	493.88	554.37
13.09	185.00	493.88	554.37
13.10	185.00	369.99	493.88	554.37
13.11	185.00	369.99	493.88	554.37
13.12	185.00	369.99	493.88	554.37
13.13	185.00	369.99	493.88	554.37
13.14	185.00	369.99	493.88
13.15	185.00	369.99	493.88
13.16	185.00	369.99	493.88
13.17	185.00	369.99	493.88
13.18	185.00	369.99	493.88
13.19	185.00	369.99	493.88
13.20	185.00	369.99	493.88
13.21	185.00	369.99	493.88
13.22	185.00	369.99	466.16	493.88
13.23	185.00	369.99	466.16	493.88
13.24	185.00	369.99	466.16	493.88
13.25	185.00	369.99	466.16	493.88
13.26	185.00	369.99	466.16	493.88
13.27	185.00	369.99	466.16	493.88
13.28	185.00	369.99	466.16	493.88
13.29	185.00	369.99	466.16	493.88
13.30	185.00	369.99	466.16	493.88
13.31	185.00	369.99	466.16	493.88
13.32	185.00	369.99	466.16	493.88
13.33	185.00	369.99	466.16	493.88
13.34	185.00	369.99	466.16	493.88
13.35	185.00	369.99	466.16	493.88
13.36	185.00	369.99	466.16	493.88
13.37	185.00	369.99	466.16	493.88
13.38	185.00	369.99	466.16	493.88
13.39	185.00	369.99	466.16	493.88
13.40	185.00	369.99	466.16	493.88
13.41	185.00	369.99	466.16	493.88
13.42	185.00	369.99	466.16	493.88
13.43	185.00	369.99	466.16	493.88
13.44	185.00	369.99	466.16	493.88
13.45	185.00	369.99	466.16	493.88
13.46	185.00	369.99	466.16	493.88
13.47	185.00	369.99	466.16	493.88
13.48	185.00	369.99	466.16	493.88
13.49	185.00	369.99	466.16	493.88
13.50	185.00	369.99	466.16	493.88
13.51	185.00	369.99	466.16	493.88
13.52	185.00	466.16	493.88	622.25
13.53	185.00	466.16	493.88	622.25
13.54	185.00	466.16	493.88	622.25
13.55	185.00	466.16	493.88	622.25
13.56	185.00	466.16	493.88	622.25
13.57	185.00	466.16	493.88	622.25
13.58	185.00	466.16	493.88	622.25
13.59	185.00	466.16	493.88	622.25
13.60	185.00	466.16	493.88	622.25
13.61	185.00	466.16	493.88	622.25
13.62	185.00	466.16	493.88	622.25
13.63	185.00	493.88	622.25
13.64	185.00	493.88	622.25
13.65	185.00	493.88	622.25
13.66	185.00	493.88	622.25
13.67	185.00	493.88	622.25
13.68	185.00	493.88	622.25	987.77
13.69	185.00	493.88	622.25	987.77
13.70	185.00	493.88	622.25	987.77
13.71	185.00	493.88	622.25	987.77
13.72	185.00	493.88	622.25	987.77
13.73	185.00	493.88	622.25	987.77
13.74	185.00	493.88	622.25	987.77
13.75	185.00	493.88	622.25	987.77
13.76	185.00	493.88	622.25	987.77
13.77	185.00	622.25	987.77
13.78	185.00	622.25	987.77
13.79	185.00	622.25	987.77
13.80	185.00	622.25	987.77
13.81	185.00	622.25	987.77
13.82	185.00	622.25	830.61	987.77
13.83	185.00	622.25	830.61	987.77
13.84	185.00	622.25	830.61	987.77
13.85	185.00	622.25	830.61	987.77
13.86	185.00	622.25	830.61
13.87	185.00	622.25	830.61
13.88	185.00	622.25	830.61
13.89	185.00	830.61
13.90	185.00	830.61
13.91	185.00	830.61
13.92	185.00	830.61
13.93	185.00	830.61
13.94	185.00	830.61
13.95	185.00	830.61
13.96	185.00	830.61
13.97	185.00	830.61
13.98	185.00	830.61
13.99	185.00	830.61
14.00	185.00	830.61
14.01	185.00	830.61
14.02	185.00	830.61
14.03	369.99	739.99	830.61
14.04	369.99	739.99	830.61
14.05	369.99	739.99	830.61
14.06	369.99	739.99	830.61
14.07	369.99	739.99
14.08	369.99	739.99
14.09	369.99	739.99
14.10	369.99	739.99
14.11	369.99	739.99
14.12	369.99	739.99
14.13	369.99	739.99
14.14	369.99	739.99
14.15	369.99	739.99
14.16	369.99	739.99
14.17	739.99
14.18	739.99
14.19	185.00	739.99
14.20	185.00	739.99
14.21	185.00	739.99
14.22	185.00	739.99
14.23	185.00	739.99
14.24	185.00	739.99
14.25	185.00	739.99
14.26	739.99
14.27	739.99
14.28	739.99
14.29	739.99
14.30	739.99
14.31	739.99
14.32	739.99
14.33
14.34
14.35
14.36
14.37
14.38
14.39
14.40
14.41
14.42
14.43
14.44
14.45
14.46
14.47
14.48
14.49	369.99
14.50	369.99
14.51	369.99
14.52	369.99
14.53	369.99
14.54	369.99
14.55	369.99
14.56	369.99
14.57	369.99
14.58	369.99
14.59	369.99
14.60	369.99
14.61	369.99
14.62	369.99
14.63	369.99
14.64	369.99
14.65	369.99
14.66	369.99
14.67	369.99
14.68	369.99
14.69	369.99
14.70	369.99
14.71	369.99
14.72	369.99
14.73	369.99
14.74	369.99
14.75	369.99
14.76	369.99
14.77	369.99
14.78	369.99
14.79	369.99
14.80	369.99
14.81	369.99
14.82	369.99
14.83	369.99
14.84	369.99
14.85	369.99
14.86	369.99
14.87	185.00	369.99
14.88	185.00	369.99
14.89	185.00	369.99
14.90	185.00	369.99
14.91	185.00
14.92	185.00
14.93	185.00
14.94	185.00
14.95	185.00
14.96	185.00
14.97	185.00
14.98	185.00
14.99	185.00
15.00	185.00
15.01	185.00
15.02	185.00
15.03	185.00
15.04	185.00
15.05	185.00
15.06	185.00
15.07	185.00
15.08	185.00
15.09	185.00
15.10	185.00
15.11	185.00
15.12	185.00
15.13	185.00
15.14	185.00
15.15	185.00
15.16	185.00
15.17	185.00
15.18	185.00
15.19	185.00
15.20	185.00
15.21	185.00
15.22	185.00
15.23	185.00
15.24	185.00
15.25	185.00
15.26	185.00
15.27	185.00
15.28	185.00
15.29	185.00
15.30	185.00
15.31	185.00
15.32	185.00
15.33	185.00
15.34	185.00
15.35	659.26
15.36	659.26
15.37	659.26
15.38	659.26
15.39	659.26
15.40	659.26
15.41	659.26
15.42	659.26
15.43	659.26
15.44	659.26
15.45	659.26
15.46	659.26
15.47	659.26
15.48	659.26
15.49	659.26
15.50	659.26
15.51	659.26
15.52	659.26
15.53	659.26
15.54	659.26
15.55	659.26
15.56	659.26
15.57	659.26
15.58	659.26
15.59	659.26
15.60	659.26
15.61	659.26
15.62	659.26
15.63	659.26
15.64	659.26
15.65	659.26
15.66	659.26
15.67	659.26
15.68	659.26
15.69	659.26
15.70	659.26
15.71	659.26
15.72
15.73
15.74
15.75
15.76
15.77
15.78
15.79
15.80
15.81
15.82
15.83
15.84	622.25
15.85	622.25
15.86	123.47	622.25
15.87	123.47	622.25
15.88	123.47	622.25
15.89	123.47	622.25
15.90	123.47	622.25
15.91	123.47	622.25
15.92	123.47	622.25
15.93	123.47	622.25
15.94	123.47	622.25
15.95	123.47	622.25
15.96	123.47	622.25
15.97	123.47	622.25
15.98	123.47	622.25
15.99	123.47	622.25
16.00	123.47	622.25
16.01	123.47	622.25
16.02	123.47	622.25
16.03	123.47	622.25
16.04	123.47	622.25
16.05	123.47	622.25
16.06	123.47	622.25
16.07	123.47	622.25
16.08	123.47	622.25
16.09	123.47	622.25
16.10	123.47	622.25
16.11	123.47	622.25
16.12	123.47
16.13	123.47
16.14	123.47
16.15	123.47
16.16	123.47
16.17	123.47
16.18	123.47
16.19	123.47	185.00
16.20	123.47	185.00
16.21	123.47	185.00
16.22	123.47	185.00
16.23	123.47	185.00
16.24	123.47	185.00
16.25	123.47	185.00
16.26	123.47	185.00
16.27	123.47	185.00
16.28	123.47	185.00
16.29	123.47	185.00
16.30	123.47	185.00
16.31	123.47	185.00
16.32	123.47	185.00
16.33	123.47	185.00
16.34	123.47	185.00
16.35	123.47	185.00
16.36	123.47	185.00
16.37	123.47	185.00
16.38	123.47	185.00
16.39	123.47	185.00
16.40	123.47	185.00
16.41	123.47	185.00
16.42	123.47	185.00
16.43	123.47	185.00
16.44	123.47	185.00
16.45	123.47	185.00
16.46	123.47	185.00
16.47	123.47	185.00	587.33
16.48	123.47	185.00	587.33
16.49	123.47	185.00	587.33
16.50	123.47	185.00	587.33
16.51	123.47	185.00	587.33
16.52	123.47	185.00	587.33
16.53	123.47	185.00	587.33
16.54	123.47	185.00	587.33
16.55	123.47	185.00	587.33
16.56	123.47	185.00	220.00	587.33
16.57	123.47	185.00	220.00	587.33
16.58	123.47	185.00	220.00	587.33
16.59	123.47	185.00	220.00	587.33
16.60	123.47	185.00	220.00	587.33
16.61	123.47	185.00	220.00	587.33
16.62	123.47	185.00	220.00	587.33
16.63	123.47	185.00	220.00	587.33
16.64	123.47	185.00	220.00	587.33
16.65	123.47	185.00	220.00	587.33
16.66	123.47	185.00	220.00	587.33
16.67	123.47	185.00	220.00	587.33
16.68	123.47	185.00	220.00	587.33
16.69	123.47	185.00	220.00	587.33
16.70	123.47	185.00	220.00	587.33
16.71	123.47	185.00	220.00	587.33
16.72	123.47	185.00	220.00	587.33
16.73	123.47	185.00	220.00	587.33
16.74	123.47	185.00	220.00	587.33
16.75	123.47	185.00	220.00	587.33
16.76	123.47	185.00	220.00	587.33
16.77	123.47	185.00	220.00	587.33
16.78	123.47	185.00	220.00	587.33
16.79	123.47	185.00	220.00	311.13	587.33
16.80	123.47	185.00	220.00	311.13	587.33
16.81	220.00	311.13	587.33
16.82	220.00	311.13	587.33
16.83	220.00	311.13	587.33
16.84	220.00	311.13	587.33
16.85	220.00	311.13	587.33
16.86	220.00	311.13	587.33
16.87	220.00	311.13	587.33
16.88	220.00	311.13	587.33
16.89	220.00	311.13	587.33	622.25
16.90	220.00	311.13	587.33	622.25
16.91	220.00	311.13	587.33	622.25
16.92	220.00	311.13	587.33	622.25
16.93	220.00	311.13	587.33	622.25
16.94	220.00	311.13	587.33	622.25
16.95	311.13	587.33	622.25
16.96	311.13	587.33	622.25
16.97	311.13	587.33	622.25
16.98	311.13	587.33	622.25
16.99	311.13	587.33	622.25
17.00	311.13	587.33	622.25
17.01	311.13	587.33	622.25
17.02	311.13	622.25
17.03	311.13	587.33	622.25
17.04	311.13	587.33	622.25
17.05	311.13	587.33	622.25
17.06	311.13	587.33	622.25
17.07	311.13	587.33	622.25
17.08	311.13	587.33	622.25
17.09	311.13	587.33	622.25	698.46
17.10	311.13	587.33	622.25	698.46
17.11	311.13	622.25	698.46
17.12	116.54	311.13	622.25	698.46
17.13	116.54	311.13	622.25	698.46
17.14	116.54	622.25	698.46
17.15	116.54	622.25	698.46
17.16	116.54	622.25	698.46
17.17	116.54	622.25	698.46
17.18	116.54	622.25	698.46
17.19	116.54	349.23	622.25	698.46
17.20	116.54	349.23	622.25	698.46
17.21	116.54	349.23	622.25	698.46
17.22	116.54	349.23	622.25	698.46
17.23	116.54	349.23	622.25	698.46
17.24	116.54	349.23	622.25	698.46
17.25	116.54	349.23	698.46
17.26	116.54	349.23	698.46
17.27	116.54	349.23	698.46
17.28	116.54	233.08	349.23	698.46
17.29	116.54	233.08	349.23	698.46
17.30	116.54	233.08	349.23	698.46
17.31	116.54	233.08	349.23	698.46
17.32	116.54	233.08	349.23	698.46
17.33	116.54	233.08	349.23	698.46
17.34	116.54	233.08	349.23	698.46
17.35	116.54	233.08	349.23	698.46
17.36	116.54	233.08	349.23	698.46
17.37	116.54	349.23	698.46
17.38	116.54	349.23	698.46
17.39	116.54	349.23	698.46
17.40	116.54	349.23	698.46
17.41	116.54	349.23	698.46
17.42	116.54	207.65	349.23	698.46
17.43	116.54	207.65	349.23	698.46
17.44	116.54	207.65	349.23	698.46
17.45	116.54	207.65	349.23	698.46
17.46	207.65	349.23
17.47	207.65	233.08	349.23
17.48	207.65	233.08	349.23
17.49	207.65	233.08	349.23
17.50	207.65	233.08	349.23
17.51	207.65	233.08	349.23
17.52	207.65	233.08	349.23
17.53	207.65	233.08	349.23
17.54	207.65	233.08	349.23	698.46
17.55	207.65	233.08	349.23	698.46
17.56	207.65	233.08	349.23	698.46
17.57	207.65	233.08	349.23	698.46
17.58	207.65	233.08	349.23	698.46
17.59	207.65	233.08	349.23	698.46
17.60	207.65	233.08	698.46
17.61	116.54	207.65	233.08	698.46
17.62	116.54	207.65	233.08	698.46
17.63	116.54	207.65	698.46
17.64	116.54	207.65	698.46
17.65	116.54	207.65	415.30	698.46	830.61
17.66	116.54	207.65	415.30	698.46	830.61
17.67	116.54	207.65	415.30	698.46	830.61
17.68	116.54	207.65	415.30	698.46	830.61
17.69	116.54	207.65	415.30	698.46	830.61
17.70	116.54	207.65	415.30	698.46	830.61
17.71	116.54	207.65	415.30	698.46	830.61
17.72	116.54	207.65	415.30	698.46	830.61
17.73	116.54	207.65	415.30	698.46	830.61
17.74	207.65	415.30	698.46	830.61
17.75	207.65	233.08	415.30	698.46	739.99	830.61
17.76	207.65	233.08	415.30	698.46	739.99	830.61
17.77	207.65	233.08	698.46	739.99	830.61
17.78	207.65	233.08	698.46	739.99	830.61
17.79	207.65	233.08	698.46	739.99	830.61
17.80	207.65	233.08	698.46	739.99	830.61
17.81	207.65	233.08	698.46	739.99	830.61
17.82	207.65	233.08	698.46	739.99	830.61
17.83	207.65	233.08	698.46	739.99	830.61
17.84	207.65	233.08	698.46	739.99	830.61
17.85	207.65	233.08	698.46	739.99	830.61
17.86	207.65	233.08	698.46	739.99	830.61
17.87	207.65	233.08	698.46	739.99	830.61
17.88	207.65	233.08	698.46	739.99	830.61
17.89	207.65	233.08	698.46	739.99	830.61
17.90	207.65	233.08	698.46	739.99	830.61
17.91	207.65	233.08	698.46	739.99	830.61
17.92	207.65	233.08	698.46	739.99	830.61
17.93	207.65	233.08	698.46	739.99
17.94	207.65	233.08	698.46	739.99
17.95	207.65	233.08	698.46	739.99
17.96	207.65	233.08	698.46	739.99
17.97	207.65	233.08	698.46	739.99
17.98	207.65	233.08	698.46	739.99
17.99	207.65	233.08	698.46	739.99
18.00	207.65	233.08	698.46	739.99
18.01	207.65	233.08	698.46	739.99
18.02	207.65	233.08	293.66	698.46	739.99
18.03	207.65	233.08	293.66	698.46	739.99
18.04	207.65	233.08	293.66	698.46	739.99
18.05	207.65	233.08	293.66	587.33	698.46	739.99
18.06	207.65	233.08	293.66	587.33	698.46	739.99
18.07	207.65	233.08	293.66	587.33	698.46	739.99
18.08	207.65	233.08	293.66	587.33	698.46	739.99
18.09	207.65	233.08	293.66	587.33	698.46	739.99
18.10	207.65	233.08	293.66	587.33	698.46	739.99
18.11	207.65	233.08	293.66	587.33	698.46	739.99
18.12	207.65	233.08	293.66	587.33	698.46	739.99
18.13	207.65	233.08	293.66	587.33	698.46	739.99
18.14	207.65	233.08	293.66	698.46	739.99
18.15	207.65	233.08	293.66	698.46	739.99
18.16	207.65	233.08	293.66	698.46	739.99
18.17	207.65	233.08	293.66	698.46	739.99
18.18	207.65	233.08	293.66	698.46	739.99
18.19	207.65	233.08	293.66	698.46	739.99
18.20	207.65	233.08	293.66	698.46	739.99
18.21	207.65	233.08	293.66	698.46	739.99
18.22	207.65	233.08	293.66	698.46	739.99
18.23	207.65	233.08	293.66	698.46	739.99
18.24	207.65	233.08	293.66	698.46	739.99
18.25	207.65	233.08	293.66	698.46	739.99
18.26	207.65	233.08	293.66	698.46	739.99
18.27	207.65	233.08	293.66	698.46	739.99
18.28	207.65	233.08	293.66	698.46	739.99
18.29	207.65	233.08	293.66	698.46	739.99
18.30	207.65	233.08	293.66	698.46	739.99
18.31	207.65	233.08	293.66	698.46	739.99
18.32	207.65	233.08	293.66	698.46	739.99
18.33	207.65	233.08	293.66	698.46	739.99
18.34	207.65	233.08	293.66	698.46	739.99
18.35	207.65	233.08	293.66	698.46	739.99
18.36	207.65	233.08	293.66	698.46	739.99
18.37	207.65	233.08	293.66	698.46	739.99
18.38	207.65	233.08	293.66	698.46	739.99
18.39	207.65	233.08	293.66	698.46	739.99
18.40	207.65	233.08	293.66	698.46	739.99
18.41	207.65	233.08	293.66	698.46	739.99
18.42	207.65	233.08	293.66	698.46	739.99
18.43	207.65	233.08	293.66	698.46	739.99
18.44	77.78	155.56	207.65	233.08	293.66	698.46	739.99
18.45	77.78	155.56	207.65	233.08	293.66	698.46	739.99
18.46	77.78	155.56	233.08	293.66	698.46	739.99
18.47	77.78	155.56	233.08	293.66	698.46	739.99
18.48	77.78	155.56	233.08	293.66	698.46	739.99
18.49	77.78	155.56	233.08	293.66	622.25	698.46	739.99
18.50	77.78	155.56	233.08	293.66	622.25	698.46	739.99
18.51	77.78	155.56	233.08	293.66	622.25	698.46	739.99
18.52	77.78	155.56	233.08	293.66	622.25	698.46	739.99
18.53	77.78	233.08	293.66	622.25	698.46
18.54	77.78	233.08	293.66	622.25	698.46
18.55	77.78	233.08	293.66	622.25	698.46
18.56	77.78	233.08	293.66	622.25	698.46
18.57	77.78	233.08	293.66	622.25	698.46
18.58	77.78	622.25	698.46
18.59	77.78	622.25	698.46
18.60	77.78	622.25
18.61	77.78	622.25
18.62	77.78	622.25
18.63	77.78	622.25
18.64	77.78	622.25
18.65	77.78	622.25	698.46
18.66	77.78	622.25	698.46
18.67	77.78	622.25	698.46
18.68	77.78	622.25	698.46
18.69	77.78	622.25	698.46
18.70	77.78	622.25	698.46
18.71	77.78	622.25	698.46
18.72	77.78	233.08	622.25	698.46
18.73	77.78	233.08	622.25	698.46
18.74	77.78	233.08	622.25
18.75	77.78	233.08	622.25
18.76	77.78	233.08
18.77	77.78	233.08
18.78	77.78	233.08
18.79	77.78
18.80	77.78
18.81	77.78
18.82	77.78
18.83	77.78
18.84	77.78
18.85	77.78
18.86	77.78	622.25
18.87	77.78	622.25
18.88	77.78	622.25
18.89	77.78	622.25
18.90	77.78	622.25
18.91	77.78	185.00	622.25
18.92	77.78	185.00	622.25
18.93	77.78	185.00	622.25
18.94	77.78	185.00	622.25
18.95	77.78	185.00
18.96	77.78	185.00
18.97	185.00
18.98	185.00
18.99	185.00
19.00	185.00
19.01	185.00
19.02	185.00
19.03	185.00
19.04	185.00
19.05	185.00
19.06	185.00
19.07	77.78	185.00
19.08	77.78	185.00
19.09	77.78	185.00
19.10	77.78	185.00
19.11	77.78	185.00
19.12	77.78	185.00
19.13	77.78	185.00
19.14	77.78	185.00
19.15	77.78	185.00
19.16	77.78	185.00
19.17	77.78	185.00
19.18	77.78	185.00
19.19	77.78	185.00
19.20	185.00
19.21	185.00	466.16
19.22	185.00	466.16
19.23	185.00	466.16
19.24	185.00	466.16
19.25	185.00	233.08	466.16
19.26	185.00	233.08	466.16
19.27	185.00	233.08	466.16
19.28	185.00	233.08	466.16
19.29	185.00	233.08	466.16
19.30	185.00	233.08	466.16
19.31	185.00	233.08	466.16
19.32	185.00	233.08	466.16
19.33	185.00	233.08	466.16
19.34	185.00	233.08	466.16
19.35	185.00	233.08	466.16
19.36	185.00	233.08	466.16
19.37	185.00	233.08	466.16
19.38	185.00	233.08	466.16
19.39	185.00	233.08
19.40	185.00	233.08
19.41	185.00	233.08
19.42	77.78	185.00	233.08
19.43	77.78	185.00	233.08
19.44	77.78	185.00	233.08
19.45	77.78	185.00	233.08
19.46	77.78	185.00	233.08
19.47	77.78	185.00	233.08
19.48	185.00	233.08
19.49	155.56	185.00	233.08
19.50	155.56	185.00	233.08
19.51	155.56	185.00	233.08
19.52	155.56	185.00	233.08
19.53	155.56	185.00	233.08	622.25
19.54	155.56	185.00	233.08	622.25
19.55	155.56	185.00	233.08	622.25
19.56	155.56	185.00	233.08	311.13	622.25
19.57	155.56	185.00	233.08	311.13	622.25
19.58	155.56	185.00	233.08	311.13	622.25
19.59	155.56	185.00	233.08	311.13	622.25
19.60	155.56	185.00	233.08	311.13	622.25
19.61	155.56	185.00	233.08	311.13	622.25
19.62	155.56	185.00	233.08	311.13	622.25
19.63	155.56	185.00	233.08	311.13	622.25
19.64	155.56	185.00	233.08	311.13	622.25
19.65	155.56	185.00	233.08	311.13
19.66	155.56	185.00	233.08	311.13
19.67	155.56	185.00	233.08	311.13
19.68	155.56	185.00	233.08	311.13
19.69	155.56	185.00	233.08	311.13
19.70	155.56	185.00	233.08	311.13
19.71	155.56	185.00	233.08	311.13
19.72	155.56	185.00	233.08	311.13
19.73	155.56	185.00	233.08	311.13
19.74	155.56	185.00	233.08	311.13
19.75	155.56	185.00	233.08	311.13
19.76	155.56	185.00	233.08	311.13
19.77	155.56	185.00	233.08	311.13
19.78	155.56	185.00	233.08	311.13
19.79	155.56	185.00	233.08	311.13
19.80	155.56	185.00	233.08	311.13
19.81	155.56	185.00	233.08	311.13	554.37
19.82	155.56	185.00	233.08	311.13	554.37
19.83	155.56	164.81	185.00	233.08	311.13	554.37
19.84	155.56	164.81	185.00	233.08	311.13	554.37
19.85	155.56	164.81	185.00	233.08	311.13	554.37
19.86	82.41	155.56	164.81	185.00	233.08	311.13	554.37
19.87	82.41	155.56	164.81	185.00	233.08	311.13	554.37
19.88	82.41	164.81	185.00	233.08	311.13	554.37
19.89	82.41	164.81	185.00	233.08	311.13	554.37
19.90	82.41	164.81	185.00	233.08	554.37	622.25
19.91	82.41	164.81	185.00	233.08	554.37	622.25
19.92	82.41	164.81	233.08	554.37	622.25
19.93	82.41	164.81	233.08	554.37	622.25
19.94	82.41	164.81	233.08	554.37	622.25
19.95	82.41	164.81	554.37	622.25
19.96	82.41	164.81	554.37	622.25
19.97	82.41	164.81	554.37	622.25
19.98	82.41	164.81	554.37	622.25
19.99	82.41	164.81	554.37
20.00	82.41	164.81	554.37
20.01	82.41	164.81	554.37
20.02	82.41	554.37
20.03	82.41	554.37
20.04	82.41	554.37
20.05	82.41	554.37
20.06	82.41	554.37
20.07	82.41	554.37
20.08	82.41	554.37
20.09	82.41	554.37
20.10	82.41	554.37
20.11	82.41	554.37
20.12	82.41	554.37
20.13	82.41	554.37
20.14	82.41	554.37
20.15	82.41	554.37
20.16	82.41	554.37
20.17	82.41	554.37
20.18	82.41	164.81	554.37
20.19	82.41	164.81	554.37
20.20	82.41	164.81	554.37
20.21	82.41	164.81	554.37
20.22	82.41	164.81	554.37
20.23	82.41	164.81	554.37
20.24	82.41	164.81	554.37
20.25	82.41	164.81	554.37
20.26	82.41	164.81	554.37
20.27	82.41	164.81	554.37
20.28	82.41	164.81	554.37
20.29	82.41	164.81	554.37
20.30	82.41	164.81	554.37
20.31	82.41	164.81	554.37
20.32	82.41	164.81	554.37
20.33	82.41	164.81	554.37
20.34	82.41	164.81	554.37
20.35	82.41	164.81	554.37
20.36	82.41	164.81	554.37
20.37	82.41	164.81	554.37
20.38	82.41	164.81	554.37
20.39	82.41	164.81	554.37
20.40	82.41	164.81	554.37
20.41	82.41	164.81	554.37
20.42	82.41	164.81	554.37
20.43	82.41	164.81	554.37
20.44	82.41	164.81	554.37
20.45	82.41	164.81	554.37
20.46	82.41	164.81	554.37
20.47	82.41	164.81	554.37
20.48	82.41	164.81	554.37
20.49	82.41	164.81	554.37
20.50	82.41	164.81	554.37
20.51	82.41	554.37
20.52	82.41	554.37
20.53	82.41	415.30	554.37
20.54	82.41	415.30	554.37
20.55	82.41	164.81	415.30
20.56	82.41	164.81	415.30
20.57	82.41	164.81	415.30
20.58	82.41	164.81	415.30
20.59	82.41	164.81	415.30
20.60	82.41	164.81	207.65	415.30	554.37
20.61	82.41	164.81	207.65	415.30	554.37
20.62	82.41	207.65	415.30	554.37
20.63	82.41	207.65	415.30	554.37
20.64	82.41	207.65	415.30	554.37
20.65	82.41	207.65	415.30	554.37
20.66	82.41	207.65	415.30	554.37
20.67	82.41	207.65	415.30	554.37
20.68	82.41	207.65	415.30	554.37
20.69	82.41	207.65	415.30	554.37
20.70	82.41	207.65	415.30	554.37
20.71	82.41	415.30
20.72	82.41	415.30
20.73	82.41	415.30
20.74	82.41	415.30
20.75	82.41	415.30
20.76	82.41	207.65	415.30
20.77	82.41	207.65	415.30
20.78	82.41	207.65	415.30
20.79	82.41	207.65	415.30
20.80	82.41	207.65	415.30
20.81	82.41	207.65	415.30
20.82	82.41	207.65	415.30
20.83	82.41	207.65	415.30
20.84	82.41	207.65	415.30
20.85	82.41	207.65	415.30
20.86	82.41	207.65	415.30
20.87	82.41	207.65	415.30
20.88	82.41	207.65	415.30
20.89	82.41	207.65	415.30
20.90	82.41	207.65	415.30
20.91	82.41	207.65	415.30
20.92	82.41	207.65	415.30
20.93	82.41	207.65	415.30
20.94	82.41	207.65	415.30
20.95	82.41	207.65	415.30
20.96	82.41	207.65	415.30
20.97	82.41	207.65	415.30
20.98	82.41	207.65	415.30
20.99	82.41	207.65	415.30
21.00	82.41	207.65	415.30
21.01	82.41	207.65	415.30
21.02	82.41	207.65	415.30
21.03	82.41	207.65	415.30
21.04	82.41	207.65	277.18	415.30
21.05	82.41	207.65	277.18	415.30
21.06	82.41	207.65	277.18	415.30
21.07	82.41	207.65	277.18	415.30
21.08	82.41	207.65	277.18	415.30
21.09	82.41	277.18	415.30
21.10	82.41	277.18	415.30
21.11	82.41	277.18	415.30
21.12	82.41	277.18	415.30
21.13	82.41	415.30
21.14	82.41	415.30
21.15	82.41	415.30
21.16	82.41	207.65	415.30
21.17	82.41	207.65	415.30
21.18	82.41	207.65	415.30
21.19	82.41	207.65	415.30
21.20	82.41	207.65	415.30
21.21	82.41	207.65	415.30
21.22	82.41	207.65	415.30
21.23	82.41	207.65	415.30
21.24	82.41	207.65	415.30
21.25	82.41	207.65	415.30
21.26	82.41	207.65	415.30
21.27	82.41	207.65	415.30
21.28	82.41	207.65	415.30
21.29	82.41	207.65	415.30
21.30	82.41	207.65	415.30
21.31	82.41	207.65	415.30
21.32	82.41	207.65	415.30
21.33	82.41	207.65	415.30
21.34	82.41	207.65	415.30
21.35	82.41	207.65	415.30
21.36	82.41	207.65	415.30
21.37	82.41	207.65	415.30
21.38	82.41	207.65	415.30
21.39	82.41	207.65	415.30
21.40	82.41	207.65	415.30
21.41	82.41	207.65	415.30
21.42	82.41	207.65	415.30
21.43	82.41	207.65	415.30
21.44	82.41	207.65	415.30
21.45	82.41	207.65	415.30
21.46	82.41	207.65	415.30
21.47	82.41	207.65	415.30
21.48	82.41	207.65
21.49	82.41	207.65
21.50	82.41	207.65
21.51	82.41	207.65
21.52	82.41	207.65
21.53	82.41	207.65
21.54	82.41	207.65
21.55	82.41	207.65
21.56	82.41	207.65
21.57	82.41	207.65
21.58	82.41	207.65	415.30
21.59	82.41	207.65	415.30
21.60	82.41	207.65	415.30
21.61	82.41	207.65	415.30
21.62	82.41	415.30
21.63	82.41	415.30
21.64	82.41	415.30
21.65	82.41	415.30
21.66	82.41	415.30
21.67	82.41	415.30
21.68	82.41	415.30
21.69	82.41	415.30
21.70	82.41	415.30
21.71	82.41	415.30
21.72	82.41	415.30
21.73	82.41	415.30
21.74	82.41	415.30
21.75	82.41	415.30
21.76	82.41	415.30
21.77	82.41	415.30
21.78	82.41	415.30
21.79	82.41	415.30
21.80	82.41	415.30
21.81	82.41	415.30
21.82	82.41	415.30
21.83	82.41	415.30
21.84	82.41	415.30
21.85	82.41	415.30
21.86	82.41	415.30
21.87	82.41	415.30
21.88	415.30
21.89	415.30
21.90	415.30
21.91	415.30
21.92
21.93
21.94
21.95
21.96
21.97
21.98
21.99
22.00
22.01
22.02
22.03
22.04
22.05
22.06
22.07
22.08
22.09
22.10
22.11
22.12
22.13
22.14
22.15
22.16	98.00
22.17	98.00
22.18	98.00
22.19	98.00
22.20	98.00
22.21	98.00
22.22	98.00
22.23	98.00
22.24	98.00
22.25	98.00
22.26	98.00
22.27	98.00
22.28	98.00
22.29	98.00
22.30	98.00
22.31	98.00
22.32	98.00
22.33	98.00
22.34	98.00
22.35	98.00
22.36	98.00
22.37	98.00
22.38	98.00
22.39	98.00
22.40	98.00
22.41	98.00
22.42	98.00
22.43	98.00
22.44	98.00
22.45	98.00
22.46	98.00
22.47	98.00
22.48	98.00
22.49	98.00
22.50	98.00
22.51	98.00
22.52	98.00
22.53	98.00
22.54	98.00
22.55	98.00
22.56	98.00
22.57	98.00
22.58	98.00
22.59
22.60
22.61
22.62
22.63
22.64
22.65
22.66
22.67
22.68
22.69
22.70
22.71
22.72
22.73
22.74
22.75
22.76	164.81
22.77	164.81
22.78	164.81
22.79	164.81
22.80	164.81
22.81	164.81
22.82	164.81
22.83	164.81
22.84	164.81
22.85	164.81
22.86	164.81
22.87	164.81
22.88	164.81
22.89	164.81
22.90	164.81	493.88
22.91	164.81	493.88
22.92	164.81	493.88
22.93	164.81	493.88
22.94	164.81	493.88
22.95	164.81	493.88
22.96	164.81	493.88
22.97	164.81	493.88
22.98	164.81	493.88
22.99	493.88
23.00	493.88
23.01	493.88
23.02	493.88
23.03	493.88
23.04	493.88
23.05	493.88
23.06	493.88
23.07	493.88
23.08	493.88
23.09	493.88
23.10	493.88
23.11	493.88
23.12	493.88
23.13	493.88
23.14	493.88
23.15
23.16
23.17
23.18
23.19
23.20
23.21
23.22	246.94	554.37
23.23	246.94	554.37
23.24	246.94	554.37
23.25	246.94	554.37
23.26	246.94	554.37
23.27	246.94	554.37
23.28	246.94	554.37
23.29	246.94	554.37
23.30	246.94	554.37
23.31	554.37
23.32	554.37
23.33	554.37
23.34	554.37
23.35	554.37
23.36	554.37
23.37	554.37
23.38	554.37
23.39	246.94	493.88	554.37
23.40	246.94	493.88	554.37
23.41	246.94	493.88	554.37
23.42	246.94	493.88	554.37
23.43	164.81	246.94	493.88	554.37
23.44	164.81	246.94	493.88	554.37
23.45	164.81	246.94	493.88	554.37
23.46	164.81	246.94	493.88	554.37
23.47	164.81	246.94	493.88	554.37
23.48	164.81	246.94	493.88	554.37
23.49	164.81	246.94	493.88	554.37
23.50	164.81	246.94	493.88	554.37
23.51	164.81	246.94	493.88	554.37
23.52	164.81	246.94	493.88	554.37
23.53	164.81	246.94	466.16	493.88	554.37
23.54	164.81	246.94	466.16	493.88	554.37
23.55	164.81	246.94	466.16	493.88	554.37
23.56	164.81	246.94	466.16	493.88	554.37
23.57	164.81	246.94	466.16	493.88	554.37
23.58	164.81	246.94	466.16	493.88	554.37
23.59	164.81	246.94	466.16	493.88	554.37
23.60	164.81	246.94	466.16	493.88	554.37
23.61	164.81	246.94	466.16	493.88	554.37
23.62	164.81	246.94	466.16	493.88	554.37
23.63	164.81	246.94	466.16	493.88	554.37
23.64	164.81	246.94	466.16	493.88	554.37
23.65	164.81	246.94	466.16	493.88	554.37
23.66	164.81	246.94	466.16	493.88	554.37
23.67	164.81	246.94	466.16	493.88	554.37
23.68	164.81	246.94	466.16	493.88	554.37
23.69	164.81	246.94	466.16	493.88	554.37
23.70	164.81	246.94	466.16	493.88	554.37
23.71	164.81	466.16	493.88	554.37
23.72	164.81	466.16	493.88	554.37
23.73	164.81	466.16	493.88	554.37
23.74	164.81	466.16	493.88	554.37
23.75	164.81	466.16	493.88	554.37
23.76	466.16	493.88	554.37
23.77	466.16	493.88	554.37
23.78	466.16	493.88
23.79	466.16	493.88
23.80	466.16	493.88
23.81	466.16	493.88
23.82	466.16	493.88
23.83	466.16	493.88
23.84	466.16	493.88
23.85	466.16	493.88
23.86	466.16	493.88
23.87	466.16	493.88
23.88	466.16	493.88
23.89	466.16	493.88
23.90	466.16	493.88
23.91	466.16	493.88
23.92	466.16	493.88
23.93	466.16	493.88
23.94	466.16	493.88
23.95	466.16	493.88
23.96	493.88
23.97	493.88
23.98	493.88
23.99	493.88
24.00	493.88
24.01	493.88
24.02	493.88
24.03	493.88
24.04	92.50	493.88	622.25
24.05	92.50	493.88	622.25
24.06	92.50	493.88	622.25
24.07	92.50	493.88	622.25
24.08	92.50	493.88	622.25
24.09	92.50	493.88	622.25
24.10	92.50	622.25
24.11	92.50	622.25
24.12	92.50	622.25
24.13	92.50	493.88	622.25
24.14	92.50	493.88	622.25
24.15	493.88	622.25
24.16	493.88	622.25
24.17	493.88	622.25
24.18	493.88	622.25
24.19	493.88	622.25
24.20	493.88	622.25
24.21	493.88	622.25
24.22	493.88	622.25
24.23	493.88	622.25
24.24	493.88	622.25
24.25	493.88	622.25
24.26	493.88	622.25
24.27
24.28
24.29
24.30
24.31
24.32
24.33
24.34
24.35
24.36
24.37
24.38
24.39
24.40
24.41
24.42
24.43
24.44
24.45
24.46
24.47
24.48
24.49
24.50
24.51
24.52
24.53
24.54
24.55
24.56
24.57
24.58
24.59
24.60
24.61
24.62	622.25
24.63	622.25
24.64	622.25
24.65	622.25
24.66	622.25
24.67	622.25
24.68	622.25
24.69	622.25
24.70	622.25
24.71	185.00	622.25
24.72	185.00	622.25
24.73	185.00	622.25
24.74	185.00	622.25
24.75	185.00	622.25
24.76	185.00	622.25
24.77	185.00	622.25
24.78	185.00	622.25
24.79	185.00	622.25
24.80	185.00
24.81	185.00
24.82	185.00
24.83	185.00
24.84	185.00
24.85	185.00
24.86	185.00
24.87	185.00
24.88	185.00
24.89
24.90
24.91
24.92
24.93
24.94
24.95
24.96
24.97
24.98
24.99
25.00
25.01
25.02
25.03
25.04
25.05
25.06
25.07
25.08
25.09
25.10
25.11
25.12
25.13
25.14
25.15
25.16
25.17
25.18
25.19
25.20
25.21
25.22
25.23
25.24
25.25
25.26
25.27
25.28
25.29
25.30
25.31
25.32
25.33
25.34
25.35
25.36
25.37
25.38
25.39
25.40
25.41
25.42
25.43
25.44
25.45
25.46
25.47
25.48	554.37
25.49	554.37
25.50	554.37
25.51	554.37
25.52	554.37
25.53	554.37
25.54	554.37
25.55	554.37
25.56	554.37
25.57	554.37
25.58	554.37
25.59	554.37
25.60	554.37
25.61	554.37
25.62	554.37
25.63	554.37
25.64	554.37
25.65	554.37
25.66	185.00	554.37
25.67	185.00	554.37
25.68	185.00	554.37
25.69	185.00	554.37
25.70	185.00	554.37
25.71	185.00	554.37
25.72	185.00	554.37
25.73	185.00
25.74	185.00
25.75	185.00
25.76	185.00
25.77	185.00
25.78	185.00
25.79	185.00
25.80	185.00
25.81	185.00
25.82	185.00
25.83	185.00
25.84	185.00
25.85	185.00
25.86	185.00
25.87	185.00
25.88	185.00
25.89	185.00
25.90	185.00
25.91	185.00
25.92	185.00
25.93	185.00
25.94	185.00
25.95	185.00
25.96	185.00
25.97	185.00
25.98
25.99	493.88
26.00	493.88
26.01	493.88
26.02	493.88
26.03	493.88
26.04	493.88
26.05	493.88
26.06	493.88
26.07	493.88
26.08	493.88
26.09	493.88
26.10	493.88
26.11	493.88
26.12	493.88
26.13	246.94	493.88
26.14	246.94	493.88
26.15	246.94	493.88
26.16	246.94	493.88
26.17	246.94	493.88
26.18	246.94	493.88
26.19	246.94
26.20	246.94
26.21	246.94
26.22	246.94
26.23	246.94
26.24	246.94
26.25	246.94
26.26	246.94
26.27	246.94
26.28	246.94
26.29	246.94
26.30	246.94
26.31	246.94
26.32	246.94
26.33	246.94
26.34	246.94
26.35	246.94
26.36	246.94
26.37	246.94
26.38	246.94
26.39	246.94
26.40	246.94
26.41	246.94	493.88
26.42	246.94	493.88
26.43	246.94	493.88
26.44	246.94	493.88
26.45	246.94	493.88
26.46	246.94	493.88
26.47	493.88
26.48	493.88
26.49	493.88
26.50	493.88
26.51	493.88
26.52	493.88
26.53	493.88
26.54	493.88
26.55	493.88
26.56	493.88
26.57
26.58
26.59
26.60
26.61
26.62
26.63
26.64
26.65
26.66
26.67
26.68
26.69
26.70
26.71
26.72
26.73
26.74
26.75
26.76
26.77
26.78
26.79
26.80
26.81
26.82
26.83
26.84
26.85
26.86
26.87
26.88
26.89
26.90
26.91
26.92
26.93
26.94
26.95
26.96
26.97
26.98
26.99
27.00
27.01
27.02
27.03
27.04
27.05
27.06
27.07
27.08
27.09
27.10
27.11
27.12
27.13
27.14
27.15
27.16
27.17
27.18
27.19
27.20
27.21
27.22
27.23
27.24
27.25
27.26
27.27
27.28
27.29
27.30
27.31
27.32
27.33
27.34
27.35
27.36
27.37
27.38
27.39
27.40
27.41
27.42
27.43
27.44
27.45
27.46
27.47
27.48
27.49
27.50
27.51
27.52
27.53
27.54
27.55
