0.01
0.02
0.03
0.04
0.05
0.06
0.07
0.08
0.09
0.10
0.11
0.12
0.13
0.14
0.15
0.16
0.17
0.18
0.19
0.20
0.21
0.22
0.23
0.24
0.25
0.26
0.27
0.28
0.29
0.30
0.31
0.32
0.33
0.34
0.35
0.36
0.37
0.38
0.39
0.40
0.41
0.42
0.43
0.44
0.45
0.46
0.47
0.48
0.49
0.50
0.51
0.52
0.53
0.54
0.55
0.56
0.57
0.58
0.59
0.60
0.61
0.62
0.63
0.64
0.65
0.66
0.67
0.68
0.69
0.70
0.71
0.72
0.73
0.74
0.75
0.76
0.77
0.78
0.79
0.80
0.81
0.82
0.83
0.84
0.85
0.86
0.87
0.88
0.89
0.90
0.91
0.92
0.93
0.94
0.95
0.96
0.97
0.98
0.99
1.00
1.01
1.02
1.03
1.04
1.05
1.06
1.07
1.08
1.09
1.10
1.11
1.12
1.13
1.14
1.15
1.16
1.17
1.18
1.19
1.20
1.21
1.22
1.23
1.24
1.25
1.26
1.27
1.28
1.29
1.30
1.31
1.32
1.33
1.34
1.35
1.36
1.37
1.38
1.39
1.40
1.41
1.42
1.43
1.44
1.45
1.46
1.47
1.48
1.49
1.50
1.51	622.25
1.52	622.25
1.53	622.25
1.54	622.25
1.55	622.25
1.56	622.25
1.57	622.25
1.58
1.59
1.60
1.61	77.78
1.62	77.78
1.63	77.78
1.64	77.78
1.65	77.78
1.66	77.78
1.67	77.78
1.68	77.78	155.56
1.69	77.78	155.56
1.70	155.56
1.71	155.56
1.72	155.56
1.73	155.56
1.74	155.56
1.75	155.56
1.76	155.56
1.77	155.56
1.78	155.56
1.79	155.56
1.80	155.56
1.81	155.56
1.82	77.78	155.56	164.81
1.83	77.78	155.56	164.81
1.84	77.78	155.56	164.81
1.85	77.78	155.56	164.81
1.86	77.78	155.56	164.81
1.87	77.78	155.56	164.81
1.88	77.78	155.56	164.81
1.89	77.78	155.56	164.81
1.90	77.78	155.56	164.81
1.91	77.78
1.92	77.78
1.93	77.78
1.94	77.78
1.95	77.78
1.96	77.78	369.99	622.25
1.97	77.78	369.99	622.25
1.98	77.78	164.81	369.99	622.25
1.99	77.78	164.81	369.99	622.25
2.00	77.78	164.81	369.99	622.25
2.01	77.78	164.81	369.99	622.25
2.02	77.78	164.81	369.99	622.25
2.03	77.78	164.81	369.99	622.25
2.04	77.78	164.81	369.99	622.25
2.05	77.78	164.81	311.13	369.99	622.25
2.06	77.78	164.81	311.13	369.99	622.25
2.07	77.78	311.13
2.08	77.78	311.13
2.09	77.78	311.13
2.10	77.78	311.13
2.11	77.78	311.13
2.12	77.78	311.13
2.13	77.78	311.13
2.14	77.78	311.13
2.15	77.78	311.13
2.16	77.78	311.13
2.17	77.78	311.13
2.18	77.78
2.19	77.78	466.16
2.20	77.78	466.16
2.21	77.78	466.16
2.22	77.78	466.16
2.23	77.78	466.16
2.24	77.78	466.16
2.25	77.78
2.26	77.78
2.27	77.78
2.28	77.78
2.29	77.78
2.30	77.78
2.31	77.78
2.32	77.78
2.33	77.78
2.34	77.78
2.35	77.78
2.36	77.78
2.37	77.78
2.38	77.78
2.39	77.78
2.40	77.78
2.41	77.78
2.42	77.78
2.43	77.78
2.44	77.78
2.45	77.78
2.46	77.78
2.47	77.78
2.48	77.78
2.49	77.78
2.50	77.78
2.51	77.78
2.52	77.78
2.53	77.78
2.54	77.78
2.55	77.78
2.56	77.78
2.57	77.78
2.58	77.78
2.59	77.78
2.60	77.78
2.61	77.78
2.62	77.78
2.63	77.78
2.64	77.78
2.65	77.78
2.66	77.78
2.67	77.78
2.68	77.78	311.13
2.69	77.78	311.13
2.70	77.78	155.56	233.08	311.13
2.71	77.78	155.56	233.08	311.13
2.72	77.78	155.56	233.08	311.13
2.73	77.78	155.56	233.08	311.13
2.74	77.78	155.56	233.08	311.13
2.75	77.78	155.56	233.08	311.13
2.76	77.78	155.56	233.08	311.13
2.77	77.78	155.56	233.08	311.13	739.99
2.78	77.78	155.56	233.08	311.13	739.99
2.79	155.56	233.08	311.13	739.99
2.80	155.56	233.08	311.13	739.99
2.81	155.56	233.08	311.13	739.99
2.82	155.56	233.08	311.13	739.99
2.83	233.08	311.13	739.99
2.84	77.78	233.08	311.13	739.99
2.85	77.78	233.08	311.13	739.99
2.86	77.78	233.08	311.13	739.99
2.87	77.78	233.08	311.13	739.99
2.88	77.78	233.08	311.13	739.99
2.89	77.78	233.08	311.13	739.99
2.90	77.78	233.08	311.13	739.99
2.91	77.78	233.08	311.13	739.99
2.92	77.78	233.08	311.13	739.99
2.93	77.78	233.08	311.13	739.99
2.94	77.78	233.08	311.13	739.99
2.95	77.78	233.08	311.13	739.99
2.96	77.78	233.08	311.13	739.99
2.97	77.78	233.08	311.13	739.99
2.98	77.78	233.08	311.13	739.99
2.99	77.78	233.08	311.13	739.99
3.00	77.78	233.08	311.13
3.01	77.78	233.08	311.13
3.02	77.78	233.08	311.13	739.99
3.03	77.78	233.08	311.13	739.99
3.04	77.78	233.08	311.13	739.99
3.05	77.78	233.08	311.13	739.99
3.06	77.78	233.08	311.13	739.99
3.07	77.78	233.08	311.13	739.99
3.08	77.78	233.08	311.13	739.99
3.09	77.78	233.08	311.13
3.10	77.78	233.08	311.13
3.11	77.78	233.08	311.13
3.12	77.78	233.08	311.13
3.13	77.78	233.08	311.13
3.14	77.78	233.08	311.13
3.15	77.78	233.08	311.13
3.16	77.78	233.08	311.13
3.17	77.78	233.08	311.13
3.18	77.78	233.08	311.13
3.19	77.78	233.08	311.13
3.20	77.78	233.08	311.13
3.21	77.78	233.08	311.13	739.99
3.22	77.78	233.08	311.13	739.99
3.23	77.78	233.08	311.13	739.99
3.24	77.78	233.08	311.13	739.99
3.25	77.78	233.08	311.13	739.99
3.26	77.78	233.08	311.13	739.99
3.27	77.78	233.08	311.13	739.99
3.28	77.78	233.08	311.13
3.29	77.78	233.08	311.13
3.30	77.78	233.08
3.31	77.78	233.08
3.32	77.78	233.08
3.33	77.78	233.08
3.34	77.78	233.08
3.35	77.78	233.08
3.36	77.78	233.08
3.37	77.78
3.38	77.78
3.39	77.78
3.40	77.78
3.41	77.78
3.42	77.78
3.43	77.78
3.44	77.78
3.45	77.78
3.46
3.47
3.48
3.49	155.56
3.50	155.56
3.51	155.56
3.52	155.56
3.53	155.56
3.54	155.56
3.55	155.56
3.56	155.56
3.57	155.56
3.58	77.78	155.56
3.59	77.78	155.56
3.60	77.78	155.56
3.61	77.78	155.56
3.62	77.78
3.63	77.78
3.64	77.78
3.65	77.78	349.23
3.66	77.78	349.23
3.67	77.78	349.23
3.68	77.78	349.23
3.69	77.78	349.23
3.70	77.78	349.23
3.71	77.78	349.23
3.72	77.78
3.73	77.78
3.74	77.78
3.75	77.78
3.76	77.78
3.77	77.78
3.78	77.78
3.79	77.78	155.56
3.80	77.78	155.56
3.81	155.56
3.82	155.56
3.83	155.56
3.84	155.56
3.85	155.56
3.86	155.56
3.87	155.56
3.88	155.56
3.89	155.56
3.90	155.56
3.91	77.78	155.56	698.46
3.92	77.78	155.56	698.46
3.93	77.78	155.56	698.46
3.94	77.78	155.56	698.46
3.95	77.78	698.46
3.96	77.78	698.46
3.97	77.78
3.98	77.78
3.99	77.78
4.00	77.78
4.01	77.78
4.02	77.78
4.03	77.78
4.04	77.78
4.05	77.78
4.06	77.78
4.07	77.78
4.08	77.78
4.09	77.78
4.10	77.78
4.11	77.78
4.12	77.78
4.13	77.78
4.14	77.78
4.15	77.78
4.16	77.78
4.17	77.78
4.18	77.78
4.19	77.78
4.20	77.78
4.21	77.78	207.65
4.22	77.78	207.65
4.23	77.78	207.65
4.24	77.78	207.65
4.25	77.78	207.65
4.26	77.78	207.65
4.27	77.78	207.65
4.28	77.78	207.65
4.29	77.78	207.65
4.30	77.78	207.65
4.31	77.78	207.65
4.32	77.78	207.65
4.33	77.78	207.65
4.34	77.78	207.65
4.35	77.78	207.65
4.36	77.78	207.65
4.37	77.78	207.65
4.38	77.78	207.65
4.39
4.40
4.41
4.42	77.78
4.43	77.78
4.44	77.78
4.45	77.78
4.46	77.78
4.47	77.78
4.48	77.78
4.49	77.78
4.50	77.78
4.51	77.78
4.52	77.78
4.53
4.54
4.55
4.56
4.57
4.58
4.59
4.60
4.61
4.62
4.63
4.64
4.65	369.99
4.66	369.99
4.67	369.99
4.68	369.99
4.69	369.99
4.70	369.99
4.71	369.99
4.72	369.99
4.73	369.99
4.74	369.99
4.75	369.99
4.76	369.99
4.77	369.99
4.78	369.99
4.79	369.99
4.80	369.99
4.81
4.82
4.83
4.84
4.85
4.86	369.99
4.87	369.99
4.88	369.99
4.89	369.99
4.90	369.99
4.91	369.99
4.92	369.99
4.93	369.99
4.94	369.99
4.95	369.99	466.16
4.96	369.99	466.16
4.97	369.99	466.16
4.98	369.99	466.16
4.99	369.99	466.16
5.00	369.99	466.16
5.01	369.99	466.16
5.02	369.99	466.16
5.03	369.99	466.16
5.04	369.99
5.05	369.99
5.06	369.99
5.07	369.99
5.08	369.99
5.09	369.99	392.00
5.10	369.99	392.00
5.11	369.99	392.00
5.12	369.99	392.00
5.13	369.99	392.00
5.14	369.99	392.00
5.15	369.99	392.00
5.16	369.99
5.17	369.99
5.18	369.99	466.16
5.19	369.99	466.16
5.20	369.99	466.16
5.21	369.99	466.16
5.22	369.99	466.16
5.23	369.99	466.16
5.24	369.99	466.16
5.25	369.99	466.16
5.26	369.99	466.16
5.27	369.99	466.16
5.28	369.99	466.16
5.29	369.99	466.16
5.30	369.99
5.31	369.99
5.32	369.99
5.33	369.99
5.34	369.99
5.35	369.99
5.36	369.99
5.37	369.99
5.38	369.99
5.39	369.99
5.40	369.99
5.41	369.99
5.42	369.99
5.43	369.99
5.44	369.99
5.45	369.99
5.46	369.99
5.47	369.99
5.48	369.99	466.16
5.49	369.99	466.16
5.50	369.99	466.16
5.51	369.99	466.16
5.52	369.99	466.16
5.53	369.99	466.16
5.54	369.99	466.16
5.55	369.99	466.16
5.56	369.99	466.16
5.57	369.99	466.16
5.58	369.99	466.16
5.59	369.99	466.16
5.60	369.99	466.16
5.61	369.99	466.16
5.62	369.99	466.16
5.63	369.99	466.16
5.64	369.99	466.16
5.65	369.99	466.16
5.66	369.99	466.16
5.67	369.99	466.16
5.68	369.99	466.16
5.69	369.99
5.70	369.99
5.71	369.99
5.72	369.99
5.73	369.99
5.74	369.99
5.75	369.99
5.76
5.77
5.78
5.79
5.80
5.81
5.82
5.83
5.84
5.85
5.86
5.87
5.88
5.89
5.90	349.23
5.91	349.23
5.92	349.23
5.93	349.23
5.94	349.23
5.95	349.23	369.99
5.96	349.23	369.99
5.97	349.23	369.99
5.98	349.23	369.99
5.99	349.23	369.99
6.00	349.23	369.99
6.01	349.23	369.99
6.02	349.23	369.99
6.03	349.23	369.99
6.04	349.23	369.99
6.05	349.23	369.99
6.06	349.23
6.07	349.23
6.08	349.23
6.09	349.23
6.10	349.23
6.11	349.23
6.12	349.23
6.13	349.23
6.14	349.23
6.15	349.23
6.16	349.23
6.17	349.23
6.18	349.23
6.19	349.23
6.20	349.23	369.99
6.21	349.23	369.99
6.22	349.23	369.99
6.23	349.23	369.99
6.24	349.23	369.99
6.25	349.23	369.99
6.26	349.23	369.99
6.27	349.23	369.99
6.28	349.23	369.99
6.29	349.23	369.99
6.30	349.23	369.99	587.33
6.31	349.23	369.99	587.33
6.32	349.23	587.33
6.33	349.23	587.33
6.34	349.23	587.33
6.35	349.23	587.33
6.36	349.23
6.37	349.23
6.38	349.23
6.39	349.23
6.40	349.23
6.41	349.23	369.99
6.42	349.23	369.99
6.43	349.23	369.99
6.44	349.23	369.99
6.45	349.23	369.99
6.46	349.23	369.99
6.47	349.23	369.99
6.48	349.23	369.99
6.49	349.23	369.99
6.50	349.23	369.99
6.51	349.23	369.99
6.52	349.23	369.99
6.53	349.23	369.99
6.54	349.23	369.99
6.55	349.23
6.56	349.23
6.57	349.23
6.58	349.23
6.59	349.23
6.60	349.23
6.61	349.23
6.62	349.23
6.63	349.23
6.64	349.23
6.65	349.23	587.33
6.66	349.23	587.33
6.67	349.23	587.33
6.68	349.23	587.33
6.69	349.23	587.33
6.70	349.23	587.33
6.71	349.23
6.72	349.23
6.73	349.23
6.74	349.23
6.75	349.23
6.76	349.23
6.77	349.23
6.78	349.23
6.79	349.23	587.33
6.80	349.23	587.33
6.81	349.23	587.33
6.82	349.23	587.33
6.83	349.23	587.33
6.84	349.23	587.33
6.85	349.23	587.33
6.86	349.23	587.33
6.87	349.23	587.33
6.88	349.23	587.33
6.89	349.23	587.33
6.90	349.23	587.33
6.91	349.23	587.33
6.92	349.23
6.93	349.23
6.94	349.23
6.95	349.23	587.33
6.96	349.23	587.33
6.97	349.23	587.33
6.98	349.23	587.33
6.99	349.23	587.33
7.00	349.23	587.33
7.01	349.23	587.33
7.02	349.23	587.33
7.03	349.23	587.33
7.04	349.23
7.05	349.23
7.06	349.23
7.07	349.23
7.08	349.23
7.09	349.23
7.10	349.23
7.11	349.23
7.12	349.23
7.13	349.23
7.14	349.23
7.15	349.23
7.16	349.23
7.17	349.23
7.18	349.23
7.19	349.23
7.20	349.23
7.21	349.23
7.22	349.23
7.23	349.23
7.24	349.23
7.25	349.23
7.26	349.23
7.27	349.23
7.28	349.23
7.29	349.23
7.30	349.23
7.31	349.23
7.32	349.23
7.33	349.23
7.34	349.23
7.35	349.23
7.36	349.23
7.37	349.23	932.33
7.38	349.23	932.33
7.39	349.23	932.33
7.40	349.23	932.33
7.41	349.23	587.33	932.33
7.42	349.23	587.33	932.33
7.43	349.23	587.33	932.33
7.44	349.23	587.33	932.33
7.45	349.23	587.33	932.33
7.46	349.23	587.33	932.33
7.47	349.23	587.33	932.33
7.48	349.23	587.33	932.33
7.49	349.23	587.33	932.33
7.50	349.23	587.33	932.33
7.51	349.23	587.33	932.33
7.52	349.23	587.33	932.33
7.53	349.23	932.33
7.54	349.23	932.33
7.55	349.23	932.33
7.56	349.23	932.33
7.57	349.23	932.33
7.58	349.23	932.33
7.59	349.23
7.60	349.23
7.61	349.23
7.62	349.23	932.33
7.63	349.23	932.33
7.64	932.33
7.65	932.33
7.66	932.33
7.67	349.23	622.25	932.33
7.68	349.23	622.25	932.33
7.69	349.23	622.25
7.70	349.23	622.25
7.71	349.23	587.33	622.25
7.72	349.23	587.33	622.25
7.73	349.23	587.33	622.25
7.74	349.23	587.33	622.25
7.75	349.23	587.33	622.25
7.76	349.23	587.33
7.77	349.23	587.33
7.78	587.33
7.79	587.33
7.80	587.33
7.81	311.13	587.33
7.82	311.13	587.33
7.83	311.13
7.84	311.13
7.85	311.13
7.86	311.13
7.87	311.13
7.88	311.13
7.89	311.13
7.90	311.13
7.91	311.13
7.92	311.13
7.93	311.13
7.94	311.13
7.95	311.13
7.96	311.13
7.97	311.13	830.61
7.98	311.13	830.61
7.99	311.13	830.61
8.00	311.13	830.61
8.01	311.13	830.61
8.02	311.13	830.61
8.03	311.13	830.61
8.04	311.13	830.61
8.05	311.13	830.61
8.06	311.13	830.61
8.07	311.13	830.61
8.08	311.13	830.61
8.09	311.13	830.61
8.10	311.13	830.61
8.11	311.13	830.61
8.12	311.13	830.61
8.13	311.13	830.61
8.14	311.13	830.61
8.15	311.13	830.61
8.16	311.13	830.61
8.17	311.13	830.61
8.18	830.61
8.19	830.61
8.20	830.61
8.21	830.61
8.22	311.13	830.61
8.23	311.13	830.61
8.24	311.13	830.61
8.25	311.13	830.61
8.26	311.13	830.61
8.27	311.13	830.61
8.28	311.13	830.61
8.29	311.13	830.61
8.30	311.13	830.61
8.31	311.13	830.61
8.32	311.13	830.61
8.33	311.13	830.61
8.34	311.13	830.61
8.35	311.13	830.61
8.36	311.13	830.61
8.37	311.13	830.61
8.38	311.13	830.61
8.39	311.13	830.61
8.40	311.13	830.61
8.41	311.13	830.61
8.42	311.13	830.61
8.43	311.13	659.26	830.61
8.44	311.13	659.26	830.61
8.45	311.13	659.26	830.61
8.46	311.13	659.26	830.61
8.47	311.13	659.26	830.61
8.48	311.13	659.26	830.61
8.49	311.13	659.26	830.61
8.50	311.13	659.26	830.61
8.51	311.13	659.26	830.61
8.52	311.13	830.61
8.53	311.13	830.61
8.54	311.13	830.61
8.55	311.13	830.61
8.56	311.13	830.61
8.57	659.26	830.61
8.58	659.26	830.61
8.59	659.26	830.61
8.60	659.26	830.61
8.61	659.26	830.61
8.62	659.26	830.61
8.63	659.26	830.61
8.64	659.26	830.61
8.65	659.26	830.61
8.66	830.61
8.67	830.61
8.68	830.61
8.69	830.61
8.70	830.61
8.71	311.13	830.61
8.72	311.13	830.61
8.73	311.13	830.61
8.74	311.13	830.61
8.75	311.13	830.61
8.76	311.13	659.26	830.61
8.77	311.13	659.26	830.61
8.78	659.26	830.61
8.79	659.26	830.61
8.80	659.26	830.61
8.81	659.26	830.61
8.82	659.26	830.61
8.83	659.26	830.61
8.84	659.26	830.61
8.85	830.61
8.86	830.61
8.87	830.61
8.88	830.61
8.89	830.61
8.90	830.61
8.91	830.61
8.92	659.26	830.61
8.93	659.26	830.61
8.94	659.26	830.61
8.95	659.26	830.61
8.96	659.26
8.97	659.26
8.98	659.26
8.99
9.00
9.01
9.02
9.03
9.04
9.05
9.06	659.26
9.07	659.26
9.08	659.26
9.09	659.26
9.10	659.26
9.11	659.26
9.12	659.26
9.13	659.26
9.14	659.26
9.15	659.26
9.16	659.26
9.17	659.26
9.18	659.26
9.19	659.26
9.20	659.26
9.21	659.26
9.22	659.26
9.23	659.26
9.24	659.26
9.25	659.26
9.26	659.26
9.27	659.26
9.28	659.26
9.29	659.26
9.30	659.26
9.31	659.26
9.32	659.26
9.33	659.26
9.34	659.26
9.35	659.26
9.36	659.26
9.37	659.26
9.38	659.26
9.39	659.26
9.40	659.26
9.41	659.26
9.42	659.26
9.43	659.26
9.44	659.26
9.45	659.26
9.46	659.26
9.47	659.26
9.48
9.49
9.50	311.13
9.51	311.13
9.52	311.13
9.53	311.13
9.54	311.13
9.55	311.13
9.56	311.13
9.57	311.13
9.58	311.13
9.59	311.13
9.60	311.13
9.61
9.62
9.63
9.64
9.65
9.66
9.67
9.68
9.69	659.26
9.70	659.26
9.71	659.26
9.72	659.26
9.73	659.26
9.74	659.26
9.75	659.26
9.76	659.26
9.77	659.26
9.78
9.79
9.80
9.81
9.82
9.83
9.84
9.85
9.86
9.87
9.88
9.89
9.90
9.91
9.92
9.93
9.94
9.95
9.96
9.97	349.23
9.98	349.23
9.99	349.23
10.00	349.23
10.01	349.23
10.02	349.23
10.03
10.04
10.05
10.06
10.07
10.08
10.09
10.10
10.11
10.12
10.13
10.14
10.15
10.16
10.17
10.18
10.19
10.20
10.21
10.22
10.23
10.24
10.25
10.26
10.27
10.28
10.29
10.30
10.31
10.32
10.33
10.34
10.35
10.36
10.37
10.38
10.39
10.40
10.41
10.42
10.43	392.00
10.44	392.00
10.45	392.00
10.46	392.00
10.47	392.00
10.48	392.00
10.49	392.00
10.50	392.00
10.51	392.00
10.52	392.00
10.53	392.00
10.54	392.00
10.55	392.00
10.56	392.00
10.57	392.00
10.58	392.00
10.59	392.00
10.60	392.00
10.61	392.00
10.62	392.00
10.63	392.00
10.64	392.00
10.65	392.00
10.66	392.00
10.67	392.00
10.68	392.00
10.69	392.00
10.70	392.00
10.71	392.00
10.72	392.00
10.73
10.74
10.75
10.76
10.77
10.78	392.00
10.79	392.00
10.80	392.00
10.81	392.00
10.82	392.00
10.83	392.00
10.84	392.00
10.85	392.00
10.86	392.00
10.87	392.00
10.88	392.00
10.89	392.00
10.90	392.00
10.91	392.00
10.92	392.00
10.93	392.00
10.94	392.00
10.95	392.00
10.96	392.00
10.97	392.00
10.98	392.00
10.99	392.00
11.00	392.00
11.01	392.00
11.02	392.00
11.03	392.00
11.04	392.00
11.05	392.00
11.06	392.00
11.07	392.00
11.08	392.00
11.09	392.00
11.10	392.00
11.11	392.00
11.12	392.00
11.13	392.00
11.14	392.00
11.15	392.00
11.16	392.00
11.17	392.00
11.18	392.00
11.19	392.00
11.20	392.00
11.21	392.00
11.22	392.00
11.23	392.00
11.24	392.00
11.25	392.00
11.26	392.00
11.27	392.00
11.28	392.00
11.29	392.00
11.30	392.00
11.31	392.00
11.32	392.00
11.33
11.34
11.35
11.36
11.37
11.38
11.39
11.40
11.41	392.00
11.42	392.00
11.43	392.00
11.44	392.00
11.45	392.00
11.46	392.00
11.47	392.00
11.48	392.00
11.49	392.00
11.50
11.51
11.52	392.00
11.53	392.00
11.54	392.00
11.55	392.00
11.56	392.00
11.57	392.00
11.58	392.00
11.59	392.00
11.60	392.00
11.61	392.00
11.62	392.00
11.63	392.00
11.64	392.00
11.65	392.00
11.66	392.00
11.67	392.00
11.68	392.00
11.69	392.00
11.70	392.00
11.71	392.00
11.72	392.00
11.73	77.78	392.00
11.74	77.78	392.00
11.75	77.78
11.76	77.78
11.77	77.78
11.78	77.78
11.79	77.78
11.80	77.78
11.81	77.78
11.82	77.78
11.83	77.78
11.84	77.78
11.85	77.78	392.00
11.86	77.78	392.00
11.87	77.78	392.00
11.88	77.78	392.00
11.89	77.78	392.00
11.90	77.78	392.00
11.91	77.78	392.00
11.92	77.78	392.00
11.93	77.78	392.00
11.94	77.78	392.00
11.95	77.78	392.00
11.96	77.78	392.00
11.97	77.78	392.00
11.98	77.78	392.00
11.99	77.78	392.00
12.00	77.78	392.00
12.01	77.78	392.00
12.02	77.78	392.00
12.03	77.78	392.00
12.04	77.78	392.00
12.05	77.78	392.00
12.06	77.78	392.00
12.07	77.78	392.00
12.08	77.78	392.00
12.09	77.78	392.00
12.10	77.78	392.00
12.11	77.78	392.00
12.12	392.00
12.13	392.00
12.14	392.00
12.15	392.00
12.16	392.00
12.17	392.00
12.18	392.00
12.19	392.00
12.20	392.00
12.21	392.00
12.22	392.00
12.23	392.00
12.24	392.00
12.25	392.00
12.26	392.00
12.27	392.00
12.28	392.00
12.29	392.00
12.30	392.00
12.31
12.32
12.33
12.34
12.35
12.36
12.37
12.38
12.39
12.40
12.41
12.42
12.43
12.44
12.45
12.46
12.47
12.48
12.49
12.50
12.51
12.52
12.53
12.54	415.30
12.55	415.30
12.56	415.30
12.57	415.30
12.58	415.30
12.59	415.30
12.60	415.30
12.61	415.30
12.62	415.30
12.63	415.30
12.64	415.30
12.65	415.30
12.66	207.65	415.30
12.67	207.65	415.30
12.68	138.59	207.65
12.69	138.59	207.65
12.70	138.59	207.65
12.71	138.59	207.65
12.72	138.59	207.65
12.73	138.59	207.65	415.30
12.74	138.59	207.65	415.30
12.75	207.65	415.30
12.76	207.65	415.30
12.77	207.65	415.30
12.78	207.65	415.30
12.79	207.65	415.30
12.80	207.65	415.30
12.81	207.65	415.30
12.82	207.65	415.30
12.83	207.65	415.30
12.84	207.65
12.85	207.65
12.86	207.65
12.87	207.65
12.88	207.65
12.89	207.65
12.90	207.65
12.91	207.65
12.92	207.65	415.30
12.93	207.65	415.30
12.94	207.65	415.30
12.95	207.65	415.30
12.96	415.30
12.97	415.30
12.98	415.30
12.99	415.30
13.00	415.30
13.01	415.30
13.02	415.30
13.03	207.65	415.30
13.04	207.65	415.30
13.05	207.65	415.30
13.06	207.65	415.30
13.07	207.65	415.30
13.08	207.65	415.30
13.09	207.65	415.30
13.10	207.65	415.30
13.11	207.65	415.30
13.12	207.65	415.30
13.13	207.65	415.30
13.14	207.65	415.30
13.15	138.59	207.65	415.30
13.16	138.59	207.65	415.30
13.17	138.59	207.65
13.18	138.59	207.65
13.19	138.59	207.65
13.20	138.59	207.65
13.21	138.59	207.65
13.22	138.59	207.65
13.23	138.59	207.65
13.24	207.65
13.25	207.65
13.26	207.65
13.27	207.65
13.28	207.65
13.29	207.65	415.30
13.30	207.65	415.30
13.31	415.30
13.32	415.30
13.33	415.30
13.34	415.30
13.35	415.30
13.36	415.30
13.37	415.30
13.38	415.30
13.39	415.30
13.40	415.30
13.41	415.30
13.42	415.30
13.43	415.30
13.44	415.30
13.45	415.30
13.46	415.30
13.47
13.48
13.49
13.50
13.51
13.52	415.30
13.53	415.30
13.54	415.30
13.55	415.30
13.56	415.30
13.57	415.30
13.58	415.30
13.59	415.30
13.60	415.30
13.61	415.30
13.62	415.30
13.63	415.30
13.64	415.30
13.65	415.30
13.66	415.30
13.67	415.30
13.68	415.30
13.69	415.30
13.70	207.65	415.30
13.71	207.65	415.30
13.72	207.65	415.30
13.73	207.65	415.30
13.74	207.65	415.30
13.75	207.65
13.76	207.65
13.77	207.65	415.30
13.78	207.65	415.30
13.79	207.65	415.30
13.80	207.65	415.30
13.81	207.65	415.30
13.82	415.30
13.83	415.30
13.84	415.30
13.85	415.30
13.86	415.30
13.87	207.65	415.30
13.88	207.65	415.30
13.89	207.65	415.30
13.90	207.65	415.30
13.91	207.65	415.30
13.92	207.65	415.30
13.93	207.65
13.94	207.65	440.00
13.95	207.65	440.00
13.96	207.65	440.00
13.97	207.65	440.00
13.98	207.65	440.00
13.99	207.65	440.00
14.00	207.65	440.00
14.01	207.65	415.30	440.00
14.02	207.65	415.30	440.00
14.03	207.65	415.30
14.04	207.65	415.30
14.05	207.65	415.30
14.06	207.65	415.30
14.07	415.30
14.08	415.30	440.00
14.09	415.30	440.00
14.10	415.30	440.00
14.11	415.30	440.00
14.12	415.30	440.00
14.13	415.30	440.00
14.14	415.30	440.00
14.15	415.30	440.00
14.16	415.30	440.00
14.17	415.30	440.00
14.18	415.30	440.00
14.19	415.30	440.00
14.20	415.30	440.00
14.21	415.30
14.22	415.30
14.23	415.30
14.24	415.30
14.25	415.30
14.26	415.30
14.27	415.30
14.28	415.30
14.29	415.30	440.00
14.30	415.30	440.00
14.31	415.30	440.00
14.32	415.30	440.00
14.33	415.30	440.00
14.34	415.30	440.00
14.35	415.30	440.00
14.36	415.30	440.00
14.37	415.30	440.00
14.38	415.30	440.00
14.39	415.30	440.00
14.40	415.30	440.00
14.41	415.30	440.00
14.42	415.30	440.00
14.43	415.30	440.00
14.44	415.30	440.00
14.45	415.30	440.00
14.46	415.30	440.00
14.47
14.48
14.49
14.50
14.51
14.52
14.53
14.54
14.55
14.56
14.57
14.58
14.59
14.60
14.61
14.62
14.63
14.64
14.65
14.66
14.67
14.68
14.69
14.70
14.71
14.72
14.73
14.74
14.75
14.76
14.77
14.78
14.79
14.80
14.81
14.82
14.83
14.84
14.85
14.86
14.87
14.88
14.89
14.90
14.91
14.92
14.93
14.94
14.95
14.96
14.97
14.98	523.25
14.99	523.25
15.00	523.25
15.01	523.25
15.02	523.25
15.03	523.25
15.04	523.25
15.05	523.25
15.06	523.25
15.07	349.23
15.08	349.23
15.09	349.23
15.10	349.23
15.11	349.23
15.12	349.23
15.13	349.23
15.14	523.25
15.15	523.25
15.16	523.25
15.17	523.25
15.18	523.25
15.19	523.25
15.20	523.25
15.21	523.25
15.22	523.25
15.23	523.25
15.24	349.23	523.25
15.25	349.23	523.25
15.26	349.23	523.25
15.27	349.23	523.25
15.28	349.23	523.25
15.29	349.23	523.25
15.30	349.23	523.25
15.31	349.23	523.25
15.32	349.23	523.25
15.33	349.23	523.25
15.34	349.23	523.25
15.35	349.23	523.25
15.36	349.23	523.25
15.37	349.23	523.25
15.38	349.23	523.25
15.39	349.23	523.25
15.40	349.23	523.25
15.41	349.23	523.25
15.42	349.23
15.43	349.23
15.44	349.23
15.45	349.23
15.46	349.23
15.47	349.23	523.25
15.48	349.23	523.25
15.49	349.23	523.25
15.50	349.23	523.25
15.51	349.23	523.25
15.52	349.23	523.25
15.53	349.23	523.25
15.54	349.23	523.25
15.55	349.23	523.25
15.56	349.23
15.57	349.23
15.58
15.59	523.25
15.60	523.25
15.61	523.25
15.62	523.25
15.63	523.25
15.64	523.25
15.65	523.25
15.66	349.23	523.25
15.67	349.23	523.25
15.68	349.23	523.25
15.69	349.23	523.25
15.70	349.23	523.25
15.71	349.23	523.25
15.72	523.25
15.73	523.25
15.74	523.25
15.75	523.25
15.76	523.25
15.77	523.25
15.78	523.25
15.79	523.25
15.80	523.25
15.81	523.25
15.82	523.25
15.83	523.25
15.84	523.25
15.85	523.25
15.86	523.25	830.61
15.87	523.25	830.61
15.88	523.25	830.61
15.89	523.25	830.61
15.90	523.25	830.61
15.91	523.25	830.61
15.92	523.25	830.61
15.93	523.25	830.61
15.94	523.25	830.61
15.95	523.25	830.61
15.96	523.25	830.61
15.97	523.25	830.61
15.98	523.25	830.61
15.99	523.25	830.61
16.00	523.25	830.61
16.01	523.25	830.61
16.02	523.25	830.61
16.03	523.25	830.61
16.04	523.25	830.61
16.05	523.25	830.61
16.06	523.25	830.61
16.07	523.25	830.61
16.08	523.25	830.61
16.09	523.25	830.61
16.10	523.25	830.61
16.11	523.25	830.61
16.12	523.25	830.61
16.13	523.25	830.61
16.14	523.25	830.61
16.15	523.25	830.61
16.16	523.25	830.61
16.17	523.25	830.61
16.18	523.25	830.61
16.19	349.23	523.25	830.61
16.20	349.23	523.25	830.61
16.21	349.23	523.25	830.61
16.22	349.23	523.25	830.61
16.23	349.23	523.25	830.61
16.24	349.23	523.25	830.61
16.25	349.23	523.25	830.61
16.26	349.23	523.25	830.61
16.27	349.23	523.25	830.61
16.28	349.23	523.25	830.61
16.29	349.23	523.25	830.61
16.30	349.23	523.25	830.61
16.31	349.23	523.25	830.61
16.32	349.23	523.25	830.61
16.33	349.23	523.25	830.61
16.34	349.23	523.25	830.61
16.35	349.23	523.25	830.61
16.36	349.23	523.25	830.61
16.37	349.23	523.25	830.61
16.38	349.23	523.25	830.61
16.39	349.23	523.25	830.61
16.40	349.23	830.61
16.41	349.23	830.61
16.42	349.23	830.61
16.43	349.23	830.61
16.44	349.23	523.25	830.61
16.45	349.23	523.25	830.61
16.46	523.25	830.61
16.47	523.25	830.61
16.48	523.25	830.61
16.49	349.23	523.25	554.37	830.61
16.50	349.23	523.25	554.37	830.61
16.51	349.23	523.25	554.37	830.61
16.52	349.23	523.25	554.37	830.61
16.53	349.23	523.25	554.37	830.61
16.54	349.23	523.25	554.37	830.61
16.55	349.23	523.25	554.37	830.61
16.56	349.23	523.25	830.61
16.57	349.23	523.25	830.61
16.58	349.23	523.25	554.37	830.61
16.59	349.23	523.25	554.37	830.61
16.60	523.25	554.37	830.61
16.61	523.25	554.37	830.61
16.62	523.25	554.37	830.61
16.63	523.25	554.37	830.61
16.64	523.25	554.37	830.61
16.65	554.37	830.61
16.66	554.37	830.61
16.67	554.37	830.61
16.68	554.37	830.61
16.69	554.37	830.61
16.70	554.37	830.61
16.71	554.37	830.61
16.72	554.37
16.73	554.37
16.74	554.37
16.75	554.37
16.76	554.37
16.77	311.13	554.37
16.78	311.13	554.37
16.79	311.13
16.80	311.13
16.81	311.13
16.82	311.13
16.83	311.13
16.84	311.13	554.37
16.85	311.13	554.37
16.86	311.13	554.37
16.87	311.13	554.37
16.88	311.13	554.37
16.89	311.13	554.37
16.90	311.13	554.37
16.91	311.13	554.37	739.99
16.92	311.13	554.37	739.99
16.93	311.13	554.37	739.99
16.94	311.13	554.37	739.99
16.95	311.13	554.37	739.99
16.96	311.13	554.37	739.99
16.97	311.13	554.37	739.99
16.98	311.13	554.37	739.99
16.99	311.13	554.37	739.99
17.00	311.13	554.37	739.99
17.01	311.13	554.37	739.99
17.02	311.13	554.37	739.99
17.03	311.13	554.37	739.99
17.04	311.13	554.37	739.99
17.05	311.13	554.37	739.99
17.06	311.13	554.37	739.99
17.07	311.13	554.37	739.99
17.08	311.13	554.37	739.99
17.09	311.13	554.37	739.99
17.10	311.13	554.37	739.99
17.11	311.13	554.37	739.99
17.12	311.13	554.37	739.99
17.13	311.13	554.37	739.99
17.14	311.13	554.37	739.99
17.15	311.13	554.37	739.99
17.16	311.13	554.37	739.99
17.17	311.13	554.37	739.99
17.18	311.13	554.37	739.99
17.19	311.13	554.37	739.99
17.20	311.13	554.37	739.99
17.21	311.13	554.37	739.99
17.22	311.13	554.37	739.99
17.23	311.13	554.37	739.99
17.24	311.13	554.37	739.99
17.25	311.13	554.37	739.99
17.26	311.13	554.37	739.99
17.27	311.13	554.37	739.99
17.28	311.13	554.37	739.99
17.29	311.13	554.37	739.99
17.30	311.13	554.37	739.99
17.31	311.13	554.37	739.99
17.32	311.13	554.37	739.99
17.33	311.13	554.37	739.99
17.34	311.13	554.37	739.99
17.35	311.13	554.37
17.36	311.13	554.37
17.37	311.13	554.37
17.38	311.13	554.37
17.39	311.13	554.37
17.40	311.13	554.37	739.99
17.41	311.13	554.37	739.99
17.42	311.13	554.37	739.99
17.43	311.13	554.37	739.99
17.44	311.13	554.37	739.99
17.45	311.13	554.37	739.99
17.46	311.13	554.37	739.99
17.47	311.13	554.37	739.99
17.48	311.13	554.37	739.99
17.49	311.13	554.37	739.99
17.50	311.13	554.37	739.99
17.51	311.13	554.37	739.99
17.52	311.13	554.37	739.99
17.53	311.13	554.37
17.54	311.13	554.37
17.55	311.13	554.37
17.56	311.13	554.37
17.57	311.13	554.37
17.58	311.13	554.37
17.59	311.13	554.37
17.60	311.13	554.37
17.61	311.13	554.37
17.62	311.13	554.37
17.63	311.13	554.37
17.64	311.13	554.37
17.65	554.37
17.66	554.37
17.67	554.37
17.68	554.37
17.69	554.37
17.70	554.37
17.71	554.37
17.72	554.37
17.73	554.37
17.74
17.75
17.76
17.77
17.78
17.79	277.18
17.80	277.18
17.81	277.18
17.82	277.18
17.83	277.18
17.84	277.18	554.37
17.85	277.18	554.37
17.86	277.18	554.37
17.87	277.18	554.37
17.88	277.18	554.37
17.89	277.18	554.37
17.90	277.18	554.37
17.91	277.18	554.37
17.92	277.18	554.37
17.93	277.18	554.37
17.94	277.18	554.37
17.95	554.37
17.96	554.37
17.97	554.37
17.98	554.37
17.99	554.37
18.00	277.18	554.37
18.01	277.18	554.37
18.02	277.18	554.37
18.03	277.18	554.37
18.04	277.18	554.37
18.05	277.18	554.37
18.06	277.18	554.37
18.07	277.18	554.37
18.08	277.18	554.37
18.09	277.18	554.37
18.10	277.18	554.37
18.11	554.37
18.12	554.37
18.13	554.37
18.14	554.37
18.15	554.37
18.16	554.37
18.17	554.37
18.18	554.37
18.19	554.37
18.20	554.37
18.21	554.37
18.22	554.37
18.23	554.37
18.24	554.37
18.25	554.37
18.26	554.37
18.27	554.37
18.28	554.37
18.29	554.37
18.30	554.37
18.31	554.37
18.32	554.37
18.33	554.37
18.34	554.37
18.35	554.37
18.36	554.37
18.37	277.18	554.37
18.38	277.18	554.37
18.39	277.18
18.40	277.18
18.41	277.18
18.42	277.18
18.43	277.18
18.44	277.18
18.45	277.18
18.46	277.18
18.47	277.18
18.48	277.18
18.49	277.18
18.50	277.18
18.51	277.18
18.52	277.18
18.53	277.18
18.54	277.18
18.55	277.18
18.56	277.18
18.57	277.18
18.58	277.18
18.59	277.18
18.60	277.18
18.61	277.18
18.62
18.63
18.64
18.65
18.66
18.67
18.68
18.69
18.70	277.18
18.71	277.18
18.72	277.18
18.73	277.18
18.74	277.18
18.75	277.18
18.76	277.18
18.77	277.18
18.78	277.18
18.79	277.18
18.80	277.18
18.81	277.18
18.82	277.18
18.83	277.18
18.84	277.18
18.85	277.18
18.86	277.18
18.87	277.18
18.88	277.18
18.89	277.18
18.90	277.18
18.91	277.18
18.92	277.18
18.93	277.18
18.94	277.18
18.95	277.18
18.96	277.18
18.97
18.98
18.99
19.00
19.01
19.02
19.03
19.04
19.05
19.06
19.07
19.08
19.09	349.23
19.10	349.23
19.11	349.23
19.12	349.23
19.13	349.23
19.14	349.23
19.15	349.23
19.16	349.23
19.17	349.23
19.18
19.19
19.20
19.21
19.22
19.23
19.24
19.25
19.26
19.27
19.28
19.29
19.30
19.31
19.32
19.33
19.34
19.35	349.23
19.36	349.23
19.37	349.23
19.38	349.23
19.39	349.23
19.40	349.23
19.41	349.23
19.42	349.23
19.43	349.23
19.44	349.23
19.45	349.23
19.46
19.47
19.48
19.49
19.50
19.51	466.16
19.52	466.16
19.53	349.23	466.16
19.54	349.23	466.16
19.55	349.23	466.16
19.56	349.23	466.16
19.57	349.23	466.16
19.58	349.23	466.16
19.59	349.23	466.16
19.60	349.23
19.61	349.23
19.62
19.63
19.64
19.65	349.23	466.16
19.66	349.23	466.16
19.67	349.23	466.16
19.68	349.23	466.16
19.69	349.23	466.16
19.70	349.23	466.16
19.71	349.23	466.16
19.72	349.23	466.16
19.73	349.23	466.16
19.74	466.16
19.75	466.16
19.76	466.16
19.77	466.16
19.78	466.16
19.79
19.80
19.81
19.82
19.83	349.23
19.84	349.23
19.85	349.23
19.86	349.23
19.87	349.23
19.88	349.23
19.89	349.23
19.90	349.23
19.91	349.23
19.92	349.23
19.93	349.23
19.94	349.23
19.95	349.23
19.96	349.23
19.97	349.23
19.98	349.23
19.99
20.00	369.99
20.01	369.99
20.02	369.99
20.03	369.99
20.04	349.23	369.99	554.37
20.05	349.23	369.99	554.37
20.06	349.23	554.37
20.07	349.23	554.37
20.08	349.23	554.37
20.09	349.23	554.37
20.10	349.23	554.37
20.11
20.12
20.13
20.14	554.37
20.15	554.37
20.16	174.61	554.37
20.17	174.61	554.37
20.18	174.61	554.37
20.19	174.61	554.37
20.20	174.61
20.21	174.61
20.22	174.61
20.23	174.61
20.24	174.61
20.25	174.61	554.37
20.26	174.61	554.37
20.27	174.61	554.37
20.28	174.61	554.37
20.29	174.61	554.37
20.30	349.23	554.37
20.31	349.23	554.37
20.32	349.23	554.37
20.33	349.23	554.37
20.34	349.23	554.37
20.35	349.23	554.37
20.36	349.23	554.37
20.37	349.23	554.37
20.38	349.23	554.37
20.39	554.37
20.40	554.37
20.41	554.37
20.42	554.37
20.43	554.37
20.44	349.23	554.37
20.45	349.23	554.37
20.46	349.23	554.37
20.47	349.23	554.37
20.48	349.23	554.37
20.49	349.23	554.37
20.50	349.23	554.37
20.51	349.23	554.37
20.52	349.23	554.37
20.53	554.37
20.54	554.37
20.55	554.37
20.56	554.37
20.57	554.37
20.58	349.23	554.37
20.59	349.23	554.37
20.60	349.23	554.37
20.61	349.23	554.37
20.62	349.23	554.37
20.63	349.23	554.37
20.64	349.23	554.37
20.65	349.23	554.37
20.66	349.23	554.37
20.67	349.23	554.37
20.68	349.23	554.37
20.69	349.23	554.37
20.70	349.23	554.37
20.71	349.23	554.37
20.72	349.23	554.37
20.73	349.23	554.37
20.74	349.23	554.37
20.75	349.23	554.37
20.76	349.23	369.99	554.37
20.77	349.23	369.99	554.37
20.78	369.99	554.37
20.79	369.99	554.37
20.80	369.99	554.37
20.81	369.99	554.37
20.82	369.99	554.37
20.83	369.99	554.37
20.84	369.99	554.37
20.85	369.99	554.37
20.86	369.99	554.37
20.87	369.99	554.37
20.88	369.99
20.89	369.99
20.90	369.99
20.91	369.99
20.92	369.99
20.93	185.00	369.99
20.94	185.00	369.99
20.95	185.00	369.99
20.96	185.00	369.99
20.97	185.00	369.99
20.98	185.00	369.99
20.99	185.00	369.99
21.00	185.00	369.99
21.01	185.00	369.99
21.02	185.00	369.99	493.88
21.03	185.00	369.99	493.88
21.04	185.00	369.99	493.88
21.05	185.00	369.99	493.88
21.06	185.00	369.99	493.88
21.07	185.00	369.99	493.88
21.08	185.00	369.99	493.88
21.09	369.99	493.88
21.10	369.99	493.88
21.11	369.99	493.88
21.12	369.99	493.88
21.13	369.99	493.88
21.14	185.00	369.99	493.88
21.15	185.00	369.99	493.88
21.16	185.00	369.99	830.61
21.17	185.00	369.99	830.61
21.18	185.00	369.99	830.61
21.19	185.00	369.99	830.61
21.20	185.00	369.99	830.61
21.21	185.00	369.99	830.61
21.22	185.00	369.99
21.23	185.00	369.99
21.24	185.00	369.99
21.25	185.00	369.99	830.61
21.26	185.00	369.99	830.61
21.27	185.00	369.99	830.61
21.28	185.00	369.99	830.61
21.29	369.99	830.61
21.30	369.99	830.61
21.31	369.99	830.61
21.32	369.99	830.61
21.33	369.99	830.61
21.34	185.00	369.99	493.88	830.61
21.35	185.00	369.99	493.88	830.61
21.36	185.00	369.99	493.88	830.61
21.37	185.00	369.99	493.88	830.61
21.38	185.00	369.99	493.88	830.61
21.39	185.00	369.99	493.88	830.61
21.40	185.00	369.99	493.88	830.61
21.41	185.00	493.88	830.61
21.42	185.00	493.88	830.61
21.43	185.00	493.88	830.61
21.44	185.00	493.88	830.61
21.45	185.00	493.88	830.61
21.46	369.99	493.88	830.61
21.47	369.99	493.88	830.61
21.48	185.00	369.99	493.88	830.61
21.49	185.00	369.99	493.88	830.61
21.50	185.00	369.99	493.88	830.61
21.51	185.00	369.99	493.88	830.61
21.52	185.00	369.99	493.88	830.61
21.53	185.00	369.99	493.88	830.61
21.54	185.00	369.99	493.88	830.61
21.55	185.00	369.99	493.88	830.61
21.56	185.00	369.99	493.88	830.61
21.57	185.00	369.99	493.88	830.61
21.58	185.00	369.99	493.88	830.61
21.59	185.00	369.99	493.88	830.61
21.60	185.00	369.99	830.61
21.61	185.00	369.99	830.61
21.62	185.00	369.99	493.88	830.61
21.63	185.00	369.99	493.88	830.61
21.64	185.00	369.99	493.88	830.61
21.65	185.00	369.99	493.88	830.61
21.66	185.00	369.99	493.88	830.61
21.67	185.00	369.99	493.88	830.61
21.68	185.00	369.99	493.88	830.61
21.69	185.00	369.99	493.88	830.61
21.70	185.00	369.99	493.88	830.61
21.71	185.00	369.99	493.88	830.61
21.72	185.00	369.99	493.88	830.61
21.73	185.00	369.99	493.88	830.61
21.74	185.00	493.88	830.61
21.75	185.00	493.88	830.61
21.76	185.00	493.88	830.61
21.77	185.00	493.88	830.61
21.78	185.00	493.88	830.61
21.79	185.00	369.99	493.88	830.61
21.80	185.00	369.99	493.88	830.61
21.81	185.00	369.99	493.88	830.61
21.82	185.00	369.99	493.88	830.61
21.83	185.00	369.99	493.88	830.61
21.84	185.00	369.99	493.88	830.61
21.85	185.00	369.99	493.88	830.61
21.86	185.00	369.99	493.88	830.61
21.87	185.00	369.99	493.88	830.61
21.88	185.00	369.99	830.61
21.89	185.00	369.99	830.61
21.90	185.00	369.99	830.61
21.91	185.00	369.99	830.61
21.92	369.99	830.61
21.93	369.99	830.61
21.94	369.99
21.95	369.99
21.96	369.99
21.97	185.00
21.98	185.00
21.99	185.00
22.00	185.00
22.01	185.00
22.02	185.00	369.99
22.03	185.00	369.99
22.04	185.00	369.99
22.05	185.00	369.99
22.06	185.00	369.99	466.16
22.07	185.00	369.99	466.16
22.08	185.00	369.99	466.16
22.09	185.00	369.99	466.16
22.10	185.00	369.99	466.16
22.11	185.00	369.99	466.16
22.12	185.00	369.99	466.16
22.13	369.99
22.14	369.99
22.15	369.99
22.16	369.99
22.17	369.99
22.18	369.99
22.19	369.99
22.20	369.99
22.21	369.99
22.22	369.99
22.23	369.99
22.24	369.99
22.25	369.99
22.26	369.99
22.27	369.99
22.28	369.99
22.29	369.99
22.30	369.99
22.31	369.99
22.32	185.00	369.99
22.33	185.00	369.99
22.34	185.00	369.99
22.35	185.00	369.99
22.36	185.00	369.99
22.37	185.00	369.99
22.38	185.00	369.99
22.39	69.30	185.00	369.99
22.40	69.30	185.00	369.99
22.41	69.30	185.00	369.99
22.42	69.30	185.00	369.99
22.43	69.30	185.00	369.99
22.44	69.30	185.00	369.99
22.45	69.30	185.00	369.99
22.46	69.30	369.99
22.47	69.30	369.99
22.48	369.99
22.49	369.99
22.50	369.99
22.51	369.99
22.52	369.99
22.53	369.99
22.54	369.99
22.55	369.99
22.56	369.99
22.57	185.00	369.99
22.58	185.00	369.99
22.59	185.00	369.99
22.60	185.00	369.99
22.61	185.00	369.99
22.62	69.30	185.00	369.99
22.63	69.30	185.00	369.99
22.64	69.30	185.00	369.99
22.65	69.30	185.00	369.99
22.66	69.30	185.00	369.99
22.67	69.30	185.00	369.99
22.68	69.30	185.00	369.99
22.69	69.30	185.00	369.99
22.70	69.30	185.00	369.99
22.71	69.30	185.00	369.99
22.72	69.30	185.00	369.99
22.73	69.30	185.00	369.99
22.74	69.30	185.00	369.99
22.75	69.30	185.00	369.99
22.76	69.30	369.99
22.77	69.30	369.99
22.78	69.30	369.99
22.79	69.30	369.99
22.80	69.30	369.99
22.81	69.30	369.99	392.00
22.82	69.30	369.99	392.00
22.83	69.30	369.99	392.00
22.84	69.30	369.99	392.00
22.85	69.30	369.99	392.00
22.86	69.30	369.99	392.00
22.87	69.30	369.99	392.00
22.88	69.30	369.99	392.00
22.89	69.30	369.99	392.00
22.90	69.30	369.99
22.91	69.30	369.99
22.92	69.30	369.99
22.93	69.30	369.99
22.94	69.30	369.99
22.95	69.30	369.99
22.96	69.30	369.99
22.97	69.30	138.59	369.99
22.98	69.30	138.59	369.99
22.99	138.59	369.99
23.00	138.59	369.99
23.01	138.59	369.99
23.02	138.59	369.99
23.03	138.59	369.99
23.04	138.59	369.99
23.05	138.59	369.99
23.06	138.59	369.99	830.61
23.07	138.59	369.99	830.61
23.08	138.59	369.99	830.61
23.09	138.59	369.99	830.61
23.10	138.59	369.99	830.61
23.11	69.30	369.99	830.61
23.12	69.30	369.99	830.61
23.13	69.30	415.30	830.61
23.14	69.30	415.30	830.61
23.15	69.30	415.30	830.61
23.16	69.30	415.30	830.61
23.17	69.30	415.30	830.61
23.18	69.30	415.30	830.61
23.19	69.30	415.30	830.61
23.20	415.30	830.61
23.21	415.30	830.61
23.22	369.99	830.61
23.23	369.99	830.61
23.24	369.99	830.61
23.25	369.99	830.61
23.26	369.99	830.61
23.27	369.99	830.61
23.28	369.99	830.61
23.29	87.31	415.30	830.61
23.30	87.31	415.30	830.61
23.31	87.31	415.30	830.61
23.32	87.31	415.30	830.61
23.33	87.31	415.30	830.61
23.34	87.31	415.30	830.61
23.35	87.31	415.30	830.61
23.36	87.31	415.30	830.61
23.37	87.31	415.30	830.61
23.38	87.31	415.30	830.61
23.39	87.31	349.23	415.30	830.61
23.40	87.31	349.23	415.30	830.61
23.41	87.31	349.23	415.30	830.61
23.42	87.31	349.23	415.30	830.61
23.43	87.31	349.23	415.30	830.61
23.44	87.31	349.23	415.30	830.61
23.45	87.31	349.23	415.30	830.61
23.46	87.31	349.23	415.30	830.61
23.47	87.31	349.23	415.30	830.61
23.48	87.31	415.30
23.49	87.31	415.30
23.50	87.31	415.30
23.51	87.31	415.30
23.52	87.31	415.30
23.53	87.31	415.30
23.54	87.31	415.30
23.55	87.31	415.30
23.56	87.31	415.30
23.57	87.31	415.30
23.58	87.31	415.30
23.59	87.31	415.30
23.60	87.31	415.30
23.61	87.31	415.30
23.62	87.31	415.30
23.63	87.31	415.30
23.64	87.31	174.61	415.30
23.65	87.31	174.61	415.30
23.66	87.31	174.61	415.30
23.67	87.31	174.61	415.30
23.68	87.31	174.61	415.30
23.69	87.31	174.61	415.30	830.61
23.70	87.31	174.61	415.30	830.61
23.71	87.31	174.61	415.30	830.61
23.72	87.31	174.61	415.30	830.61
23.73	87.31	174.61	415.30	830.61
23.74	87.31	174.61	415.30	830.61
23.75	87.31	174.61	415.30	830.61
23.76	87.31	174.61	415.30	830.61
23.77	87.31	174.61	415.30	830.61
23.78	87.31	174.61	415.30	830.61
23.79	87.31	174.61	415.30	830.61
23.80	87.31	415.30	830.61
23.81	87.31	415.30	830.61
23.82	87.31	415.30	830.61
23.83	87.31	415.30	830.61
23.84	87.31	415.30	830.61
23.85	87.31	415.30	830.61
23.86	87.31	415.30	830.61
23.87	87.31	415.30	830.61
23.88	87.31	415.30	830.61
23.89	87.31	415.30	830.61
23.90	87.31	415.30	830.61
23.91	87.31	415.30	830.61
23.92	87.31	415.30	830.61
23.93	87.31	415.30	830.61
23.94	87.31	415.30	830.61
23.95	87.31	415.30	830.61
23.96	87.31	415.30	830.61
23.97	87.31	415.30	830.61
23.98	87.31	415.30	830.61
23.99	87.31	830.61
24.00	87.31	830.61
24.01	87.31	830.61
24.02	87.31	830.61
24.03	87.31	830.61
24.04	87.31	830.61
24.05	87.31	830.61
24.06	87.31	830.61
24.07	87.31	830.61
24.08	87.31	830.61
24.09	87.31	830.61
24.10	87.31	830.61
24.11	87.31	830.61
24.12	87.31	830.61
24.13	87.31	830.61
24.14	87.31	830.61
24.15	87.31	277.18	830.61
24.16	87.31	277.18	830.61
24.17	87.31	277.18	830.61
24.18	87.31	277.18	830.61
24.19	87.31	277.18	830.61
24.20	87.31	277.18	830.61
24.21	87.31	277.18	830.61
24.22	87.31	277.18	830.61
24.23	87.31	277.18	830.61
24.24	87.31	830.61
24.25	87.31	830.61
24.26	87.31	830.61
24.27	87.31	830.61
24.28	87.31	830.61
24.29	87.31	277.18	830.61
24.30	87.31	277.18	830.61
24.31	87.31	277.18	830.61
24.32	87.31	277.18	830.61
24.33	87.31	277.18	830.61
24.34	87.31	277.18	830.61
24.35	87.31	277.18	830.61
24.36	87.31	277.18	830.61
24.37	87.31	277.18	830.61
24.38	87.31	277.18
24.39	87.31	277.18
24.40	87.31	277.18
24.41	87.31	277.18	830.61
24.42	87.31	277.18	830.61
24.43	87.31	277.18	830.61
24.44	87.31	277.18	830.61
24.45	87.31	277.18	830.61
24.46	87.31	277.18	830.61
24.47	87.31	277.18	830.61
24.48	87.31	277.18	830.61
24.49	87.31	277.18	830.61
24.50	87.31	277.18	830.61
24.51	87.31	277.18	830.61
24.52	87.31	277.18	830.61
24.53	87.31	277.18	830.61
24.54	87.31	277.18	830.61
24.55	87.31	277.18
24.56	87.31	277.18
24.57	87.31	277.18
24.58	87.31	277.18
24.59	87.31	277.18
24.60	87.31	277.18
24.61	87.31	277.18
24.62	87.31	277.18	830.61
24.63	87.31	277.18	830.61
24.64	87.31	277.18	830.61
24.65	87.31	277.18	830.61
24.66	87.31	277.18	830.61
24.67	87.31	277.18	830.61
24.68	87.31	277.18	830.61
24.69	87.31	277.18	830.61
24.70	87.31	277.18	830.61
24.71	87.31	277.18	830.61
24.72	87.31	277.18	830.61
24.73	87.31	277.18	830.61
24.74	87.31	277.18	830.61
24.75	87.31	277.18	830.61
24.76	87.31	277.18	830.61
24.77	87.31	277.18	830.61
24.78	87.31	277.18	830.61
24.79	87.31	277.18	830.61
24.80	87.31	277.18	830.61
24.81	87.31	277.18	830.61
24.82	87.31	277.18	830.61
24.83	87.31	92.50	277.18	830.61
24.84	87.31	92.50	277.18	830.61
24.85	87.31	92.50	277.18	415.30	830.61
24.86	87.31	92.50	277.18	415.30	830.61
24.87	87.31	92.50	277.18	415.30	830.61
24.88	87.31	92.50	277.18	415.30	830.61
24.89	87.31	92.50	277.18	415.30
24.90	87.31	92.50	277.18	415.30
24.91	87.31	92.50	277.18	415.30
24.92	87.31	92.50	277.18	415.30	830.61
24.93	87.31	92.50	277.18	415.30	830.61
24.94	87.31	92.50	277.18	830.61
24.95	87.31	92.50	277.18	830.61
24.96	87.31	92.50	277.18	830.61
24.97	87.31	92.50	277.18	830.61
24.98	87.31	92.50	277.18	830.61
24.99	87.31	92.50	277.18	830.61
25.00	87.31	92.50	277.18	830.61
25.01	87.31	92.50	277.18	830.61
25.02	87.31	92.50	277.18	830.61
25.03	87.31	92.50	277.18	830.61
25.04	87.31	92.50	277.18	830.61
25.05	87.31	92.50	277.18	830.61
25.06	87.31	92.50	277.18	830.61
25.07	87.31	92.50	277.18	830.61
25.08	87.31	92.50	277.18
25.09	87.31	92.50	277.18
25.10	87.31	92.50	277.18
25.11	87.31	92.50	277.18	415.30
25.12	87.31	92.50	277.18	415.30
25.13	87.31	92.50	277.18	415.30
25.14	87.31	92.50	277.18	415.30
25.15	87.31	92.50	277.18	415.30
25.16	87.31	92.50	277.18	415.30
25.17	87.31	92.50	277.18	415.30
25.18	87.31	92.50	138.59	277.18	415.30
25.19	87.31	92.50	138.59	277.18	415.30
25.20	87.31	92.50	138.59	277.18
25.21	87.31	92.50	138.59	277.18
25.22	87.31	92.50	138.59	277.18
25.23	87.31	92.50	138.59	277.18
25.24	87.31	92.50	138.59	277.18
25.25	87.31	92.50	138.59	277.18
25.26	87.31	92.50	138.59	277.18
25.27	87.31	92.50	138.59	277.18
25.28	87.31	92.50	138.59	277.18
25.29	87.31	92.50	277.18
25.30	87.31	92.50	277.18
25.31	87.31	92.50	277.18
25.32	87.31	92.50	277.18
25.33	87.31	92.50	277.18
25.34	87.31	92.50	277.18
25.35	87.31	92.50	277.18
25.36	92.50	277.18
25.37	92.50	277.18
25.38	92.50	185.00	277.18
25.39	92.50	185.00	277.18
25.40	92.50	185.00	277.18
25.41	92.50	185.00	277.18
25.42	92.50	185.00	277.18
25.43	92.50	185.00	277.18
25.44	92.50	185.00	277.18
25.45	92.50	185.00	277.18	466.16
25.46	92.50	185.00	277.18	466.16
25.47	92.50	277.18	466.16
25.48	92.50	277.18	466.16
25.49	92.50	277.18	466.16
25.50	92.50	98.00	277.18	415.30	466.16
25.51	92.50	98.00	277.18	415.30	466.16
25.52	92.50	98.00	277.18	415.30
25.53	92.50	98.00	277.18	415.30
25.54	92.50	98.00	277.18	415.30
25.55	92.50	98.00	277.18	415.30
25.56	92.50	98.00	277.18	415.30
25.57	92.50	98.00	277.18	415.30
25.58	92.50	98.00	277.18	415.30
25.59	92.50	98.00	277.18	415.30
25.60	92.50	98.00	277.18	415.30
25.61	92.50	98.00	277.18	415.30
25.62	92.50	98.00	277.18	415.30
25.63	92.50	98.00	277.18	415.30
25.64	92.50	277.18	415.30	554.37
25.65	92.50	277.18	415.30	554.37
25.66	92.50	277.18	554.37
25.67	92.50	277.18	554.37
25.68	92.50	277.18	554.37
25.69	92.50	277.18	554.37
25.70	92.50	277.18	554.37
25.71	92.50	277.18	554.37
25.72	92.50	277.18	554.37
25.73	92.50	98.00	277.18	554.37
25.74	92.50	98.00	277.18	554.37
25.75	92.50	98.00	277.18
25.76	92.50	98.00	277.18	466.16
25.77	92.50	98.00	277.18	466.16
25.78	92.50	98.00	277.18	466.16
25.79	92.50	98.00	277.18	466.16
25.80	92.50	98.00	277.18	466.16	493.88
25.81	92.50	98.00	277.18	466.16	493.88
25.82	92.50	277.18	466.16	493.88
25.83	92.50	277.18	466.16	493.88
25.84	92.50	277.18	466.16	493.88
25.85	92.50	246.94	493.88
25.86	92.50	246.94	493.88
25.87	92.50	246.94	493.88
25.88	92.50	246.94	493.88
25.89	92.50	246.94	493.88
25.90	92.50	98.00	246.94	493.88
25.91	92.50	98.00	246.94	493.88
25.92	92.50	98.00	246.94
25.93	92.50	98.00	246.94
25.94	92.50	98.00	246.94	277.18
25.95	92.50	98.00	246.94	277.18
25.96	92.50	98.00	246.94	277.18
25.97	92.50	98.00	246.94	277.18
25.98	92.50	98.00	246.94	277.18
25.99	92.50	98.00	246.94	277.18	493.88
26.00	92.50	98.00	246.94	277.18	493.88
26.01	92.50	98.00	246.94	277.18	493.88
26.02	92.50	98.00	246.94	277.18	493.88
26.03	92.50	246.94	277.18	493.88	2349.32
26.04	92.50	246.94	277.18	493.88	2349.32
26.05	92.50	246.94	493.88	2349.32
26.06	92.50	246.94	493.88	2349.32
26.07	92.50	246.94	493.88	2349.32
26.08	92.50	246.94	293.66	493.88	739.99	2349.32
26.09	92.50	246.94	293.66	493.88	739.99	2349.32
26.10	92.50	246.94	293.66	493.88	739.99	2349.32
26.11	92.50	246.94	293.66	493.88	739.99	2349.32
26.12	92.50	246.94	293.66	493.88	739.99
26.13	92.50	246.94	277.18	293.66	493.88	739.99
26.14	92.50	246.94	277.18	293.66	493.88	739.99
26.15	92.50	246.94	277.18	293.66	493.88
26.16	92.50	246.94	277.18	293.66	493.88
26.17	92.50	246.94	277.18	493.88
26.18	92.50	246.94	277.18	493.88
26.19	92.50	246.94	277.18	493.88
26.20	92.50	246.94	277.18	493.88
26.21	92.50	246.94	277.18	493.88
26.22	92.50	493.88
26.23	92.50	493.88
26.24	92.50	493.88
26.25	92.50	493.88
26.26	92.50	493.88
26.27	92.50	493.88	932.33
26.28	92.50	493.88	932.33
26.29	92.50	932.33
26.30	92.50	932.33
26.31	92.50	98.00	932.33
26.32	92.50	98.00	932.33
26.33	92.50	98.00	932.33
26.34	92.50	98.00	392.00	932.33
26.35	92.50	98.00	392.00	932.33
26.36	92.50	98.00	392.00	932.33
26.37	92.50	98.00	392.00	932.33
26.38	92.50	98.00	392.00	932.33
26.39	92.50	98.00	392.00	932.33
26.40	92.50	932.33
26.41	77.78	92.50	369.99	932.33
26.42	77.78	92.50	369.99	932.33
26.43	77.78	92.50	369.99	932.33
26.44	77.78	92.50	369.99	932.33
26.45	77.78	369.99	932.33
26.46	77.78	369.99	932.33
26.47	77.78	932.33
26.48	77.78	932.33
26.49	77.78	932.33
26.50	77.78	932.33
26.51	77.78	932.33
26.52	77.78	92.50	369.99	932.33
26.53	77.78	92.50	369.99	932.33
26.54	77.78	92.50	369.99	932.33
26.55	77.78	92.50	369.99	392.00	932.33
26.56	77.78	92.50	369.99	392.00	932.33
26.57	77.78	92.50	369.99	392.00	932.33
26.58	77.78	92.50	369.99	392.00	932.33
26.59	77.78	92.50	369.99	392.00	932.33
26.60	77.78	92.50	369.99	392.00	932.33
26.61	77.78	369.99	392.00	932.33
26.62	77.78	369.99	392.00	932.33
26.63	77.78	369.99	392.00	932.33
26.64	77.78	369.99	932.33
26.65	77.78	369.99	932.33
26.66	77.78	369.99	392.00	932.33
26.67	77.78	369.99	392.00	932.33
26.68	77.78	369.99	392.00	932.33
26.69	77.78	369.99	392.00	932.33
26.70	77.78	369.99	392.00	932.33
26.71	77.78	369.99	392.00	932.33
26.72	77.78	369.99	392.00	932.33
26.73	77.78	369.99	392.00	932.33
26.74	77.78	369.99	392.00	932.33
26.75	77.78	369.99	392.00	932.33
26.76	77.78	369.99	392.00	932.33
26.77	77.78	369.99	392.00	932.33
26.78	77.78	369.99	392.00	932.33
26.79	77.78	369.99	392.00	932.33
26.80	77.78	392.00	932.33
26.81	77.78	392.00	932.33
26.82	77.78	392.00	932.33
26.83	77.78	392.00	932.33
26.84	77.78	392.00	932.33
26.85	77.78	155.56	392.00	932.33
26.86	77.78	155.56	392.00	932.33
26.87	77.78	155.56	392.00	932.33
26.88	77.78	155.56	392.00	932.33
26.89	77.78	155.56	392.00
26.90	77.78	155.56	392.00
26.91	77.78	155.56	392.00
26.92	77.78	155.56	392.00
26.93	77.78	155.56	392.00
26.94	77.78	155.56	392.00
26.95	77.78	155.56	392.00
26.96	77.78	392.00
26.97	77.78	392.00
26.98	77.78	392.00
26.99	77.78	392.00	466.16
27.00	77.78	392.00	466.16
27.01	77.78	392.00	466.16
27.02	77.78	392.00	466.16
27.03	77.78	392.00	466.16
27.04	77.78	392.00	466.16
27.05	77.78	392.00	466.16
27.06	77.78	392.00	466.16	932.33
27.07	77.78	392.00	466.16	932.33
27.08	77.78	392.00	932.33
27.09	77.78	392.00	932.33
27.10	77.78	392.00	466.16	932.33
27.11	77.78	392.00	466.16	932.33
27.12	77.78	392.00	466.16
27.13	77.78	233.08	392.00	466.16
27.14	77.78	233.08	392.00	466.16
27.15	77.78	233.08	392.00	466.16
27.16	77.78	233.08	392.00	466.16
27.17	77.78	233.08	392.00	466.16
27.18	77.78	233.08	392.00	466.16
27.19	77.78	233.08	392.00
27.20	77.78	233.08	392.00
27.21	77.78	233.08	392.00
27.22	77.78	392.00	466.16	932.33
27.23	77.78	392.00	466.16	932.33
27.24	77.78	82.41	392.00	466.16	932.33
27.25	77.78	82.41	392.00	466.16	932.33
27.26	77.78	82.41	392.00	466.16	932.33
27.27	77.78	82.41	392.00	466.16	932.33
27.28	77.78	82.41	392.00	466.16	932.33
27.29	77.78	82.41	392.00	932.33
27.30	77.78	82.41	392.00	932.33
27.31	77.78	82.41	392.00	932.33
27.32	77.78	82.41	392.00	932.33
27.33	77.78	82.41	392.00	932.33
27.34	77.78	82.41	392.00	932.33
27.35	77.78	82.41	392.00	932.33
27.36	77.78	82.41	196.00	392.00	932.33
27.37	77.78	82.41	196.00	392.00	932.33
27.38	77.78	82.41	196.00	392.00	932.33
27.39	77.78	82.41	196.00	392.00	932.33
27.40	77.78	196.00	392.00
27.41	77.78	196.00	392.00
27.42	77.78	196.00	392.00
27.43	77.78	196.00	392.00
27.44	77.78	196.00	392.00
27.45	77.78	98.00	196.00	392.00	932.33
27.46	77.78	98.00	196.00	392.00	932.33
27.47	77.78	98.00	196.00	392.00	932.33
27.48	77.78	98.00	196.00	392.00	932.33
27.49	98.00	196.00	392.00	932.33
27.50	98.00	196.00	392.00	415.30	932.33
27.51	98.00	196.00	392.00	415.30	932.33
27.52	98.00	392.00	415.30	932.33	1864.66
27.53	98.00	392.00	415.30	932.33	1864.66
27.54	98.00	233.08	392.00	415.30	1864.66
27.55	98.00	233.08	392.00	415.30	1864.66
27.56	98.00	233.08	392.00	1864.66
27.57	98.00	233.08	392.00	1864.66
27.58	98.00	233.08	392.00	1864.66
27.59	98.00	233.08	392.00
27.60	98.00	233.08	392.00
27.61	98.00	392.00
27.62	98.00	392.00
27.63	98.00	392.00
27.64	98.00	392.00
27.65	98.00	392.00
27.66	98.00	392.00	466.16
27.67	98.00	392.00	466.16
27.68	98.00	392.00	466.16
27.69	98.00	392.00	466.16
27.70	98.00	392.00	466.16
27.71	98.00	392.00	466.16
27.72	98.00	392.00	466.16
27.73	98.00	392.00	466.16
27.74	98.00	392.00	466.16
27.75	98.00	392.00	466.16
27.76	98.00	392.00	466.16
27.77	98.00	392.00
27.78	98.00	392.00
27.79	98.00	392.00
27.80	98.00	103.83	392.00
27.81	98.00	103.83	392.00
27.82	103.83	392.00	932.33
27.83	103.83	392.00	932.33
27.84	103.83	392.00	932.33
27.85	98.00	103.83	392.00	466.16	932.33
27.86	98.00	103.83	392.00	466.16	932.33
27.87	98.00	103.83	392.00	466.16	932.33
27.88	98.00	103.83	392.00	466.16	932.33
27.89	98.00	196.00	392.00	466.16	932.33
27.90	98.00	196.00	392.00	466.16	932.33
27.91	98.00	196.00	392.00
27.92	98.00	196.00	392.00
27.93	98.00	196.00	392.00
27.94	98.00	196.00	392.00	932.33
27.95	98.00	196.00	392.00	932.33
27.96	98.00	196.00	392.00	932.33
27.97	98.00	196.00	392.00	932.33
27.98	196.00	392.00	932.33
27.99	103.83	196.00	392.00	932.33
28.00	103.83	196.00	392.00	932.33
28.01	103.83	392.00
28.02	103.83	392.00
28.03	103.83	392.00
28.04	103.83	392.00
28.05	98.00	103.83	392.00
28.06	98.00	103.83	392.00
28.07	98.00	103.83	392.00
28.08	98.00	103.83	392.00
28.09	98.00	103.83	392.00
28.10	98.00	103.83	392.00
28.11	98.00	103.83	392.00
28.12	98.00	392.00	466.16	932.33
28.13	98.00	392.00	466.16	932.33
28.14	392.00	466.16	932.33
28.15	392.00	466.16	932.33
28.16	392.00	466.16	932.33
28.17	103.83	392.00	466.16	932.33
28.18	103.83	392.00	466.16	932.33
28.19	103.83	392.00	466.16	932.33
28.20	103.83	392.00	466.16	932.33
28.21	103.83	392.00
28.22	103.83	392.00
28.23	103.83	392.00
28.24	98.00	103.83	392.00
28.25	98.00	103.83	392.00
28.26	98.00	103.83
28.27	98.00	103.83
28.28	98.00	103.83
28.29	98.00	103.83	466.16
28.30	98.00	103.83	466.16
28.31	98.00	103.83	466.16
28.32	98.00	103.83	466.16
28.33	103.83	311.13	466.16
28.34	103.83	311.13	466.16
28.35	103.83	311.13
28.36	103.83	311.13
28.37	103.83	311.13
28.38	103.83	196.00	311.13
28.39	103.83	196.00	311.13
28.40	103.83	196.00	311.13
28.41	103.83	196.00	311.13
28.42	103.83	196.00	311.13
28.43	103.83	196.00	311.13
28.44	103.83	196.00	311.13
28.45	103.83	196.00	311.13
28.46	103.83	196.00	311.13
28.47	103.83	196.00	311.13
28.48	103.83	196.00	311.13
28.49	196.00	311.13
28.50	196.00	311.13
28.51	196.00	311.13
28.52	196.00	311.13
28.53	196.00	311.13
28.54	196.00	207.65	311.13
28.55	196.00	207.65	311.13
28.56	196.00	207.65	311.13
28.57	196.00	207.65	311.13
28.58	196.00	207.65	311.13
28.59	196.00	207.65	311.13	392.00
28.60	196.00	207.65	311.13	392.00
28.61	196.00	207.65	311.13	392.00
28.62	196.00	207.65	311.13	392.00
28.63	196.00	207.65	311.13	392.00
28.64	196.00	207.65	311.13	392.00
28.65	196.00	207.65	311.13	392.00
28.66	207.65	311.13	392.00	932.33	987.77
28.67	207.65	311.13	392.00	932.33	987.77
28.68	207.65	311.13	392.00	932.33	987.77
28.69	207.65	311.13	392.00	932.33	987.77
28.70	311.13	932.33	987.77
28.71	311.13	932.33	987.77
28.72	311.13	932.33
28.73	311.13	932.33
28.74	311.13	932.33
28.75	103.83	311.13	932.33
28.76	103.83	311.13	932.33
28.77	103.83	311.13	932.33
28.78	103.83	311.13	932.33
28.79	103.83	311.13	932.33
28.80	103.83	311.13	932.33
28.81	103.83	311.13	932.33
28.82	103.83	311.13	932.33
28.83	103.83	311.13	932.33
28.84	98.00	103.83	311.13	932.33
28.85	98.00	103.83	311.13	932.33
28.86	98.00	103.83	311.13	932.33
28.87	98.00	103.83	311.13	932.33
28.88	98.00	103.83	311.13	932.33
28.89	98.00	103.83	311.13	932.33
28.90	98.00	103.83	311.13	932.33
28.91	98.00	103.83	311.13	932.33
28.92	98.00	103.83	311.13	932.33
28.93	103.83	311.13	932.33
28.94	103.83	311.13	932.33
28.95	103.83	311.13	932.33
28.96	98.00	103.83	311.13
28.97	98.00	103.83	311.13
28.98	98.00	103.83	311.13
28.99	98.00	103.83	311.13
29.00	98.00	103.83	311.13
29.01	98.00	103.83	311.13
29.02	98.00	103.83	311.13
29.03	98.00	103.83	311.13
29.04	98.00	103.83	311.13
29.05	98.00	103.83	311.13	392.00	932.33
29.06	98.00	103.83	311.13	392.00	932.33
29.07	98.00	103.83	311.13	392.00	932.33
29.08	98.00	103.83	311.13	392.00	932.33
29.09	98.00	103.83	311.13	392.00	932.33
29.10	98.00	103.83	311.13	392.00	932.33
29.11	98.00	103.83	311.13	392.00	932.33
29.12	98.00	103.83	311.13	392.00	932.33
29.13	98.00	103.83	311.13	392.00	932.33
29.14	98.00	103.83	311.13	392.00	932.33
29.15	98.00	103.83	311.13	392.00	932.33
29.16	98.00	103.83	311.13	392.00	932.33
29.17	98.00	311.13	932.33	1864.66
29.18	98.00	311.13	932.33	1864.66
29.19	98.00	311.13	1864.66
29.20	98.00	311.13	1864.66
29.21	98.00	311.13	1864.66
29.22	98.00	311.13	1864.66
29.23	98.00	311.13	1864.66
29.24	98.00	311.13
29.25	98.00	311.13
29.26	98.00	103.83	311.13
29.27	98.00	103.83	311.13
29.28	98.00	103.83	311.13
29.29	98.00	103.83	311.13
29.30	98.00	103.83	311.13
29.31	98.00	103.83	311.13
29.32	98.00	103.83	311.13
29.33	98.00	103.83	311.13
29.34	98.00	103.83	311.13
29.35	98.00	103.83	311.13
29.36	98.00	103.83	311.13
29.37	98.00	103.83	311.13
29.38	98.00	103.83	311.13
29.39	98.00	103.83	311.13
29.40	103.83	311.13
29.41	103.83	311.13
29.42	103.83	311.13
29.43	103.83	311.13
29.44	103.83
29.45	103.83
29.46	103.83
29.47	103.83	110.00
29.48	103.83	110.00
29.49	103.83	110.00	311.13
29.50	103.83	110.00	311.13
29.51	103.83	110.00	311.13
29.52	103.83	110.00	311.13
29.53	103.83	110.00	311.13
29.54	103.83	110.00	311.13	523.25
29.55	103.83	110.00	311.13	523.25
29.56	103.83	110.00	311.13	523.25
29.57	103.83	110.00	311.13	523.25
29.58	103.83	110.00	311.13	523.25
29.59	103.83	110.00	311.13	523.25
29.60	103.83	110.00	311.13	523.25
29.61	103.83	110.00	311.13	523.25
29.62	103.83	110.00	311.13	523.25
29.63	103.83	110.00	311.13	523.25
29.64	103.83	110.00	311.13	523.25
29.65	103.83	110.00	311.13	523.25
29.66	103.83	110.00	311.13	523.25
29.67	103.83	110.00	311.13	523.25
29.68	103.83	110.00	311.13	523.25
29.69	103.83	110.00	311.13	523.25
29.70	103.83	110.00	311.13	523.25
29.71	103.83	110.00	311.13	523.25
29.72	103.83	110.00	311.13
29.73	103.83	110.00	311.13
29.74	103.83	110.00	311.13
29.75	103.83	110.00	311.13	523.25
29.76	103.83	110.00	311.13	523.25
29.77	103.83	110.00	311.13	523.25
29.78	103.83	110.00	311.13	523.25
29.79	103.83	110.00	311.13	523.25
29.80	103.83	110.00	311.13	523.25	1046.50
29.81	103.83	110.00	311.13	523.25	1046.50
29.82	103.83	110.00	277.18	311.13	523.25	1046.50
29.83	103.83	110.00	277.18	311.13	523.25	1046.50
29.84	103.83	110.00	277.18	311.13	523.25	1046.50
29.85	103.83	110.00	277.18	311.13	523.25	1046.50
29.86	103.83	110.00	277.18	311.13	1046.50
29.87	103.83	110.00	277.18	311.13	1046.50
29.88	103.83	110.00	277.18	311.13	1046.50
29.89	103.83	110.00	277.18	311.13	1046.50
29.90	103.83	110.00	277.18	311.13	1046.50
29.91	103.83	110.00	207.65	277.18	311.13	523.25	1046.50
29.92	103.83	110.00	207.65	277.18	311.13	523.25	1046.50
29.93	103.83	110.00	207.65	277.18	311.13	523.25	1046.50
29.94	103.83	110.00	207.65	277.18	311.13	523.25	1046.50
29.95	103.83	110.00	207.65	277.18	311.13	523.25	1046.50
29.96	103.83	207.65	277.18	523.25	1046.50
29.97	103.83	207.65	277.18	523.25	1046.50
29.98	103.83	277.18	523.25	1046.50
29.99	103.83	277.18	523.25	1046.50
30.00	103.83	277.18	523.25
30.01	103.83	110.00	277.18	523.25
30.02	103.83	110.00	277.18	523.25
30.03	103.83	110.00	277.18	523.25
30.04	103.83	110.00	277.18	523.25
30.05	103.83	110.00	277.18	523.25	1046.50
30.06	103.83	110.00	277.18	523.25	1046.50
30.07	103.83	110.00	277.18	293.66	523.25	1046.50
30.08	103.83	110.00	277.18	293.66	523.25	1046.50
30.09	103.83	110.00	277.18	293.66	523.25	1046.50
30.10	103.83	110.00	277.18	293.66	523.25	1046.50
30.11	103.83	110.00	277.18	293.66	523.25	1046.50
30.12	103.83	277.18	293.66	523.25	1046.50
30.13	103.83	277.18	293.66	523.25	1046.50
30.14	103.83	277.18	293.66	523.25	1046.50
30.15	103.83	277.18	293.66	523.25	1046.50
30.16	103.83	277.18	293.66	523.25	1046.50
30.17	103.83	277.18	293.66	311.13	523.25	1046.50
30.18	103.83	277.18	293.66	311.13	523.25	1046.50
30.19	103.83	277.18	293.66	311.13	523.25	1046.50
30.20	103.83	277.18	293.66	311.13	523.25	1046.50
30.21	103.83	277.18	293.66	311.13	523.25
30.22	103.83	277.18	293.66	311.13	523.25
30.23	103.83	277.18	293.66	311.13	523.25
30.24	103.83	110.00	277.18	293.66	311.13	523.25
30.25	103.83	110.00	277.18	293.66	311.13	523.25
30.26	103.83	110.00	277.18	293.66	523.25
30.27	103.83	110.00	277.18	293.66	523.25
30.28	103.83	110.00	277.18	293.66
30.29	103.83	110.00	277.18	293.66
30.30	103.83	110.00	277.18	293.66
30.31	103.83	110.00	277.18	293.66
30.32	103.83	110.00	277.18	293.66
30.33	103.83	110.00	277.18	293.66	1046.50
30.34	103.83	110.00	277.18	293.66	1046.50
30.35	103.83	277.18	293.66	1046.50
30.36	103.83	277.18	293.66	1046.50
30.37	103.83	277.18	1046.50
30.38	103.83	261.63	277.18	1046.50
30.39	103.83	261.63	277.18	1046.50
30.40	103.83	261.63	277.18	1046.50
30.41	103.83	261.63	277.18	1046.50
30.42	92.50	103.83	261.63	277.18	1046.50
30.43	92.50	103.83	261.63	277.18	1046.50
30.44	92.50	103.83	261.63	277.18	1046.50
30.45	92.50	103.83	261.63	277.18	1046.50
30.46	92.50	103.83	261.63	277.18	1046.50
30.47	87.31	92.50	103.83	261.63	277.18	1046.50
30.48	87.31	92.50	103.83	261.63	277.18	1046.50
30.49	87.31	103.83	261.63	277.18	1046.50
30.50	87.31	103.83	261.63	277.18	1046.50
30.51	87.31	103.83	261.63	277.18	1046.50
30.52	87.31	103.83	261.63	277.18	1046.50
30.53	87.31	103.83	261.63	277.18	1046.50
30.54	87.31	103.83	261.63	277.18	1046.50
30.55	87.31	103.83	261.63	277.18	1046.50
30.56	87.31	103.83	261.63	277.18	415.30	1046.50
30.57	87.31	103.83	261.63	277.18	415.30	1046.50
30.58	87.31	103.83	261.63	277.18	415.30	1046.50
30.59	87.31	103.83	261.63	277.18	415.30	1046.50
30.60	87.31	103.83	261.63	277.18	415.30	1046.50
30.61	87.31	92.50	103.83	261.63	277.18	415.30	1046.50
30.62	87.31	92.50	103.83	261.63	277.18	415.30	1046.50
30.63	92.50	103.83	261.63	277.18	415.30	1046.50
30.64	92.50	103.83	261.63	277.18	415.30	1046.50
30.65	92.50	103.83	261.63	277.18	415.30	1046.50
30.66	92.50	103.83	261.63	277.18	415.30	1046.50
30.67	92.50	103.83	261.63	277.18	415.30	1046.50
30.68	92.50	103.83	261.63	277.18	415.30	1046.50
30.69	92.50	103.83	261.63	277.18	415.30	1046.50
30.70	92.50	103.83	261.63	277.18	415.30	523.25	1046.50
30.71	92.50	103.83	261.63	277.18	415.30	523.25	1046.50
30.72	92.50	103.83	277.18	415.30	523.25	1046.50
30.73	92.50	103.83	277.18	415.30	523.25	1046.50
30.74	92.50	103.83	277.18	415.30	523.25	1046.50
30.75	92.50	277.18	415.30	523.25	1046.50
30.76	92.50	277.18	415.30	523.25	1046.50
30.77	87.31	92.50	277.18	415.30	523.25	1046.50
30.78	87.31	92.50	277.18	415.30	523.25	1046.50
30.79	87.31	92.50	277.18	415.30	523.25	1046.50
30.80	87.31	92.50	277.18	415.30	523.25	1046.50
30.81	87.31	92.50	277.18	415.30	523.25	1046.50
30.82	87.31	92.50	277.18	415.30	523.25	1046.50
30.83	87.31	92.50	277.18	415.30	523.25	1046.50
30.84	87.31	92.50	277.18	523.25	1046.50
30.85	87.31	92.50	277.18	523.25	1046.50
30.86	87.31	92.50	277.18	523.25	1046.50
30.87	87.31	92.50	277.18	523.25	1046.50
30.88	87.31	92.50	277.18	523.25	1046.50
30.89	87.31	92.50	277.18	523.25	1046.50
30.90	87.31	92.50	277.18	523.25	1046.50
30.91	87.31	92.50	261.63	277.18	523.25	1046.50
30.92	87.31	92.50	261.63	277.18	523.25	1046.50
30.93	87.31	92.50	220.00	261.63	277.18	523.25	1046.50
30.94	87.31	92.50	220.00	261.63	277.18	523.25	1046.50
30.95	87.31	92.50	220.00	261.63	277.18	1046.50
30.96	87.31	92.50	220.00	261.63	277.18	1046.50
30.97	87.31	92.50	220.00	261.63	277.18	1046.50
30.98	87.31	92.50	220.00	277.18	523.25	1046.50
30.99	87.31	92.50	220.00	277.18	523.25	1046.50
31.00	87.31	92.50	220.00	277.18	523.25	1046.50
31.01	87.31	92.50	220.00	277.18	523.25	1046.50
31.02	87.31	92.50	220.00	277.18	523.25	1046.50
31.03	87.31	92.50	220.00	277.18	440.00	523.25	1046.50
31.04	87.31	92.50	220.00	277.18	440.00	523.25	1046.50
31.05	87.31	92.50	220.00	277.18	440.00	523.25	1046.50
31.06	87.31	92.50	220.00	277.18	440.00	523.25	1046.50
31.07	87.31	92.50	220.00	277.18	440.00	523.25	1046.50
31.08	87.31	92.50	220.00	277.18	440.00	523.25	1046.50
31.09	87.31	92.50	220.00	277.18	440.00	1046.50
31.10	87.31	92.50	220.00	277.18	440.00	1046.50
31.11	87.31	92.50	220.00	277.18	440.00	1046.50
31.12	87.31	92.50	220.00	261.63	277.18	440.00	1046.50
31.13	87.31	92.50	220.00	261.63	277.18	440.00	1046.50
31.14	87.31	92.50	220.00	261.63	277.18	440.00	1046.50
31.15	87.31	92.50	220.00	261.63	277.18	440.00	1046.50
31.16	87.31	92.50	220.00	261.63	1046.50
31.17	87.31	92.50	220.00	261.63	523.25	1046.50	1108.73
31.18	87.31	92.50	220.00	261.63	523.25	1046.50	1108.73
31.19	87.31	92.50	220.00	261.63	523.25	1046.50	1108.73
31.20	87.31	92.50	220.00	261.63	523.25	1046.50	1108.73
31.21	87.31	92.50	220.00	261.63	277.18	523.25	1046.50	1108.73
31.22	87.31	92.50	220.00	261.63	277.18	523.25	1046.50	1108.73
31.23	87.31	92.50	220.00	261.63	277.18	523.25	1046.50
31.24	87.31	92.50	220.00	261.63	277.18	523.25	1046.50
31.25	87.31	92.50	220.00	261.63	277.18	523.25	1046.50
31.26	87.31	92.50	220.00	261.63	277.18	1046.50
31.27	87.31	92.50	220.00	261.63	277.18	1046.50
31.28	87.31	92.50	220.00	261.63	277.18	1046.50
31.29	87.31	92.50	220.00	261.63	277.18	1046.50
31.30	87.31	92.50	220.00	261.63	277.18	1046.50
31.31	87.31	92.50	220.00	261.63	277.18	1046.50
31.32	87.31	92.50	220.00	261.63	277.18	1046.50
31.33	87.31	92.50	220.00	261.63	277.18	1046.50
31.34	87.31	92.50	220.00	261.63	277.18	1046.50
31.35	87.31	92.50	220.00	261.63	277.18	523.25	1046.50
31.36	87.31	92.50	220.00	261.63	277.18	523.25	1046.50
31.37	87.31	92.50	220.00	261.63	277.18	523.25	1046.50
31.38	87.31	92.50	220.00	261.63	277.18	523.25	1046.50
31.39	87.31	92.50	220.00	261.63	277.18	523.25	1046.50
31.40	87.31	92.50	220.00	261.63	277.18	523.25
31.41	87.31	92.50	220.00	261.63	277.18	523.25
31.42	87.31	92.50	220.00	261.63	277.18	523.25	1046.50
31.43	87.31	92.50	220.00	261.63	277.18	523.25	1046.50
31.44	87.31	92.50	220.00	261.63	277.18	1046.50
31.45	87.31	92.50	220.00	261.63	277.18	1046.50
31.46	87.31	220.00	261.63	277.18	1046.50
31.47	87.31	220.00	261.63	277.18	1046.50
31.48	87.31	220.00	261.63	277.18	1046.50
31.49	87.31	220.00	261.63	277.18	1046.50
31.50	87.31	220.00	261.63	277.18	1046.50
31.51	87.31	220.00	261.63	277.18	1046.50
31.52	87.31	220.00	261.63	277.18	1046.50
31.53	87.31	220.00	261.63	277.18	1046.50
31.54	87.31	220.00	261.63	277.18	523.25	1046.50
31.55	87.31	220.00	261.63	277.18	523.25	1046.50
31.56	87.31	220.00	261.63	277.18	523.25	1046.50
31.57	87.31	220.00	261.63	277.18	523.25	1046.50
31.58	87.31	220.00	261.63	277.18	523.25	1046.50
31.59	87.31	220.00	261.63	277.18	523.25	1046.50
31.60	87.31	220.00	261.63	277.18	523.25	1046.50
31.61	87.31	220.00	261.63	277.18	523.25	1046.50
31.62	87.31	220.00	261.63	277.18	523.25	1046.50
31.63	87.31	220.00	261.63	277.18	1046.50
31.64	87.31	220.00	261.63	277.18	1046.50
31.65	87.31	92.50	220.00	261.63	277.18	1046.50
31.66	87.31	92.50	220.00	261.63	277.18	1046.50
31.67	87.31	92.50	220.00	261.63	277.18	1046.50
31.68	87.31	92.50	220.00	261.63	277.18	1046.50
31.69	87.31	92.50	220.00	261.63	277.18	1046.50
31.70	87.31	92.50	220.00	261.63	277.18	1046.50
31.71	87.31	92.50	220.00	261.63	277.18	1046.50
31.72	87.31	92.50	220.00	261.63	277.18	1046.50	1108.73
31.73	87.31	92.50	220.00	261.63	277.18	1046.50	1108.73
31.74	87.31	220.00	261.63	277.18	1046.50	1108.73
31.75	87.31	220.00	261.63	277.18	1046.50	1108.73
31.76	87.31	220.00	261.63	277.18	1046.50	1108.73
31.77	87.31	220.00	261.63	277.18	1046.50	1108.73
31.78	87.31	220.00	261.63	277.18	1046.50	1108.73
31.79	87.31	220.00	261.63	1046.50
31.80	87.31	220.00	261.63	1046.50
31.81	87.31	220.00	261.63	1046.50
31.82	87.31	110.00	220.00	261.63	277.18	1046.50
31.83	87.31	110.00	220.00	261.63	277.18	1046.50
31.84	87.31	110.00	220.00	261.63	277.18	1046.50
31.85	87.31	110.00	220.00	261.63	277.18	1046.50
31.86	87.31	110.00	220.00	261.63	277.18	1046.50
31.87	87.31	110.00	220.00	261.63	277.18	1046.50
31.88	87.31	220.00	261.63	277.18	1046.50
31.89	87.31	116.54	220.00	261.63	277.18	1046.50
31.90	87.31	116.54	220.00	261.63	277.18	1046.50
31.91	87.31	116.54	220.00	261.63	277.18	1046.50
31.92	87.31	116.54	220.00	261.63	277.18	1046.50
31.93	110.00	116.54	220.00	261.63	277.18	1046.50
31.94	110.00	116.54	220.00	261.63	277.18	1046.50
31.95	110.00	116.54	220.00	261.63	277.18	1046.50
31.96	110.00	116.54	220.00	261.63	277.18	1046.50
31.97	110.00	116.54	220.00	261.63	277.18	1046.50
31.98	110.00	116.54	220.00	261.63	277.18	1046.50
31.99	110.00	116.54	220.00	261.63	277.18	1046.50
32.00	110.00	116.54	220.00	261.63	277.18	1046.50
32.01	110.00	116.54	220.00	261.63	277.18	1046.50
32.02	110.00	116.54	220.00	261.63	277.18	1046.50
32.03	110.00	116.54	220.00	261.63	277.18	1046.50
32.04	110.00	116.54	220.00	261.63	277.18	1046.50
32.05	110.00	116.54	220.00	261.63	277.18	1046.50
32.06	110.00	116.54	220.00	261.63	277.18	1046.50
32.07	116.54	220.00	261.63	277.18	1046.50
32.08	116.54	220.00	261.63	277.18	1046.50
32.09	116.54	220.00	261.63	277.18	1046.50
32.10	116.54	220.00	261.63	277.18	1046.50
32.11	116.54	220.00	261.63	277.18	1046.50
32.12	116.54	220.00	261.63	277.18	1046.50
32.13	116.54	220.00	261.63	277.18	1046.50
32.14	116.54	261.63	277.18	1046.50
32.15	116.54	261.63	277.18	1046.50
32.16	116.54	261.63	277.18	1046.50
32.17	116.54	261.63	277.18	1046.50
32.18	116.54	261.63	277.18	1046.50
32.19	116.54	261.63	277.18	1046.50
32.20	116.54	261.63	277.18	1046.50
32.21	116.54	261.63	277.18	1046.50
32.22	116.54	261.63	277.18	1046.50
32.23	116.54	261.63	277.18	1046.50
32.24	116.54	261.63	277.18	1046.50
32.25	116.54	261.63	277.18	1046.50
32.26	116.54	261.63	277.18	1046.50
32.27	116.54	261.63	277.18	1046.50
32.28	116.54	277.18	523.25	1046.50
32.29	116.54	277.18	523.25	1046.50
32.30	116.54	277.18	523.25	1046.50
32.31	116.54	277.18	523.25	1046.50
32.32	116.54	277.18	523.25	1046.50
32.33	116.54	277.18	523.25	1046.50
32.34	116.54	277.18	523.25	1046.50
32.35	116.54	277.18	523.25	1046.50
32.36	116.54	277.18	523.25	1046.50
32.37	116.54	277.18	523.25	1046.50
32.38	116.54	277.18	523.25	1046.50
32.39	116.54	277.18	523.25	1046.50
32.40	110.00	116.54	277.18	523.25	1046.50
32.41	110.00	116.54	277.18	523.25	1046.50
32.42	110.00	116.54	277.18	1046.50
32.43	110.00	116.54	277.18	1046.50
32.44	110.00	116.54	277.18	1046.50
32.45	110.00	116.54	277.18	1046.50
32.46	110.00	116.54	277.18	1046.50
32.47	110.00	116.54	277.18	349.23	1046.50
32.48	110.00	116.54	277.18	349.23	1046.50
32.49	110.00	116.54	261.63	277.18	349.23	1046.50
32.50	110.00	116.54	261.63	277.18	349.23	1046.50
32.51	110.00	116.54	261.63	277.18	349.23	1046.50
32.52	110.00	116.54	261.63	277.18	349.23	1046.50
32.53	110.00	116.54	261.63	277.18	349.23	1046.50
32.54	110.00	116.54	261.63	277.18	349.23	1046.50
32.55	110.00	116.54	261.63	277.18	349.23	1046.50
32.56	116.54	277.18	349.23	1046.50	1108.73
32.57	116.54	277.18	349.23	1046.50	1108.73
32.58	116.54	277.18	349.23	1046.50	1108.73
32.59	116.54	277.18	349.23	1046.50	1108.73
32.60	116.54	277.18	349.23	1046.50	1108.73
32.61	116.54	277.18	349.23	1046.50	1108.73
32.62	116.54	277.18	349.23	1046.50	1108.73
32.63	116.54	349.23	1046.50
32.64	116.54	349.23	1046.50
32.65	116.54	349.23	1046.50
32.66	116.54	349.23	1046.50
32.67	116.54	349.23	1046.50
32.68	110.00	116.54	349.23	1046.50
32.69	110.00	116.54	349.23	1046.50
32.70	110.00	116.54	349.23	1046.50
32.71	110.00	116.54	349.23	1046.50
32.72	110.00	116.54	349.23	1046.50	1108.73
32.73	110.00	116.54	349.23	1046.50	1108.73
32.74	110.00	116.54	349.23	1046.50	1108.73
32.75	110.00	116.54	349.23	1046.50	1108.73
32.76	110.00	116.54	349.23	1046.50	1108.73
32.77	110.00	116.54	349.23	1046.50	1108.73
32.78	110.00	116.54	349.23	1046.50	1108.73
32.79	110.00	116.54	349.23	1046.50	1108.73
32.80	110.00	116.54	349.23	1046.50	1108.73
32.81	110.00	116.54	349.23	1046.50
32.82	110.00	116.54	349.23	1046.50
32.83	110.00	116.54	349.23	1046.50
32.84	110.00	116.54	349.23	1046.50
32.85	110.00	116.54	349.23	1046.50
32.86	116.54	349.23	1046.50
32.87	116.54	349.23	1046.50
32.88	116.54	349.23	1046.50	1108.73
32.89	116.54	349.23	1046.50	1108.73
32.90	116.54	349.23	1046.50	1108.73
32.91	116.54	349.23	1046.50	1108.73
32.92	116.54	349.23	1046.50	1108.73
32.93	116.54	349.23	739.99	1046.50	1108.73
32.94	116.54	349.23	739.99	1046.50	1108.73
32.95	110.00	116.54	349.23	739.99	1046.50	1108.73
32.96	110.00	116.54	349.23	739.99	1046.50	1108.73
32.97	110.00	116.54	349.23	739.99	1046.50	1108.73
32.98	110.00	116.54	349.23	739.99	1046.50	1108.73
32.99	110.00	116.54	349.23	739.99	1046.50	1108.73
33.00	110.00	116.54	349.23	739.99	1046.50	1108.73
33.01	110.00	116.54	349.23	739.99	1046.50	1108.73
33.02	110.00	116.54	349.23	739.99	1046.50	1108.73
33.03	110.00	116.54	349.23	739.99	1046.50	1108.73
33.04	110.00	116.54	349.23	739.99	1046.50
33.05	110.00	116.54	349.23	739.99	1046.50
33.06	110.00	116.54	349.23	739.99	1046.50
33.07	110.00	116.54	349.23	739.99	1046.50
33.08	110.00	116.54	349.23	739.99	1046.50
33.09	110.00	116.54	349.23	1046.50
33.10	110.00	116.54	349.23	1046.50
33.11	110.00	116.54	1046.50
33.12	110.00	116.54	1046.50
33.13	110.00	116.54	1046.50
33.14	110.00	116.54	1046.50
33.15	110.00	116.54	1046.50
33.16	110.00	116.54	739.99	1046.50
33.17	110.00	116.54	739.99	1046.50
33.18	110.00	116.54	739.99	1046.50
33.19	110.00	116.54	739.99	1046.50
33.20	110.00	116.54	739.99	1046.50
33.21	110.00	116.54	349.23	739.99	1046.50	1108.73
33.22	110.00	116.54	349.23	739.99	1046.50	1108.73
33.23	110.00	116.54	349.23	1046.50	1108.73
33.24	110.00	116.54	349.23	1046.50	1108.73
33.25	116.54	349.23	1046.50	1108.73
33.26	116.54	349.23	1046.50	1108.73	2093.00
33.27	116.54	349.23	1046.50	1108.73	2093.00
33.28	116.54	349.23	1046.50	1108.73	2093.00
33.29	116.54	349.23	1046.50	1108.73	2093.00
33.30	116.54	349.23	1046.50	1108.73	2093.00
33.31	116.54	349.23	1046.50	1108.73	2093.00
33.32	116.54	349.23	1046.50	1108.73	2093.00
33.33	116.54	349.23	1046.50	1108.73	2093.00
33.34	116.54	349.23	1046.50	1108.73	2093.00
33.35	116.54	349.23	1046.50	1108.73
33.36	116.54	349.23	1046.50	1108.73
33.37	116.54	349.23	1046.50	1108.73
33.38	116.54	349.23	1046.50	1108.73
33.39	116.54	349.23	1046.50	1108.73
33.40	116.54	349.23	1046.50	1108.73
33.41	116.54	349.23	1046.50	1108.73
33.42	116.54	349.23	1046.50
33.43	116.54	349.23	1046.50
33.44	116.54	349.23	1046.50
33.45	116.54	349.23	1046.50
33.46	116.54	349.23	1046.50
33.47	116.54	349.23	554.37	1046.50	1108.73
33.48	116.54	349.23	554.37	1046.50	1108.73
33.49	116.54	554.37	1046.50	1108.73
33.50	116.54	554.37	1046.50	1108.73
33.51	116.54	554.37	1046.50	1108.73
33.52	116.54	554.37	1046.50	1108.73
33.53	116.54	349.23	554.37	1046.50	1108.73
33.54	116.54	349.23	554.37	1046.50	1108.73
33.55	116.54	349.23	554.37	1046.50
33.56	116.54	349.23	554.37	1046.50
33.57	116.54	349.23	554.37	1046.50
33.58	116.54	349.23	554.37
33.59	116.54	349.23	554.37
33.60	116.54	349.23	554.37
33.61	116.54	349.23	554.37
33.62	116.54	349.23	554.37
33.63	116.54	349.23	554.37	2217.46
33.64	116.54	349.23	554.37	2217.46
33.65	116.54	349.23	554.37	2217.46
33.66	116.54	349.23	554.37	2217.46
33.67	116.54	349.23	554.37	2217.46
33.68	116.54	349.23	554.37	2217.46
33.69	116.54	554.37	2217.46
33.70	116.54	554.37	2217.46
33.71	116.54	554.37	2217.46
33.72	116.54	554.37
33.73	116.54	554.37
33.74	116.54	554.37
33.75	116.54	554.37
33.76	116.54	554.37
33.77	116.54	554.37
33.78	116.54	554.37
33.79	116.54	123.47	554.37
33.80	116.54	123.47	554.37
33.81	116.54	123.47	349.23	554.37	2217.46
33.82	116.54	123.47	349.23	554.37	2217.46
33.83	116.54	123.47	349.23	554.37	2217.46
33.84	116.54	123.47	349.23	554.37	2217.46
33.85	116.54	123.47	349.23	554.37	2217.46
33.86	116.54	123.47	349.23	554.37	2217.46
33.87	116.54	123.47	349.23	554.37	2217.46
33.88	116.54	123.47	349.23	554.37	2217.46
33.89	116.54	123.47	349.23	554.37	2217.46
33.90	116.54	123.47	349.23	554.37
33.91	116.54	123.47	349.23	554.37
33.92	116.54	123.47	349.23	554.37
33.93	116.54	123.47	349.23	554.37	2217.46
33.94	116.54	123.47	349.23	554.37	2217.46
33.95	116.54	123.47	349.23	554.37	2217.46
33.96	116.54	123.47	349.23	554.37	2217.46
33.97	116.54	123.47	554.37	2217.46
33.98	116.54	123.47	311.13	554.37	2217.46
33.99	116.54	123.47	311.13	554.37	2217.46
34.00	116.54	123.47	311.13	554.37	2217.46
34.01	116.54	123.47	311.13	554.37	2217.46
34.02	116.54	123.47	311.13	554.37	2217.46
34.03	116.54	123.47	311.13	554.37	2217.46
34.04	116.54	123.47	311.13	554.37	2217.46
34.05	116.54	123.47	311.13	554.37	2217.46
34.06	116.54	123.47	311.13	554.37	2217.46
34.07	116.54	123.47	311.13	554.37	2217.46
34.08	116.54	123.47	311.13	554.37	2217.46
34.09	116.54	123.47	311.13	554.37	2217.46
34.10	116.54	123.47	311.13	554.37	2217.46
34.11	116.54	123.47	311.13	554.37	2217.46
34.12	116.54	123.47	311.13	554.37	2217.46
34.13	116.54	123.47	311.13	554.37	2217.46
34.14	116.54	123.47	311.13	349.23	554.37	2217.46
34.15	116.54	123.47	311.13	349.23	554.37	2217.46
34.16	116.54	123.47	311.13	349.23	554.37	2217.46
34.17	116.54	123.47	311.13	349.23	554.37	2217.46
34.18	116.54	123.47	311.13	349.23	369.99	554.37	2217.46
34.19	116.54	123.47	311.13	349.23	369.99	554.37	2217.46
34.20	116.54	123.47	311.13	349.23	369.99	554.37
34.21	116.54	123.47	311.13	349.23	369.99	554.37
34.22	116.54	123.47	311.13	349.23	369.99	554.37
34.23	116.54	123.47	311.13	369.99	554.37
34.24	116.54	123.47	311.13	369.99	554.37
34.25	116.54	123.47	311.13	554.37
34.26	116.54	123.47	311.13	554.37
34.27	116.54	123.47	311.13	554.37
34.28	116.54	123.47	311.13	554.37
34.29	116.54	123.47	311.13	554.37
34.30	116.54	123.47	311.13	554.37
34.31	116.54	123.47	311.13	554.37
34.32	116.54	123.47	311.13	554.37
34.33	116.54	123.47	311.13	554.37
34.34	116.54	311.13	554.37
34.35	116.54	311.13	554.37	2217.46
34.36	116.54	311.13	554.37	2217.46
34.37	116.54	311.13	554.37	1108.73	2217.46
34.38	116.54	311.13	554.37	1108.73	2217.46
34.39	116.54	277.18	311.13	554.37	1108.73	2217.46
34.40	116.54	277.18	311.13	554.37	1108.73	2217.46
34.41	116.54	277.18	311.13	554.37	1108.73	2217.46
34.42	116.54	277.18	311.13	554.37	1108.73	2217.46
34.43	116.54	277.18	311.13	554.37	1108.73	2217.46
34.44	116.54	277.18	311.13	554.37	1108.73	2217.46
34.45	116.54	277.18	311.13	554.37	1108.73	2217.46
34.46	116.54	277.18	311.13	1108.73	2217.46
34.47	116.54	277.18	311.13	1108.73	2217.46
34.48	116.54	277.18	311.13	2217.46
34.49	116.54	220.00	277.18	311.13	2217.46
34.50	116.54	220.00	277.18	311.13	2217.46
34.51	116.54	220.00	277.18	311.13	2217.46
34.52	116.54	220.00	277.18	311.13	2217.46
34.53	116.54	220.00	277.18	311.13	2217.46
34.54	116.54	220.00	277.18	311.13	2217.46
34.55	116.54	220.00	277.18	311.13	2217.46
34.56	116.54	220.00	277.18	311.13	2217.46
34.57	116.54	220.00	277.18	311.13	2217.46
34.58	92.50	116.54	220.00	277.18	311.13	1108.73	2217.46
34.59	92.50	116.54	220.00	277.18	311.13	1108.73	2217.46
34.60	92.50	116.54	220.00	277.18	311.13	554.37	1108.73	2217.46
34.61	92.50	116.54	220.00	277.18	311.13	554.37	1108.73	2217.46
34.62	92.50	116.54	220.00	554.37	1108.73	2217.46
34.63	92.50	116.54	220.00	554.37	1108.73	2217.46
34.64	92.50	116.54	220.00	554.37	1108.73	2217.46
34.65	92.50	116.54	220.00	554.37	2217.46
34.66	92.50	116.54	220.00	554.37	2217.46
34.67	92.50	116.54	220.00	277.18	554.37	2217.46
34.68	92.50	116.54	220.00	277.18	554.37	2217.46
34.69	92.50	116.54	220.00	277.18	554.37	2217.46
34.70	92.50	116.54	220.00	277.18	554.37	2217.46
34.71	92.50	116.54	220.00	277.18	554.37	2217.46
34.72	92.50	98.00	116.54	220.00	277.18	2217.46
34.73	92.50	98.00	116.54	220.00	277.18	2217.46
34.74	92.50	98.00	220.00	277.18	2217.46
34.75	92.50	98.00	220.00	277.18	2217.46
34.76	92.50	98.00	220.00	277.18	2217.46
34.77	92.50	98.00	220.00	277.18	554.37	2217.46
34.78	92.50	98.00	220.00	277.18	554.37	2217.46
34.79	92.50	98.00	220.00	277.18	554.37	2217.46
34.80	92.50	98.00	220.00	277.18	554.37	2217.46
34.81	92.50	98.00	220.00	277.18	554.37	2217.46
34.82	92.50	98.00	220.00	277.18	554.37	2217.46
34.83	92.50	98.00	220.00	277.18	554.37	2217.46
34.84	92.50	98.00	220.00	277.18	554.37	2217.46
34.85	92.50	98.00	220.00	277.18	2217.46
34.86	92.50	98.00	220.00	277.18	2217.46
34.87	92.50	98.00	220.00	277.18	2217.46
34.88	92.50	98.00	220.00	233.08	277.18	2217.46
34.89	92.50	98.00	220.00	233.08	277.18	2217.46
34.90	98.00	220.00	233.08	277.18	554.37	2217.46
34.91	98.00	220.00	233.08	277.18	554.37	2217.46
34.92	98.00	220.00	233.08	277.18	554.37	2217.46
34.93	98.00	220.00	233.08	277.18	554.37	2217.46
34.94	98.00	220.00	233.08	277.18	554.37	2217.46
34.95	98.00	233.08	277.18	554.37	2217.46
34.96	98.00	233.08	277.18	554.37	2217.46
34.97	49.00	233.08	277.18	554.37	2217.46
34.98	49.00	233.08	277.18	554.37	2217.46
34.99	49.00	233.08	277.18	554.37	2217.46
35.00	49.00	233.08	277.18	554.37	2217.46
35.01	49.00	233.08	277.18	554.37	2217.46
35.02	49.00	233.08	277.18	554.37	2217.46
35.03	49.00	233.08	277.18	554.37	2217.46
35.04	49.00	98.00	233.08	277.18	554.37	2217.46
35.05	49.00	98.00	233.08	277.18	554.37	2217.46
35.06	49.00	98.00	233.08	277.18	2217.46
35.07	49.00	98.00	233.08	277.18	1108.73	2217.46
35.08	49.00	98.00	233.08	277.18	1108.73	2217.46
35.09	49.00	98.00	233.08	277.18	1108.73	2217.46
35.10	49.00	98.00	233.08	277.18	1108.73	2217.46
35.11	49.00	98.00	233.08	277.18	1108.73	2217.46
35.12	49.00	98.00	233.08	277.18	1108.73	2217.46
35.13	49.00	98.00	233.08	277.18	1108.73	2217.46
35.14	49.00	98.00	233.08	277.18	587.33	1108.73	2217.46
35.15	49.00	98.00	233.08	277.18	587.33	1108.73	2217.46
35.16	92.50	98.00	233.08	277.18	587.33	1108.73	2217.46
35.17	92.50	98.00	233.08	277.18	587.33	1108.73	2217.46
35.18	92.50	98.00	233.08	277.18	587.33	2217.46
35.19	92.50	98.00	233.08	277.18	587.33	2217.46
35.20	92.50	98.00	233.08	277.18	587.33	2217.46
35.21	92.50	98.00	233.08	277.18	587.33	2217.46
35.22	92.50	98.00	233.08	277.18	587.33	2217.46
35.23	92.50	98.00	233.08	277.18	587.33	2217.46
35.24	92.50	98.00	233.08	277.18	587.33	2217.46
35.25	92.50	98.00	233.08	277.18	1108.73	2217.46
35.26	92.50	98.00	233.08	277.18	1108.73	2217.46
35.27	92.50	98.00	233.08	277.18	1108.73	2217.46
35.28	92.50	98.00	233.08	277.18	1108.73	2217.46
35.29	92.50	98.00	233.08	277.18	1108.73	2217.46
35.30	92.50	98.00	233.08	277.18	1108.73	2217.46
35.31	92.50	98.00	233.08	277.18	1108.73	2217.46
35.32	92.50	98.00	233.08	277.18	554.37	1108.73	2217.46
35.33	92.50	98.00	233.08	277.18	554.37	1108.73	2217.46
35.34	92.50	98.00	233.08	277.18	554.37	2217.46
35.35	92.50	98.00	233.08	277.18	554.37	2217.46
35.36	92.50	98.00	233.08	277.18	554.37	2217.46
35.37	92.50	98.00	233.08	277.18	466.16	554.37	2217.46
35.38	92.50	98.00	233.08	277.18	466.16	554.37	2217.46
35.39	92.50	233.08	277.18	466.16	554.37	1108.73	2217.46
35.40	92.50	233.08	277.18	466.16	554.37	1108.73	2217.46
35.41	92.50	233.08	277.18	466.16	1108.73	2217.46
35.42	92.50	98.00	233.08	277.18	466.16	1108.73	2217.46
35.43	92.50	98.00	233.08	277.18	466.16	1108.73	2217.46
35.44	92.50	98.00	233.08	277.18	1108.73	2217.46
35.45	92.50	98.00	233.08	277.18	1108.73	2217.46
35.46	92.50	98.00	233.08	277.18	1108.73	2217.46
35.47	92.50	98.00	233.08	277.18	1108.73	2217.46
35.48	92.50	98.00	233.08	277.18	2217.46
35.49	92.50	98.00	233.08	277.18	2217.46
35.50	92.50	98.00	233.08	277.18	2217.46
35.51	92.50	98.00	233.08	277.18	1108.73	2217.46
35.52	92.50	98.00	233.08	277.18	1108.73	2217.46
35.53	92.50	98.00	233.08	277.18	1108.73	2217.46
35.54	92.50	98.00	233.08	277.18	1108.73	2217.46
35.55	92.50	98.00	233.08	277.18	554.37	1108.73	2217.46
35.56	92.50	98.00	233.08	277.18	554.37	1108.73	2217.46
35.57	92.50	98.00	233.08	277.18	554.37	1108.73	2217.46
35.58	92.50	98.00	233.08	277.18	293.66	554.37	1108.73	2217.46
35.59	92.50	98.00	233.08	277.18	293.66	554.37	1108.73	2217.46
35.60	49.00	98.00	233.08	277.18	293.66	554.37	2217.46
35.61	49.00	98.00	233.08	277.18	293.66	554.37	2217.46
35.62	49.00	233.08	277.18	293.66	2217.46
35.63	49.00	233.08	277.18	293.66	2217.46
35.64	49.00	233.08	277.18	2217.46
35.65	49.00	233.08	277.18	2217.46
35.66	49.00	233.08	277.18	2217.46
35.67	49.00	233.08	277.18	1108.73	2217.46
35.68	49.00	233.08	277.18	1108.73	2217.46
35.69	49.00	233.08	277.18	1108.73	2217.46
35.70	49.00	233.08	277.18	1108.73	2217.46
35.71	49.00	233.08	277.18	1108.73	2217.46
35.72	49.00	233.08	277.18	1108.73	2217.46
35.73	49.00	233.08	277.18	1108.73	2217.46
35.74	49.00	233.08	277.18	1108.73	2217.46
35.75	49.00	233.08	277.18	1108.73	2217.46
35.76	233.08	277.18	1108.73
35.77	233.08	277.18	1108.73
35.78	233.08	277.18	1108.73
35.79	233.08	277.18	1108.73	2217.46
35.80	233.08	277.18	1108.73	2217.46
35.81	233.08	277.18	1108.73	1174.66	2217.46
35.82	233.08	277.18	1108.73	1174.66	2217.46
35.83	123.47	233.08	277.18	1108.73	1174.66	2217.46
35.84	123.47	233.08	277.18	1108.73	1174.66	2217.46
35.85	123.47	233.08	277.18	1108.73	1174.66	2217.46
35.86	123.47	233.08	277.18	1108.73	1174.66	2217.46
35.87	123.47	233.08	277.18	1108.73	1174.66	2217.46
35.88	116.54	123.47	233.08	277.18	1108.73	2217.46
35.89	116.54	123.47	233.08	277.18	1108.73	2217.46
35.90	116.54	123.47	233.08	277.18	1108.73	2217.46
35.91	116.54	123.47	233.08	277.18	1108.73	2217.46
35.92	116.54	233.08	277.18	1108.73	2217.46
35.93	116.54	233.08	277.18	1108.73	2217.46
35.94	116.54	233.08	277.18	1108.73	2217.46
35.95	116.54	123.47	146.83	233.08	277.18	1108.73
35.96	116.54	123.47	146.83	233.08	277.18	1108.73
35.97	116.54	123.47	146.83	233.08	277.18	1108.73	2217.46
35.98	116.54	123.47	146.83	233.08	277.18	1108.73	2217.46
35.99	116.54	123.47	146.83	233.08	277.18	2217.46
36.00	116.54	123.47	146.83	233.08	277.18	1174.66	2217.46
36.01	116.54	123.47	146.83	233.08	277.18	1174.66	2217.46
36.02	116.54	123.47	146.83	233.08	277.18	1108.73	1174.66	2217.46
36.03	116.54	123.47	146.83	233.08	277.18	1108.73	1174.66	2217.46
36.04	116.54	233.08	277.18	1108.73	1174.66	2217.46
36.05	116.54	233.08	277.18	1108.73	1174.66	2217.46
36.06	116.54	233.08	277.18	1108.73	1174.66
36.07	116.54	233.08	277.18	1108.73	1174.66
36.08	116.54	233.08	277.18	1108.73	1174.66
36.09	116.54	277.18	1108.73	2217.46
36.10	116.54	277.18	1108.73	2217.46
36.11	116.54	146.83	277.18	1108.73	2217.46
36.12	116.54	146.83	277.18	1108.73	2217.46
36.13	116.54	146.83	277.18	2217.46
36.14	116.54	146.83	277.18	2217.46
36.15	116.54	146.83	277.18	2217.46
36.16	116.54	146.83	277.18	1174.66	2217.46
36.17	116.54	146.83	277.18	1174.66	2217.46
36.18	116.54	146.83	277.18	1174.66	2217.46
36.19	116.54	146.83	277.18	1174.66	2217.46
36.20	116.54	146.83	277.18	1174.66	2217.46
36.21	116.54	146.83	277.18	1174.66	2217.46
36.22	116.54	277.18	2217.46
36.23	116.54	277.18	2217.46
36.24	116.54	277.18	2217.46
36.25	116.54	233.08	277.18	2217.46
36.26	116.54	233.08	277.18	2217.46
36.27	116.54	233.08	277.18
36.28	116.54	233.08	277.18
36.29	116.54	233.08	277.18
36.30	116.54	233.08	277.18
36.31	116.54	233.08	277.18
36.32	116.54	233.08	277.18
36.33	116.54	233.08	277.18
36.34	116.54	233.08	277.18	1108.73
36.35	116.54	233.08	277.18	1108.73
36.36	116.54	233.08	277.18	1108.73
36.37	116.54	233.08	277.18	1108.73
36.38	116.54	233.08	277.18	1108.73
36.39	116.54	277.18	293.66	1108.73	2217.46
36.40	116.54	277.18	293.66	1108.73	2217.46
36.41	116.54	123.47	277.18	293.66	1108.73	2217.46
36.42	116.54	123.47	277.18	293.66	1108.73	2217.46
36.43	116.54	123.47	277.18	293.66	1108.73	2217.46
36.44	116.54	123.47	277.18	293.66	1108.73	2217.46
36.45	116.54	123.47	277.18	293.66	1108.73	2217.46
36.46	116.54	123.47	277.18	293.66	369.99	1108.73	2217.46
36.47	116.54	123.47	277.18	293.66	369.99	1108.73	2217.46
36.48	116.54	123.47	293.66	369.99	1108.73	2217.46
36.49	116.54	123.47	293.66	369.99	1108.73	2217.46
36.50	116.54	123.47	293.66	369.99	1108.73	2217.46
36.51	116.54	123.47	293.66	369.99	1108.73	1174.66	2217.46
36.52	116.54	123.47	293.66	369.99	1108.73	1174.66	2217.46
36.53	116.54	369.99	1108.73	1174.66	2217.46
36.54	116.54	369.99	1108.73	1174.66	2217.46
36.55	116.54	369.99	1108.73	1174.66	2217.46
36.56	116.54	369.99	1108.73	1174.66	2217.46
36.57	116.54	369.99	1108.73	1174.66	2217.46
36.58	116.54	369.99	1108.73	1174.66	2217.46
36.59	116.54	369.99	1108.73	1174.66	2217.46
36.60	116.54	369.99	392.00	1108.73	1174.66	2217.46
36.61	116.54	369.99	392.00	1108.73	1174.66	2217.46
36.62	116.54	369.99	392.00	1108.73	2217.46
36.63	116.54	369.99	392.00	1108.73	2217.46
36.64	116.54	369.99	392.00	1108.73	2217.46
36.65	116.54	369.99	392.00	1108.73	2217.46
36.66	116.54	369.99	392.00	1108.73	2217.46
36.67	116.54	369.99	392.00	1108.73	2217.46
36.68	116.54	369.99	392.00	1108.73	2217.46
36.69	116.54	369.99	392.00	1108.73	2217.46	2349.32
36.70	116.54	369.99	392.00	1108.73	2217.46	2349.32
36.71	116.54	369.99	392.00	1108.73	2217.46	2349.32
36.72	116.54	369.99	392.00	1108.73	1174.66	2217.46	2349.32
36.73	116.54	369.99	392.00	1108.73	1174.66	2217.46	2349.32
36.74	116.54	369.99	392.00	1108.73	1174.66	2217.46	2349.32
36.75	116.54	369.99	392.00	1108.73	1174.66	2217.46	2349.32
36.76	116.54	369.99	392.00	1108.73	1174.66	2217.46
36.77	116.54	369.99	392.00	1108.73	1174.66	2217.46
36.78	369.99	392.00	1108.73	1174.66	2217.46
36.79	369.99	392.00	1108.73	1174.66	2217.46
36.80	369.99	392.00	1108.73	1174.66	2217.46
36.81	369.99	392.00	1108.73	1174.66	2217.46
36.82	369.99	392.00	1108.73	1174.66	2217.46
36.83	369.99	392.00	1174.66	2217.46
36.84	369.99	392.00	1174.66	2217.46
36.85	369.99	392.00	1174.66	2217.46
36.86	369.99	392.00	1174.66	2217.46
36.87	369.99	392.00	1174.66	2217.46
36.88	369.99	392.00	1108.73	1174.66	2217.46
36.89	369.99	392.00	1108.73	1174.66	2217.46
36.90	369.99	392.00	1108.73	1174.66	2217.46
36.91	369.99	392.00	1108.73	1174.66	2217.46
36.92	369.99	392.00	1108.73	1174.66	2217.46
36.93	369.99	392.00	1108.73	1174.66	2217.46
36.94	369.99	392.00	1108.73	1174.66	2217.46
36.95	369.99	392.00	1108.73	1174.66	2217.46
36.96	369.99	392.00	1108.73	1174.66	2217.46
36.97	369.99	392.00	1108.73	1174.66	2217.46
36.98	369.99	392.00	1108.73	1174.66	2217.46
36.99	369.99	587.33	1108.73	1174.66	2217.46
37.00	369.99	587.33	1108.73	1174.66	2217.46
37.01	369.99	587.33	1108.73	1174.66	2217.46
37.02	369.99	392.00	587.33	1108.73	1174.66	2217.46
37.03	369.99	392.00	587.33	1108.73	1174.66	2217.46
37.04	369.99	392.00	587.33	1108.73	1174.66	2217.46
37.05	369.99	392.00	587.33	1108.73	1174.66	2217.46
37.06	369.99	392.00	587.33	1108.73	1174.66	2217.46
37.07	369.99	392.00	587.33	1108.73	1174.66	2217.46
37.08	369.99	392.00	587.33	1108.73	1174.66	2217.46
37.09	369.99	392.00	587.33	1108.73	1174.66	2217.46
37.10	369.99	392.00	587.33	1108.73	1174.66	2217.46
37.11	369.99	392.00	587.33	1108.73	1174.66	2217.46
37.12	369.99	392.00	587.33	1108.73	1174.66	2217.46
37.13	116.54	369.99	392.00	1108.73	1174.66	2217.46
37.14	116.54	369.99	392.00	1108.73	1174.66	2217.46
37.15	116.54	369.99	1108.73	1174.66	2217.46
37.16	116.54	369.99	1108.73	1174.66	2217.46
37.17	116.54	369.99	1108.73	1174.66	2217.46
37.18	116.54	369.99	392.00	1108.73	1174.66	2217.46
37.19	116.54	369.99	392.00	1108.73	1174.66	2217.46
37.20	116.54	369.99	392.00	1108.73	1174.66	2217.46
37.21	116.54	369.99	392.00	1108.73	1174.66	2217.46
37.22	116.54	369.99	392.00	1174.66	2217.46
37.23	116.54	369.99	392.00	587.33	1174.66	2217.46
37.24	116.54	369.99	392.00	587.33	1174.66	2217.46
37.25	116.54	369.99	587.33	1174.66	2217.46
37.26	116.54	369.99	587.33	1174.66	2217.46
37.27	116.54	369.99	587.33	1174.66	2217.46
37.28	116.54	369.99	587.33	1174.66	2217.46
37.29	369.99	587.33	1174.66	2217.46
37.30	369.99	392.00	587.33	1174.66	2217.46
37.31	369.99	392.00	587.33	1174.66	2217.46
37.32	123.47	369.99	392.00	1174.66	2217.46
37.33	123.47	369.99	392.00	1174.66	2217.46
37.34	123.47	369.99	392.00	1174.66	2217.46
37.35	123.47	369.99	392.00	1174.66	2217.46
37.36	123.47	369.99	392.00	1174.66	2217.46
37.37	123.47	369.99	392.00	1174.66	2217.46
37.38	123.47	369.99	392.00	1174.66	2217.46
37.39	116.54	123.47	369.99	392.00	2217.46
37.40	116.54	123.47	369.99	392.00	2217.46
37.41	116.54	123.47	369.99	2217.46
37.42	116.54	123.47	369.99	2217.46
37.43	116.54	123.47	369.99	2217.46
37.44	116.54	123.47	369.99	2217.46
37.45	116.54	123.47	369.99	2217.46
37.46	116.54	123.47	196.00	369.99	2217.46
37.47	116.54	123.47	196.00	369.99	2217.46
37.48	61.74	123.47	196.00	369.99	2217.46
37.49	61.74	123.47	196.00	369.99	2217.46
37.50	61.74	123.47	196.00	369.99	2217.46
37.51	61.74	123.47	196.00	369.99	392.00	2217.46
37.52	61.74	123.47	196.00	369.99	392.00	2217.46
37.53	61.74	123.47	196.00	369.99	392.00
37.54	61.74	123.47	196.00	369.99	392.00
37.55	61.74	123.47	196.00	369.99	392.00
37.56	61.74	123.47	196.00	369.99	392.00
37.57	123.47	196.00	369.99	392.00	622.25	1244.51
37.58	123.47	196.00	369.99	392.00	622.25	1244.51
37.59	123.47	196.00	369.99	392.00	622.25	1244.51
37.60	123.47	196.00	369.99	392.00	622.25	1244.51
37.61	123.47	196.00	369.99	392.00	622.25	1244.51
37.62	123.47	196.00	369.99	392.00	622.25	659.26	1244.51
37.63	123.47	196.00	369.99	392.00	622.25	659.26	1244.51
37.64	123.47	196.00	369.99	392.00	622.25	659.26
37.65	123.47	196.00	369.99	392.00	622.25	659.26
37.66	123.47	196.00	369.99	392.00	622.25	659.26
37.67	123.47	196.00	369.99	392.00	622.25	659.26
37.68	123.47	196.00	369.99	392.00	622.25	659.26
37.69	123.47	196.00	369.99	392.00	622.25	659.26
37.70	123.47	196.00	369.99	392.00	622.25	659.26
37.71	123.47	196.00	369.99	392.00	622.25	659.26
37.72	123.47	196.00	369.99	392.00	622.25	659.26
37.73	123.47	369.99	392.00	622.25	659.26
37.74	123.47	369.99	392.00	622.25	659.26
37.75	123.47	369.99	392.00	622.25	659.26
37.76	123.47	185.00	369.99	392.00	622.25	659.26
37.77	123.47	185.00	369.99	392.00	622.25	659.26
37.78	123.47	185.00	369.99	392.00	659.26
37.79	123.47	185.00	369.99	392.00	659.26
37.80	123.47	185.00	369.99	392.00	659.26
37.81	123.47	185.00	369.99	392.00	659.26
37.82	123.47	185.00	369.99	392.00	659.26
37.83	123.47	185.00	369.99	392.00	659.26
37.84	123.47	185.00	369.99	392.00	659.26
37.85	123.47	369.99	392.00	659.26	1244.51
37.86	123.47	369.99	392.00	659.26	1244.51
37.87	369.99	392.00	659.26	1244.51
37.88	369.99	392.00	659.26	1244.51
37.89	369.99	392.00	659.26	1244.51
37.90	369.99	392.00	659.26	1244.51
37.91	369.99	392.00	659.26	1244.51
37.92	123.47	369.99	392.00	659.26	1244.51
37.93	123.47	369.99	392.00	659.26	1244.51
37.94	123.47	369.99	392.00	659.26
37.95	123.47	369.99	392.00	659.26
37.96	123.47	369.99	392.00	659.26
37.97	123.47	369.99	392.00	622.25	659.26
37.98	123.47	369.99	392.00	622.25	659.26
37.99	123.47	369.99	392.00	622.25	659.26	1244.51
38.00	123.47	369.99	392.00	622.25	659.26	1244.51
38.01	123.47	369.99	392.00	622.25	659.26	1244.51
38.02	123.47	369.99	392.00	622.25	659.26	1244.51
38.03	123.47	369.99	392.00	622.25	659.26	1244.51
38.04	123.47	369.99	392.00	622.25	659.26	1244.51
38.05	123.47	369.99	392.00	622.25	659.26	1244.51
38.06	123.47	369.99	392.00	622.25	659.26	1244.51
38.07	123.47	369.99	392.00	622.25	659.26	1244.51
38.08	123.47	369.99	392.00	622.25	659.26
38.09	123.47	369.99	392.00	622.25	659.26
38.10	123.47	369.99	392.00	622.25	659.26
38.11	123.47	369.99	392.00	622.25	659.26
38.12	123.47	369.99	392.00	622.25	659.26
38.13	123.47	329.63	369.99	392.00	622.25	659.26
38.14	123.47	329.63	369.99	392.00	622.25	659.26
38.15	123.47	329.63	369.99	392.00	622.25	659.26
38.16	123.47	329.63	369.99	392.00	622.25	659.26
38.17	123.47	329.63	369.99	392.00	622.25	659.26
38.18	123.47	329.63	369.99	392.00	622.25	659.26
38.19	123.47	329.63	369.99	392.00	622.25	659.26
38.20	123.47	329.63	369.99	392.00	622.25	659.26
38.21	123.47	329.63	369.99	392.00	622.25	659.26
38.22	123.47	329.63	369.99	392.00	622.25	659.26
38.23	123.47	329.63	369.99	392.00	622.25	659.26
38.24	123.47	329.63	369.99	392.00	622.25	659.26
38.25	65.41	123.47	329.63	369.99	392.00	622.25	659.26
38.26	65.41	123.47	329.63	369.99	392.00	622.25	659.26
38.27	65.41	123.47	329.63	369.99	392.00	622.25	659.26
38.28	65.41	123.47	329.63	369.99	392.00	622.25	659.26
38.29	61.74	65.41	123.47	329.63	392.00	622.25	659.26
38.30	61.74	65.41	123.47	329.63	392.00	622.25	659.26
38.31	61.74	65.41	123.47	329.63	392.00	622.25	659.26
38.32	61.74	65.41	123.47	329.63	392.00	622.25	659.26
38.33	61.74	65.41	123.47	329.63	392.00	622.25	659.26
38.34	61.74	65.41	123.47	185.00	329.63	622.25	659.26
38.35	61.74	65.41	123.47	185.00	329.63	622.25	659.26
38.36	61.74	65.41	123.47	185.00	329.63	659.26
38.37	61.74	65.41	123.47	185.00	329.63	659.26
38.38	61.74	65.41	185.00	329.63	659.26
38.39	61.74	65.41	185.00	329.63	659.26
38.40	61.74	65.41	185.00	329.63	659.26
38.41	61.74	65.41	185.00	329.63	622.25	659.26
38.42	61.74	65.41	185.00	329.63	622.25	659.26
38.43	61.74	65.41	185.00	329.63	622.25	659.26
38.44	61.74	65.41	185.00	329.63	622.25	659.26
38.45	61.74	65.41	329.63	622.25	659.26
38.46	61.74	65.41	329.63	622.25	659.26
38.47	61.74	65.41	329.63	622.25	659.26
38.48	61.74	65.41	329.63	369.99	622.25	659.26
38.49	61.74	65.41	329.63	369.99	622.25	659.26
38.50	61.74	65.41	329.63	369.99	659.26
38.51	61.74	65.41	329.63	369.99	659.26
38.52	61.74	65.41	329.63	369.99	659.26
38.53	61.74	65.41	329.63	369.99	659.26
38.54	61.74	65.41	329.63	369.99	659.26
38.55	61.74	123.47	329.63	369.99	659.26
38.56	61.74	123.47	329.63	369.99	659.26
38.57	61.74	123.47	329.63	369.99	659.26
38.58	61.74	123.47	329.63	369.99	659.26
38.59	61.74	123.47	329.63	369.99	659.26
38.60	61.74	123.47	329.63	369.99	659.26
38.61	61.74	123.47	329.63	369.99	659.26
38.62	61.74	123.47	369.99
38.63	61.74	123.47	369.99
38.64	61.74	123.47	369.99
38.65	61.74	123.47	369.99
38.66	61.74	123.47	369.99
38.67	61.74	123.47	311.13	369.99
38.68	61.74	123.47	311.13	369.99
38.69	61.74	65.41	123.47	233.08	311.13	369.99
38.70	61.74	65.41	123.47	233.08	311.13	369.99
38.71	61.74	65.41	123.47	233.08	311.13	369.99
38.72	61.74	65.41	123.47	233.08	311.13	369.99
38.73	61.74	65.41	123.47	233.08	311.13	369.99
38.74	61.74	65.41	123.47	233.08	311.13	369.99
38.75	61.74	65.41	123.47	233.08	311.13	369.99
38.76	61.74	65.41	123.47	130.81	233.08	311.13	369.99
38.77	61.74	65.41	123.47	130.81	233.08	311.13	369.99
38.78	61.74	65.41	123.47	130.81	233.08	311.13
38.79	61.74	65.41	123.47	130.81	233.08	311.13
38.80	61.74	65.41	123.47	130.81	233.08	311.13
38.81	61.74	65.41	123.47	130.81	233.08	311.13
38.82	61.74	65.41	123.47	130.81	233.08	311.13
38.83	61.74	65.41	123.47	130.81	233.08	311.13
38.84	61.74	65.41	123.47	130.81	233.08	311.13
38.85	61.74	65.41	123.47	130.81	233.08	311.13
38.86	61.74	65.41	123.47	130.81	233.08	311.13
38.87	61.74	65.41	123.47	233.08	311.13
38.88	61.74	65.41	123.47	233.08	311.13
38.89	61.74	65.41	123.47	233.08	311.13
38.90	61.74	65.41	123.47	233.08	311.13
38.91	61.74	65.41	123.47	233.08	311.13
38.92	61.74	65.41	123.47	233.08	311.13
38.93	61.74	65.41	123.47	233.08	311.13
38.94	61.74	65.41	123.47	233.08	311.13
38.95	61.74	65.41	123.47	233.08	311.13
38.96	61.74	65.41	123.47	233.08	311.13
38.97	61.74	65.41	123.47	233.08	311.13
38.98	61.74	65.41	123.47	233.08	311.13
38.99	61.74	65.41	123.47	233.08	311.13	329.63
39.00	61.74	65.41	123.47	233.08	311.13	329.63
39.01	61.74	65.41	123.47	233.08	311.13	329.63
39.02	61.74	65.41	123.47	233.08	311.13	329.63
39.03	61.74	123.47	233.08	311.13	329.63
39.04	61.74	123.47	233.08	311.13	329.63
39.05	61.74	123.47	233.08	311.13	329.63
39.06	61.74	311.13	329.63
39.07	61.74	311.13	329.63
39.08
39.09
39.10
39.11
39.12
39.13
39.14
39.15
39.16
39.17
39.18
39.19
39.20
39.21
39.22
39.23
39.24
39.25
39.26
39.27
39.28
39.29
39.30
39.31
39.32
39.33
39.34
39.35
39.36
39.37
39.38
39.39
39.40
39.41
39.42
39.43
39.44
39.45
39.46
39.47
39.48
39.49
39.50
39.51
39.52
39.53
39.54
39.55
39.56
39.57
39.58
39.59
39.60
39.61
39.62
39.63
39.64
39.65
39.66
39.67
39.68
39.69
39.70
39.71
39.72
39.73
39.74
39.75
39.76
39.77
39.78
39.79
39.80
39.81
39.82
39.83
39.84
39.85
39.86
39.87
39.88
39.89
39.90
39.91
39.92
39.93
39.94
39.95
39.96
39.97
39.98
39.99
40.00
40.01
40.02
40.03
40.04
40.05
40.06
