0.01
0.02
0.03
0.04
0.05
0.06
0.07
0.08
0.09
0.10
0.11
0.12
0.13
0.14
0.15
0.16
0.17
0.18
0.19
0.20
0.21
0.22
0.23
0.24
0.25
0.26
0.27
0.28
0.29
0.30
0.31
0.32
0.33
0.34
0.35
0.36
0.37
0.38
0.39
0.40
0.41
0.42
0.43
0.44
0.45
0.46
0.47
0.48
0.49
0.50
0.51
0.52
0.53
0.54
0.55
0.56
0.57
0.58
0.59
0.60
0.61
0.62
0.63
0.64
0.65
0.66
0.67
0.68
0.69
0.70
0.71
0.72	293.66	880.00
0.73	293.66	880.00
0.74	293.66	880.00
0.75	293.66	880.00
0.76	293.66	880.00
0.77	293.66	880.00
0.78	293.66	880.00
0.79	293.66
0.80	293.66
0.81	293.66
0.82	293.66
0.83	293.66
0.84	293.66
0.85	293.66
0.86	293.66
0.87	293.66
0.88	293.66
0.89	293.66
0.90	293.66
0.91	293.66
0.92	293.66
0.93	293.66
0.94	293.66
0.95	293.66
0.96	293.66
0.97	293.66
0.98	293.66
0.99	293.66
1.00	293.66
1.01	293.66
1.02	293.66
1.03	293.66
1.04	293.66
1.05	293.66
1.06	293.66
1.07	293.66
1.08	293.66
1.09	293.66
1.10	293.66
1.11	293.66
1.12	293.66
1.13	293.66
1.14	293.66
1.15	293.66
1.16	293.66
1.17	293.66
1.18	293.66
1.19	293.66
1.20	293.66
1.21	293.66
1.22	293.66
1.23	293.66
1.24	293.66
1.25	293.66
1.26	293.66
1.27	293.66
1.28	261.63	293.66
1.29	261.63	293.66
1.30	261.63	293.66
1.31	261.63	293.66
1.32	261.63	293.66
1.33	261.63	293.66
1.34	261.63	293.66
1.35	261.63	293.66
1.36	261.63	293.66
1.37	261.63	293.66
1.38	261.63	293.66
1.39	293.66
1.40	293.66
1.41	293.66
1.42	233.08	293.66
1.43	233.08	293.66
1.44	233.08
1.45	233.08
1.46	233.08
1.47	233.08
1.48	233.08
1.49	233.08	293.66
1.50	233.08	293.66
1.51	233.08	293.66
1.52	233.08	293.66
1.53	293.66
1.54	220.00	293.66
1.55	220.00	293.66
1.56	220.00	293.66
1.57	220.00	293.66
1.58	220.00	293.66
1.59	220.00	293.66
1.60	220.00	293.66
1.61	220.00	293.66
1.62	220.00	293.66
1.63	220.00
1.64	220.00
1.65	110.00	220.00	293.66
1.66	110.00	220.00	293.66
1.67	110.00	220.00	293.66
1.68	110.00	220.00	293.66
1.69	110.00	220.00	293.66
1.70	110.00	220.00	293.66
1.71	110.00	220.00	293.66
1.72	110.00	220.00	293.66
1.73	110.00	220.00	293.66
1.74	110.00	220.00	293.66
1.75	110.00	220.00	293.66
1.76	110.00	220.00	293.66
1.77	110.00	220.00	293.66
1.78	110.00	220.00	293.66
1.79	220.00	293.66
1.80	220.00	293.66
1.81	220.00	293.66
1.82	220.00	293.66
1.83	220.00	293.66
1.84	220.00	293.66
1.85	220.00	293.66
1.86	220.00	293.66
1.87	220.00	293.66
1.88	220.00	293.66
1.89	220.00	293.66
1.90	220.00	293.66
1.91	220.00	277.18
1.92	220.00	277.18
1.93	196.00	220.00	277.18
1.94	196.00	220.00	277.18
1.95	196.00	220.00	277.18
1.96	196.00	220.00	277.18
1.97	196.00	220.00	277.18
1.98	196.00	220.00	277.18
1.99	196.00	220.00	277.18
2.00	220.00	277.18
2.01	220.00	277.18
2.02	220.00	277.18
2.03	220.00	277.18
2.04	220.00	277.18
2.05	220.00	277.18
2.06	220.00	277.18
2.07	220.00	277.18
2.08	220.00	277.18
2.09	174.61	277.18
2.10	174.61	277.18
2.11	174.61	277.18
2.12	174.61	277.18
2.13	174.61	277.18
2.14	174.61	277.18
2.15	174.61	277.18
2.16	164.81	174.61	277.18
2.17	164.81	174.61	277.18
2.18	164.81	277.18
2.19	164.81	277.18
2.20	164.81	277.18
2.21	164.81	277.18
2.22	164.81	277.18
2.23	164.81	277.18
2.24	164.81	277.18
2.25	164.81	277.18
2.26	164.81	277.18
2.27	164.81	277.18
2.28	164.81	277.18
2.29	164.81	277.18
2.30	164.81	174.61	277.18
2.31	164.81	174.61	277.18
2.32	164.81	174.61	277.18
2.33	164.81	174.61	277.18	349.23
2.34	164.81	174.61	277.18	349.23
2.35	174.61	277.18	293.66	349.23
2.36	174.61	277.18	293.66	349.23
2.37	174.61	293.66	349.23
2.38	174.61	293.66	349.23
2.39	293.66	349.23
2.40	293.66	349.23
2.41	293.66	349.23
2.42	293.66	349.23
2.43	293.66	349.23
2.44	293.66	349.23
2.45	293.66	349.23
2.46	293.66	349.23
2.47	293.66	349.23
2.48	293.66	349.23
2.49	293.66	349.23
2.50	293.66	349.23
2.51	293.66	349.23
2.52	293.66	349.23
2.53	293.66
2.54	293.66
2.55	293.66
2.56	293.66
2.57	293.66
2.58	293.66
2.59	293.66
2.60	293.66
2.61	293.66
2.62	293.66
2.63	293.66
2.64	293.66
2.65	293.66
2.66	293.66
2.67	293.66
2.68	293.66
2.69	293.66
2.70
2.71
2.72	293.66
2.73	293.66
2.74	293.66	880.00
2.75	293.66	880.00
2.76	293.66	880.00
2.77	293.66	880.00
2.78	293.66	880.00
2.79	293.66	880.00
2.80	293.66	880.00
2.81	293.66
2.82	293.66
2.83	293.66
2.84	261.63	293.66
2.85	261.63	293.66
2.86	261.63	293.66
2.87	261.63	293.66
2.88	261.63	293.66
2.89	261.63	293.66
2.90	261.63	293.66
2.91	261.63	293.66
2.92	261.63	293.66
2.93	293.66
2.94	293.66
2.95	233.08	293.66
2.96	233.08	293.66
2.97	233.08	293.66
2.98	233.08	293.66
2.99	233.08	293.66
3.00	233.08	293.66
3.01	233.08	293.66
3.02	233.08	293.66
3.03	233.08	293.66
3.04	233.08	293.66
3.05	233.08	293.66
3.06	233.08	293.66
3.07	220.00	233.08	293.66
3.08	220.00	233.08	293.66
3.09	220.00	233.08	293.66
3.10	220.00	233.08	293.66
3.11	220.00	293.66
3.12	220.00	293.66
3.13	220.00	293.66
3.14	220.00	293.66
3.15	220.00	293.66
3.16	220.00	293.66
3.17	220.00	293.66
3.18	220.00	293.66
3.19	220.00	293.66
3.20	220.00	293.66
3.21	220.00	293.66
3.22	220.00	293.66
3.23	220.00	293.66	329.63
3.24	220.00	293.66	329.63
3.25	220.00	293.66	329.63
3.26	220.00	293.66	329.63
3.27	220.00	293.66	329.63
3.28	220.00	293.66	329.63
3.29	220.00	293.66	329.63
3.30	220.00	293.66	329.63
3.31	220.00	293.66	329.63
3.32	220.00	329.63
3.33	220.00	329.63
3.34	220.00	329.63
3.35	220.00	293.66	329.63
3.36	220.00	293.66	329.63
3.37	220.00	293.66	329.63
3.38	220.00	293.66	329.63
3.39	220.00	293.66	329.63
3.40	220.00	293.66	329.63
3.41	220.00	293.66	329.63
3.42	220.00	293.66	329.63
3.43	220.00	293.66	329.63
3.44	220.00	293.66	329.63
3.45	220.00	293.66	329.63
3.46	220.00	329.63
3.47	220.00	329.63
3.48	220.00
3.49	220.00	277.18
3.50	220.00	277.18
3.51	196.00	220.00	277.18
3.52	196.00	220.00	277.18
3.53	196.00	220.00	277.18
3.54	196.00	220.00	277.18
3.55	196.00	220.00	277.18
3.56	196.00	220.00	277.18
3.57	196.00	220.00	277.18
3.58	196.00	220.00	277.18
3.59	196.00	220.00	277.18
3.60	220.00	277.18
3.61	220.00	277.18
3.62	220.00	277.18
3.63	220.00	277.18
3.64	220.00	277.18
3.65	174.61	220.00	277.18
3.66	174.61	220.00	277.18
3.67	174.61	220.00	277.18
3.68	174.61	220.00	277.18
3.69	174.61	220.00	277.18
3.70	174.61	220.00	277.18
3.71	174.61	220.00	277.18
3.72	164.81	174.61	220.00	277.18
3.73	164.81	174.61	220.00	277.18
3.74	164.81	174.61	220.00	277.18
3.75	164.81	174.61	220.00	277.18
3.76	164.81	174.61	220.00	277.18
3.77	164.81	174.61	220.00	277.18
3.78	164.81	174.61	220.00	277.18
3.79	164.81	174.61	220.00	277.18
3.80	164.81	174.61	220.00	277.18
3.81	82.41	164.81	174.61	220.00	277.18
3.82	82.41	164.81	174.61	220.00	277.18
3.83	82.41	164.81	174.61	220.00	277.18
3.84	82.41	164.81	174.61	220.00	277.18
3.85	82.41	164.81	174.61	220.00	277.18
3.86	82.41	164.81	174.61	220.00	277.18
3.87	82.41	164.81	174.61	220.00	277.18
3.88	82.41	164.81	174.61	220.00	277.18	369.99
3.89	82.41	164.81	174.61	220.00	277.18	369.99
3.90	82.41	174.61	220.00	277.18	369.99
3.91	82.41	174.61	220.00	277.18	369.99
3.92	82.41	174.61	220.00	277.18	369.99
3.93	174.61	220.00	261.63	277.18	369.99
3.94	174.61	220.00	261.63	277.18	369.99
3.95	174.61	220.00	261.63	369.99
3.96	174.61	220.00	261.63	369.99
3.97	174.61	220.00	261.63	369.99
3.98	174.61	220.00	261.63	369.99
3.99	174.61	220.00	261.63	369.99
4.00	174.61	220.00	261.63	369.99
4.01	174.61	220.00	261.63	369.99
4.02	220.00	261.63	369.99
4.03	220.00	261.63	369.99
4.04	220.00	261.63	369.99
4.05	73.42	220.00	261.63	369.99
4.06	73.42	220.00	261.63	369.99
4.07	73.42	220.00	261.63	369.99
4.08	73.42	220.00	261.63	369.99
4.09	73.42	220.00	261.63	369.99
4.10	73.42	220.00	261.63	369.99
4.11	73.42	220.00	261.63	369.99
4.12	73.42	220.00	261.63	369.99
4.13	73.42	220.00	261.63	369.99
4.14	73.42	220.00	261.63	369.99
4.15	73.42	220.00	261.63	369.99
4.16	73.42	220.00	261.63	369.99
4.17	73.42	220.00	261.63	369.99
4.18	73.42	220.00	261.63	369.99
4.19	73.42	220.00	261.63	369.99
4.20	73.42	220.00	261.63	369.99
4.21	73.42	220.00	261.63	369.99
4.22	73.42	220.00	261.63	369.99
4.23	73.42	220.00	261.63
4.24	73.42	220.00	261.63
4.25	73.42	220.00	261.63
4.26	73.42	220.00	261.63
4.27	73.42	220.00	261.63
4.28	73.42	220.00	261.63
4.29	73.42	220.00	261.63
4.30	73.42	220.00	246.94	261.63
4.31	73.42	220.00	246.94	261.63
4.32	73.42	246.94	261.63
4.33	73.42	246.94	261.63
4.34	73.42	246.94	261.63
4.35	73.42	246.94	261.63
4.36	73.42	246.94	261.63
4.37	73.42	246.94
4.38	73.42	246.94
4.39	73.42	246.94	261.63
4.40	73.42	246.94	261.63
4.41	246.94	261.63
4.42	246.94	261.63
4.43	246.94	261.63
4.44	246.94	261.63	369.99
4.45	246.94	261.63	369.99
4.46	261.63	369.99
4.47	261.63	369.99
4.48	261.63	369.99
4.49	261.63	369.99
4.50	261.63	369.99
4.51	261.63
4.52	261.63
4.53	261.63
4.54	261.63
4.55	261.63
4.56	261.63	293.66
4.57	261.63	293.66
4.58	261.63	293.66
4.59	261.63	293.66
4.60	261.63	293.66
4.61	261.63	293.66
4.62	293.66
4.63	293.66
4.64	293.66
4.65	293.66
4.66	293.66
4.67	293.66	392.00
4.68	293.66	392.00
4.69	293.66	392.00
4.70	233.08	293.66	392.00
4.71	233.08	293.66	392.00
4.72	233.08	392.00
4.73	233.08	392.00
4.74	233.08	392.00
4.75	233.08	392.00
4.76	233.08	392.00
4.77	233.08	392.00
4.78	233.08	392.00
4.79	233.08	392.00
4.80	233.08	392.00
4.81	233.08	392.00
4.82	233.08	392.00
4.83	233.08	392.00
4.84	233.08	392.00
4.85	233.08	392.00
4.86	233.08	392.00
4.87	233.08	392.00
4.88	233.08	392.00
4.89	233.08	392.00
4.90	233.08	392.00
4.91	233.08	392.00
4.92	233.08	392.00
4.93	233.08	392.00
4.94	233.08	392.00
4.95	233.08	392.00
4.96	233.08	392.00
4.97	233.08	392.00
4.98	233.08	392.00
4.99	233.08	392.00
5.00	233.08	311.13	392.00
5.01	233.08	311.13	392.00
5.02	233.08	311.13	392.00
5.03	233.08	311.13	392.00
5.04	311.13	392.00
5.05	311.13	392.00
5.06	311.13	392.00
5.07	233.08	311.13	392.00
5.08	233.08	311.13	392.00
5.09	233.08	311.13	392.00
5.10	233.08	311.13	392.00
5.11	233.08	311.13	392.00
5.12	233.08	311.13	392.00
5.13	233.08	311.13	392.00
5.14	233.08	311.13	392.00
5.15	233.08	311.13	392.00
5.16	233.08	311.13	392.00
5.17	233.08	311.13	392.00
5.18	233.08	311.13	392.00
5.19	233.08	311.13	392.00
5.20	233.08
5.21	233.08
5.22	233.08
5.23	233.08
5.24	233.08
5.25	233.08	311.13
5.26	233.08	311.13
5.27	233.08	311.13
5.28	233.08	311.13	392.00
5.29	233.08	311.13	392.00
5.30	116.54	233.08	311.13	392.00
5.31	116.54	233.08	311.13	392.00
5.32	116.54	311.13	392.00
5.33	116.54	311.13	392.00
5.34	116.54	311.13	392.00
5.35	116.54	311.13	392.00
5.36	116.54	311.13	392.00
5.37	116.54	311.13	392.00
5.38	116.54	311.13	392.00
5.39	116.54	311.13	392.00
5.40	116.54	311.13	392.00
5.41	116.54	392.00
5.42	116.54	392.00	415.30
5.43	116.54	392.00	415.30
5.44	82.41	415.30
5.45	82.41	415.30
5.46	82.41	415.30
5.47	82.41	415.30
5.48	82.41	246.94	293.66	415.30
5.49	82.41	246.94	293.66	415.30
5.50	82.41	246.94	293.66	415.30
5.51	82.41	246.94	293.66	415.30
5.52	82.41	246.94	293.66	415.30
5.53	82.41	246.94	293.66	415.30
5.54	82.41	246.94	293.66	415.30
5.55	82.41	246.94	293.66	415.30
5.56	82.41	246.94	293.66	415.30
5.57	82.41	246.94	293.66	415.30
5.58	82.41	246.94	293.66	415.30
5.59	82.41	246.94	293.66	415.30
5.60	82.41	415.30
5.61	82.41	415.30
5.62	82.41	415.30
5.63	82.41	415.30
5.64	82.41	415.30
5.65	82.41	246.94	293.66	415.30
5.66	82.41	246.94	293.66	415.30
5.67	82.41	246.94	293.66	415.30
5.68	82.41	246.94	293.66	415.30
5.69	82.41	246.94	293.66	415.30
5.70	82.41	246.94	293.66	415.30
5.71	82.41	246.94	293.66	415.30
5.72	82.41	246.94	293.66	415.30
5.73	82.41	246.94	293.66	415.30
5.74	82.41	246.94
5.75	82.41	246.94
5.76	82.41	246.94
5.77	82.41	246.94
5.78	82.41	246.94
5.79	82.41	246.94	293.66
5.80	82.41	246.94	293.66
5.81	82.41	246.94	293.66
5.82	82.41	246.94	293.66
5.83	82.41	246.94	293.66
5.84	82.41	246.94	293.66
5.85	82.41	246.94	293.66
5.86	82.41	246.94	293.66	329.63
5.87	82.41	246.94	293.66	329.63
5.88	82.41	246.94	293.66	329.63
5.89	82.41	246.94	293.66	329.63
5.90	82.41	246.94	293.66	329.63
5.91	82.41	246.94	293.66	329.63
5.92	82.41	246.94	293.66	329.63
5.93	82.41	246.94	293.66	329.63
5.94	82.41	246.94	293.66	329.63
5.95	82.41	246.94	293.66	329.63	369.99
5.96	82.41	246.94	293.66	329.63	369.99
5.97	82.41	246.94	293.66	329.63	369.99
5.98	82.41	246.94	293.66	329.63	369.99
5.99	82.41	246.94	293.66	369.99
6.00	82.41	246.94	293.66	369.99
6.01	82.41	246.94	293.66	369.99
6.02	82.41	246.94	293.66	369.99
6.03	82.41	246.94	293.66	369.99
6.04	82.41	246.94	293.66	369.99
6.05	82.41	246.94	293.66	369.99
6.06	82.41	293.66	369.99
6.07	82.41	293.66	369.99
6.08	82.41	293.66	369.99
6.09	82.41	293.66	415.30
6.10	82.41	293.66	415.30
6.11	293.66	415.30
6.12	293.66	415.30
6.13	293.66	415.30
6.14	293.66	415.30
6.15	293.66	415.30
6.16	293.66	415.30
6.17	293.66	415.30
6.18	293.66	415.30
6.19	293.66	415.30
6.20	293.66	415.30	440.00	880.00
6.21	293.66	415.30	440.00	880.00
6.22	440.00	880.00
6.23	220.00	440.00	880.00
6.24	220.00	440.00	880.00
6.25	220.00	440.00	880.00
6.26	220.00	440.00	880.00
6.27	220.00	261.63	440.00	880.00
6.28	220.00	261.63	440.00	880.00
6.29	220.00	261.63	440.00	880.00
6.30	220.00	261.63	440.00	880.00
6.31	220.00	261.63	440.00	880.00
6.32	220.00	261.63	440.00	880.00
6.33	220.00	261.63	440.00	880.00
6.34	220.00	261.63	440.00
6.35	220.00	261.63	440.00
6.36	220.00	261.63	440.00
6.37	220.00	261.63	440.00
6.38	220.00	261.63	440.00
6.39	220.00	261.63	440.00
6.40	220.00	261.63	440.00
6.41	220.00	261.63	440.00
6.42	220.00	261.63	440.00
6.43	220.00	261.63	440.00
6.44	220.00	261.63	349.23	440.00
6.45	220.00	261.63	349.23	440.00
6.46	220.00	261.63	349.23	440.00
6.47	220.00	261.63	349.23	440.00
6.48	220.00	261.63	349.23	440.00
6.49	220.00	261.63	349.23	440.00
6.50	220.00	261.63	349.23	440.00
6.51	220.00	261.63	349.23	440.00
6.52	220.00	261.63	349.23	440.00
6.53	220.00	261.63	349.23	440.00
6.54	220.00	261.63	349.23	440.00
6.55	220.00	261.63	349.23	440.00
6.56	220.00	261.63	349.23	440.00
6.57	220.00	261.63	349.23	440.00
6.58	220.00	261.63	349.23	440.00
6.59	220.00	261.63	349.23	440.00
6.60	220.00	261.63	349.23	440.00
6.61	220.00	261.63	349.23	440.00
6.62	220.00	261.63	349.23	440.00
6.63	220.00	261.63	349.23	440.00
6.64	220.00	261.63	349.23
6.65	220.00	261.63	349.23
6.66	220.00	261.63	349.23
6.67	220.00	261.63	349.23
6.68	220.00	261.63	349.23
6.69	220.00	261.63	349.23
6.70	220.00	261.63	349.23
6.71	220.00	261.63
6.72	220.00	261.63
6.73	220.00	261.63
6.74	220.00	261.63
6.75	220.00	261.63
6.76	220.00	261.63
6.77	220.00	261.63
6.78	220.00	261.63
6.79	220.00	261.63	349.23
6.80	220.00	261.63	349.23
6.81	220.00	261.63	349.23
6.82	220.00	261.63	349.23
6.83	220.00	261.63	349.23
6.84	220.00	261.63	349.23
6.85	220.00	261.63	349.23
6.86	220.00	261.63	349.23
6.87	220.00	261.63	349.23
6.88	220.00	261.63	349.23
6.89	220.00	261.63	349.23
6.90	220.00	261.63
6.91	220.00	261.63
6.92	220.00	261.63
6.93	220.00	261.63
6.94	220.00	261.63
6.95	220.00	261.63
6.96	220.00	261.63
6.97	220.00	261.63	440.00
6.98	220.00	261.63	440.00
6.99	196.00	261.63	277.18	440.00
7.00	196.00	261.63	277.18	440.00
7.01	196.00	261.63	277.18	440.00
7.02	196.00	261.63	277.18	440.00
7.03	196.00	261.63	277.18	440.00
7.04	196.00	277.18	440.00
7.05	196.00	277.18	440.00
7.06	110.00	277.18	440.00
7.07	110.00	277.18	440.00
7.08	110.00	277.18	440.00
7.09	110.00	277.18	440.00
7.10	110.00	277.18	440.00
7.11	110.00	277.18	440.00
7.12	110.00	277.18	440.00
7.13	110.00	246.94	261.63	277.18	440.00
7.14	110.00	246.94	261.63	277.18	440.00
7.15	110.00	246.94	261.63	277.18	440.00
7.16	110.00	246.94	261.63	277.18	440.00
7.17	110.00	246.94	261.63	277.18	440.00
7.18	110.00	246.94	261.63	440.00
7.19	110.00	246.94	261.63	440.00
7.20	110.00	246.94	261.63	440.00
7.21	110.00	246.94	261.63	440.00
7.22	110.00	246.94	261.63	440.00
7.23	110.00	246.94	261.63	440.00
7.24	110.00	246.94	261.63	440.00
7.25	110.00	246.94	440.00	493.88
7.26	110.00	246.94	440.00	493.88
7.27	110.00	246.94	440.00	493.88
7.28	110.00	246.94	440.00	493.88
7.29	440.00	493.88
7.30	440.00	493.88
7.31	440.00	493.88
7.32	440.00
7.33	440.00
7.34	440.00
7.35	440.00
7.36	440.00
7.37	185.00	293.66	440.00
7.38	185.00	293.66	440.00
7.39	185.00	293.66	440.00
7.40	185.00	293.66	440.00
7.41	185.00	293.66	440.00
7.42	185.00	293.66	440.00
7.43	185.00	293.66	440.00
7.44	110.00	185.00	293.66	440.00
7.45	110.00	185.00	293.66	440.00
7.46	110.00	185.00	293.66	440.00
7.47	110.00	185.00	293.66	440.00
7.48	110.00	185.00	293.66	440.00
7.49	110.00	185.00	293.66	440.00
7.50	110.00	293.66	440.00
7.51	110.00	293.66	440.00
7.52	110.00	293.66	440.00
7.53	110.00	293.66	440.00
7.54	110.00	293.66	440.00
7.55	110.00	293.66	440.00
7.56	110.00	293.66	440.00
7.57	110.00	293.66	440.00
7.58	110.00	293.66	440.00
7.59	110.00	293.66	440.00
7.60	110.00	293.66	440.00
7.61	110.00	293.66	440.00
7.62	110.00	293.66	440.00
7.63	110.00	293.66	440.00
7.64	110.00	293.66	440.00
7.65	110.00	293.66	440.00
7.66	110.00	293.66	440.00
7.67	110.00	293.66	440.00
7.68	110.00	293.66	440.00
7.69	110.00	293.66	440.00
7.70	110.00	293.66	440.00
7.71	110.00	293.66	440.00
7.72	110.00	293.66	440.00
7.73	110.00	293.66
7.74	110.00	164.81	293.66
7.75	110.00	164.81	293.66
7.76	110.00	164.81	293.66	440.00
7.77	110.00	164.81	293.66	440.00
7.78	164.81	293.66	440.00
7.79	164.81	293.66	440.00
7.80	164.81	293.66	440.00
7.81	164.81	293.66	440.00	659.26
7.82	164.81	293.66	440.00	659.26
7.83	164.81	293.66	440.00	659.26	880.00
7.84	164.81	293.66	440.00	659.26	880.00
7.85	164.81	293.66	440.00	659.26	880.00
7.86	164.81	293.66	440.00	659.26	880.00
7.87	164.81	293.66	440.00	659.26	880.00
7.88	110.00	164.81	293.66	440.00	659.26	880.00
7.89	110.00	164.81	293.66	440.00	659.26	880.00
7.90	110.00	164.81	293.66	440.00	880.00
7.91	110.00	164.81	293.66	440.00	880.00
7.92	110.00	164.81	293.66	440.00	880.00
7.93	110.00	164.81	293.66	440.00	880.00
7.94	110.00	164.81	293.66	440.00
7.95	110.00	164.81	293.66	440.00
7.96	110.00	164.81	293.66	440.00
7.97	110.00	164.81	293.66	440.00
7.98	110.00	164.81	293.66	440.00
7.99	110.00	164.81	293.66	440.00
8.00	110.00	164.81	293.66	440.00
8.01	110.00	164.81	293.66	440.00
8.02	110.00	164.81	293.66	440.00
8.03	110.00	164.81	293.66	440.00
8.04	110.00	293.66	440.00
8.05	110.00	293.66	440.00
8.06	110.00	293.66	440.00
8.07	110.00	293.66	440.00
8.08	110.00	293.66	440.00
8.09	110.00	293.66	440.00
8.10	110.00	293.66	440.00
8.11	110.00	293.66
8.12	110.00	293.66
8.13	110.00	277.18	293.66
8.14	110.00	277.18	293.66
8.15	110.00	277.18	293.66
8.16	110.00	277.18	293.66
8.17	110.00	277.18	293.66
8.18	110.00	164.81	277.18	293.66	440.00
8.19	110.00	164.81	277.18	293.66	440.00
8.20	164.81	174.61	277.18	440.00	880.00
8.21	164.81	174.61	277.18	440.00	880.00
8.22	110.00	164.81	174.61	277.18	440.00	880.00
8.23	110.00	164.81	174.61	277.18	440.00	880.00
8.24	110.00	164.81	174.61	277.18	440.00	880.00
8.25	110.00	164.81	174.61	277.18	440.00	880.00
8.26	110.00	164.81	174.61	277.18	440.00	880.00
8.27	110.00	164.81	174.61	277.18	329.63	440.00	880.00
8.28	110.00	164.81	174.61	277.18	329.63	440.00	880.00
8.29	110.00	164.81	277.18	329.63	440.00	880.00
8.30	110.00	164.81	277.18	329.63	440.00	880.00
8.31	110.00	164.81	277.18	329.63	440.00	880.00
8.32	110.00	164.81	277.18	329.63	440.00	880.00
8.33	110.00	164.81	277.18	329.63	440.00	880.00
8.34	110.00	164.81	277.18	329.63	440.00	880.00
8.35	110.00	164.81	277.18	329.63	440.00	880.00
8.36	110.00	164.81	277.18	329.63	440.00	880.00
8.37	110.00	164.81	277.18	329.63	440.00	880.00
8.38	110.00	164.81	277.18	329.63	440.00	880.00
8.39	110.00	164.81	277.18	329.63	440.00	880.00
8.40	110.00	164.81	277.18	329.63	440.00	880.00
8.41	110.00	164.81	277.18	329.63	440.00	880.00
8.42	110.00	164.81	277.18	329.63	440.00	880.00
8.43	110.00	164.81	277.18	440.00	880.00
8.44	110.00	164.81	277.18	440.00	880.00
8.45	110.00	164.81	277.18	440.00	880.00
8.46	110.00	116.54	164.81	277.18	440.00	880.00
8.47	110.00	116.54	164.81	277.18	440.00	880.00
8.48	110.00	116.54	164.81	277.18	440.00	880.00
8.49	110.00	116.54	164.81	277.18	440.00	880.00
8.50	110.00	116.54	261.63	277.18	440.00	880.00
8.51	110.00	116.54	261.63	277.18	440.00	880.00
8.52	110.00	116.54	261.63	277.18	440.00	880.00
8.53	110.00	116.54	261.63	277.18	440.00	880.00
8.54	110.00	116.54	261.63	277.18	440.00	880.00
8.55	110.00	116.54	261.63	277.18	440.00	880.00
8.56	110.00	116.54	261.63	277.18	440.00	880.00
8.57	277.18	440.00
8.58	277.18	440.00
8.59	277.18	440.00
8.60	277.18	293.66	440.00
8.61	277.18	293.66	440.00
8.62	277.18	293.66	440.00
8.63	277.18	293.66	440.00
8.64	277.18	293.66	440.00	587.33	2349.32
8.65	277.18	293.66	440.00	587.33	2349.32
8.66	277.18	293.66	440.00	587.33	2349.32
8.67	155.56	277.18	293.66	440.00	587.33	2349.32
8.68	155.56	277.18	293.66	440.00	587.33	2349.32
8.69	155.56	277.18	293.66	440.00	587.33	2349.32
8.70	155.56	277.18	293.66	440.00	587.33	2349.32
8.71	155.56	277.18	293.66	440.00	587.33	2349.32
8.72	155.56	277.18	293.66	440.00	587.33	2349.32
8.73	155.56	277.18	293.66	440.00	2349.32
8.74	155.56	277.18	293.66	440.00	1174.66	2349.32
8.75	155.56	277.18	293.66	440.00	1174.66	2349.32
8.76	155.56	277.18	293.66	440.00	1174.66	2349.32
8.77	155.56	277.18	293.66	440.00	1174.66	2349.32
8.78	155.56	277.18	293.66	440.00	587.33	1174.66	2349.32
8.79	155.56	277.18	293.66	440.00	587.33	1174.66	2349.32
8.80	155.56	277.18	293.66	440.00	587.33	2349.32
8.81	155.56	277.18	293.66	440.00	587.33	2349.32
8.82	155.56	277.18	293.66	440.00	587.33	2349.32
8.83	277.18	293.66	311.13	587.33	2349.32
8.84	277.18	293.66	311.13	587.33	2349.32
8.85	146.83	293.66	311.13	587.33	2349.32
8.86	146.83	293.66	311.13	587.33	2349.32
8.87	146.83	293.66	311.13	2349.32
8.88	146.83	293.66	311.13	2349.32
8.89	146.83	293.66	311.13	2349.32
8.90	146.83	293.66	311.13	587.33	2349.32
8.91	146.83	293.66	311.13	587.33	2349.32
8.92	146.83	293.66	587.33	2349.32
8.93	146.83	293.66	587.33	2349.32
8.94	146.83	293.66	587.33	2349.32
8.95	146.83	293.66	587.33	2349.32
8.96	146.83	293.66	587.33	2349.32
8.97	146.83	293.66	587.33	2349.32
8.98	146.83	293.66	587.33	2349.32
8.99	146.83	155.56	293.66	587.33	2349.32
9.00	146.83	155.56	293.66	587.33	2349.32
9.01	155.56	293.66	587.33	2349.32
9.02	155.56	293.66	587.33	2349.32
9.03	155.56	293.66	587.33	2349.32
9.04	155.56	293.66	587.33	2349.32
9.05	155.56	293.66	587.33	2349.32
9.06	155.56	293.66	587.33
9.07	155.56	293.66	587.33
9.08	155.56	293.66	587.33
9.09	155.56	293.66	587.33
9.10	155.56	293.66	587.33
9.11	155.56	293.66	587.33
9.12	155.56	293.66	587.33
9.13	293.66	523.25
9.14	293.66	523.25
9.15	293.66	523.25
9.16	293.66	523.25
9.17	293.66	523.25
9.18	293.66	523.25
9.19	293.66	523.25
9.20	293.66	523.25
9.21	293.66	523.25
9.22	293.66
9.23	293.66
9.24	293.66
9.25	293.66	466.16
9.26	293.66	466.16
9.27	293.66	466.16	2349.32
9.28	293.66	466.16	2349.32
9.29	293.66	466.16	2349.32
9.30	293.66	466.16	2349.32
9.31	293.66	466.16	2349.32
9.32	293.66	466.16	2349.32
9.33	293.66	466.16	2349.32
9.34	293.66	466.16	2349.32
9.35	293.66	466.16	2349.32
9.36	293.66	440.00	466.16
9.37	293.66	440.00	466.16
9.38	293.66	440.00	466.16
9.39	293.66	440.00	466.16
9.40	293.66	440.00	466.16
9.41	293.66	440.00	466.16
9.42	293.66	440.00	466.16
9.43	220.00	293.66	440.00	466.16
9.44	220.00	293.66	440.00	466.16
9.45	220.00	293.66	440.00	466.16
9.46	220.00	293.66	440.00	466.16	659.26
9.47	220.00	293.66	440.00	466.16	659.26
9.48	220.00	293.66	440.00	659.26
9.49	220.00	293.66	440.00	659.26
9.50	220.00	293.66	440.00	659.26
9.51	220.00	293.66	440.00	659.26
9.52	220.00	293.66	440.00	659.26
9.53	220.00	293.66	440.00	659.26
9.54	220.00	293.66	440.00	659.26
9.55	220.00	293.66	440.00	659.26
9.56	220.00	293.66	440.00	659.26
9.57	220.00	293.66	440.00	659.26
9.58	220.00	293.66	440.00	659.26
9.59	220.00	293.66	440.00	659.26
9.60	220.00	293.66	440.00	659.26
9.61	220.00	293.66	440.00	659.26
9.62	220.00	293.66	440.00	659.26
9.63	220.00	293.66	440.00	659.26
9.64	220.00	293.66	440.00	587.33	659.26	1975.53
9.65	220.00	293.66	440.00	587.33	659.26	1975.53
9.66	293.66	440.00	587.33	659.26	1975.53
9.67	293.66	440.00	587.33	659.26	1975.53
9.68	293.66	440.00	587.33	659.26	1975.53
9.69	293.66	440.00	587.33	659.26	1975.53
9.70	293.66	440.00	587.33	659.26	1975.53
9.71	293.66	440.00	587.33	659.26	1975.53
9.72	293.66	440.00	587.33	659.26	1975.53
9.73	293.66	440.00	659.26
9.74	293.66	440.00	659.26
9.75	293.66	440.00	659.26
9.76	293.66	440.00	659.26
9.77	293.66	440.00	659.26
9.78	440.00	554.37	659.26
9.79	440.00	554.37	659.26
9.80	196.00	440.00	554.37	659.26	1975.53	2217.46
9.81	196.00	440.00	554.37	659.26	1975.53	2217.46
9.82	196.00	440.00	554.37	659.26	1975.53	2217.46
9.83	196.00	440.00	554.37	659.26	1975.53	2217.46
9.84	196.00	440.00	554.37	659.26	1975.53	2217.46
9.85	196.00	440.00	554.37	659.26	1975.53	2217.46
9.86	196.00	440.00	554.37	659.26	1975.53	2217.46
9.87	196.00	440.00	554.37	659.26	1975.53	2217.46
9.88	196.00	440.00	554.37	659.26	1975.53	2217.46
9.89	196.00	440.00	554.37	659.26	1975.53	2217.46
9.90	174.61	196.00	440.00	554.37	659.26	1975.53	2217.46
9.91	174.61	196.00	440.00	554.37	659.26	1975.53	2217.46
9.92	174.61	196.00	440.00	554.37	659.26	1975.53	2217.46
9.93	174.61	196.00	440.00	554.37	659.26	1975.53	2217.46
9.94	174.61	440.00	554.37	659.26	1975.53	2217.46
9.95	174.61	440.00	554.37	659.26	1975.53	2217.46
9.96	174.61	440.00	554.37	659.26	1975.53	2217.46
9.97	174.61	440.00	554.37	659.26	1975.53	2217.46
9.98	174.61	440.00	554.37	659.26	1975.53	2217.46
9.99	440.00	554.37	659.26	1975.53	2217.46
10.00	440.00	554.37	659.26	1975.53	2217.46
10.01	440.00	554.37	659.26	1975.53	2217.46
10.02	440.00	554.37	659.26	1975.53	2217.46
10.03	440.00	554.37	659.26	2217.46
10.04	440.00	554.37	659.26	2217.46
10.05	440.00	554.37	659.26	2217.46
10.06	164.81	440.00	554.37	659.26	2217.46
10.07	164.81	440.00	554.37	659.26	2217.46
10.08	164.81	554.37	659.26	2217.46
10.09	164.81	554.37	659.26	2217.46
10.10	164.81	554.37	659.26	2217.46
10.11	164.81	554.37	659.26	1108.73	2217.46
10.12	164.81	554.37	659.26	1108.73	2217.46
10.13	164.81	554.37	659.26	1108.73
10.14	164.81	554.37	659.26	1108.73
10.15	164.81	174.61	554.37	659.26	698.46	1108.73
10.16	164.81	174.61	554.37	659.26	698.46	1108.73
10.17	164.81	174.61	554.37	698.46	1108.73
10.18	164.81	174.61	293.66	554.37	698.46	1108.73
10.19	164.81	174.61	293.66	554.37	698.46	1108.73
10.20	164.81	174.61	293.66	698.46	1108.73
10.21	164.81	174.61	293.66	698.46	1108.73
10.22	164.81	174.61	293.66	698.46	1108.73	1975.53
10.23	164.81	174.61	293.66	698.46	1108.73	1975.53
10.24	293.66	698.46	1108.73	1975.53
10.25	293.66	698.46	1108.73	1975.53
10.26	293.66	698.46	1108.73	1975.53
10.27	293.66	698.46	1975.53
10.28	293.66	698.46	1975.53
10.29	293.66	698.46	1975.53
10.30	293.66	698.46	1975.53
10.31	293.66	698.46	1975.53
10.32	293.66	698.46	1975.53
10.33	293.66	698.46
10.34	293.66	698.46
10.35	293.66	698.46
10.36	293.66	698.46
10.37	293.66	698.46
10.38	293.66	698.46	1760.00	2093.00
10.39	293.66	698.46	1760.00	2093.00
10.40	293.66	698.46	1760.00	2093.00
10.41	293.66	698.46	1760.00	2093.00
10.42	293.66	698.46	1760.00	2093.00
10.43	293.66	698.46	1760.00	2093.00
10.44	293.66	698.46	1760.00	2093.00
10.45	293.66	587.33	698.46
10.46	293.66	587.33	698.46
10.47	293.66	587.33	698.46
10.48	293.66	587.33	698.46
10.49	293.66	587.33	698.46
10.50	293.66	587.33	698.46
10.51	293.66	587.33	698.46
10.52	293.66	698.46	2349.32
10.53	293.66	698.46	2349.32
10.54	293.66	2349.32
10.55	293.66	2349.32
10.56	293.66	2349.32
10.57	293.66	2349.32
10.58	293.66	2349.32
10.59	293.66	587.33
10.60	293.66	587.33
10.61	293.66	587.33
10.62	293.66	587.33
10.63	293.66	587.33
10.64	293.66	587.33
10.65	293.66	587.33
10.66	293.66	587.33
10.67	293.66	587.33
10.68	293.66	587.33
10.69	293.66	523.25	587.33
10.70	293.66	523.25	587.33
10.71	293.66	523.25	587.33
10.72	293.66	523.25	587.33
10.73	293.66	523.25	587.33
10.74	293.66	523.25	587.33
10.75	293.66	523.25	587.33
10.76	293.66	523.25	587.33
10.77	293.66	523.25	587.33
10.78	293.66	523.25	587.33
10.79	293.66	523.25	587.33
10.80	293.66	466.16	523.25	587.33
10.81	293.66	466.16	523.25	587.33
10.82	293.66	466.16	587.33
10.83	293.66	466.16	587.33
10.84	293.66	466.16	587.33
10.85	293.66	466.16	587.33
10.86	293.66	466.16	587.33
10.87	293.66	466.16	587.33
10.88	293.66	466.16	587.33
10.89	293.66	466.16	587.33
10.90	293.66	466.16	587.33
10.91	293.66	466.16	587.33
10.92	293.66	466.16	587.33
10.93	293.66	466.16	587.33
10.94	293.66	440.00	466.16	587.33
10.95	293.66	440.00	466.16	587.33
10.96	220.00	293.66	440.00	466.16	587.33
10.97	220.00	293.66	440.00	466.16	587.33
10.98	220.00	293.66	440.00	587.33
10.99	220.00	293.66	440.00	587.33	659.26	1975.53
11.00	220.00	293.66	440.00	587.33	659.26	1975.53
11.01	220.00	440.00	587.33	659.26	1975.53
11.02	220.00	440.00	587.33	659.26	1975.53
11.03	220.00	440.00	659.26	1975.53
11.04	220.00	440.00	659.26	1975.53
11.05	220.00	440.00	659.26	1975.53
11.06	220.00	440.00	659.26	698.46	1975.53
11.07	220.00	440.00	659.26	698.46	1975.53
11.08	220.00	440.00	659.26	698.46	1975.53
11.09	220.00	440.00	659.26	698.46	1975.53
11.10	220.00	440.00	587.33	659.26	698.46	1975.53
11.11	220.00	440.00	587.33	659.26	698.46	1975.53
11.12	220.00	440.00	587.33	659.26	1975.53
11.13	220.00	440.00	587.33	659.26	1975.53
11.14	220.00	440.00	587.33	659.26	1975.53
11.15	220.00	440.00	587.33	659.26
11.16	220.00	440.00	587.33	659.26
11.17	220.00	440.00	587.33	659.26	1975.53
11.18	220.00	440.00	587.33	659.26	1975.53
11.19	440.00	587.33	659.26	1975.53
11.20	440.00	587.33	659.26	1975.53
11.21	440.00	587.33	659.26	1975.53
11.22	440.00	587.33	659.26	1975.53
11.23	440.00	587.33	659.26	1975.53
11.24	440.00	659.26	1975.53
11.25	440.00	659.26	1975.53
11.26	440.00	659.26	1975.53
11.27	440.00	659.26	1975.53
11.28	440.00	659.26	1975.53
11.29	440.00	659.26
11.30	440.00	659.26
11.31	440.00	554.37	659.26	1975.53
11.32	440.00	554.37	659.26	1975.53
11.33	440.00	554.37	659.26	1975.53
11.34	196.00	440.00	554.37	659.26	1975.53
11.35	196.00	440.00	554.37	659.26	1975.53
11.36	196.00	440.00	554.37	659.26	1975.53
11.37	196.00	440.00	554.37	659.26	1975.53
11.38	196.00	440.00	554.37	659.26	1975.53
11.39	196.00	440.00	554.37	659.26	1975.53
11.40	196.00	440.00	554.37	659.26
11.41	196.00	440.00	554.37	659.26
11.42	196.00	440.00	554.37	659.26
11.43	196.00	440.00	554.37	659.26	2217.46
11.44	196.00	440.00	554.37	659.26	2217.46
11.45	185.00	196.00	440.00	554.37	659.26	2217.46
11.46	185.00	196.00	440.00	554.37	659.26	2217.46
11.47	185.00	196.00	440.00	554.37	659.26	2217.46
11.48	185.00	196.00	440.00	554.37	659.26	2217.46
11.49	185.00	196.00	440.00	554.37	659.26	2217.46
11.50	185.00	196.00	440.00	554.37	659.26	2217.46
11.51	185.00	196.00	440.00	554.37	659.26	2217.46
11.52	174.61	185.00	196.00	440.00	554.37	659.26
11.53	174.61	185.00	196.00	440.00	554.37	659.26
11.54	174.61	185.00	440.00	554.37	659.26
11.55	174.61	185.00	440.00	554.37	659.26
11.56	174.61	185.00	440.00	554.37	659.26
11.57	174.61	185.00	554.37	659.26
11.58	174.61	185.00	554.37	659.26
11.59	164.81	174.61	185.00	554.37	659.26
11.60	164.81	174.61	185.00	554.37	659.26
11.61	164.81	174.61	196.00	554.37	659.26
11.62	164.81	174.61	196.00	554.37	659.26
11.63	164.81	174.61	196.00	554.37	659.26
11.64	164.81	174.61	196.00	554.37	659.26
11.65	164.81	174.61	196.00	554.37	659.26
11.66	164.81	174.61	196.00	554.37	659.26
11.67	164.81	174.61	196.00	554.37	659.26
11.68	164.81	174.61	196.00	554.37	659.26
11.69	164.81	174.61	196.00	554.37	659.26
11.70	164.81	174.61	196.00	554.37	659.26
11.71	164.81	174.61	196.00	554.37	659.26	739.99
11.72	164.81	174.61	196.00	554.37	659.26	739.99
11.73	164.81	174.61	196.00	440.00	523.25	554.37	659.26	739.99
11.74	164.81	174.61	196.00	440.00	523.25	554.37	659.26	739.99
11.75	164.81	174.61	440.00	523.25	554.37	739.99
11.76	164.81	174.61	440.00	523.25	554.37	739.99
11.77	164.81	174.61	440.00	523.25	554.37	739.99
11.78	164.81	174.61	440.00	523.25	554.37	739.99
11.79	164.81	174.61	440.00	523.25	554.37	739.99
11.80	174.61	440.00	523.25	554.37	739.99
11.81	174.61	440.00	523.25	554.37	739.99
11.82	174.61	440.00	523.25	739.99
11.83	174.61	440.00	523.25	739.99
11.84	440.00	523.25	739.99
11.85	440.00	523.25	739.99	1479.98
11.86	440.00	523.25	739.99	1479.98
11.87	440.00	523.25	739.99	1479.98
11.88	440.00	523.25	739.99	1479.98
11.89	440.00	523.25	739.99	1479.98
11.90	440.00	523.25	739.99	1479.98
11.91	440.00	523.25	739.99	1479.98
11.92	440.00	523.25	739.99	1479.98
11.93	440.00	523.25	739.99	1479.98
11.94	440.00	523.25	739.99	1479.98
11.95	440.00	523.25	739.99	1479.98
11.96	440.00	523.25	739.99	1479.98
11.97	440.00	523.25	739.99	1479.98
11.98	440.00	523.25	739.99	1479.98
11.99	440.00	523.25	739.99	1479.98
12.00	440.00	523.25	739.99	1479.98
12.01	440.00	523.25	739.99	1479.98
12.02	440.00	523.25	739.99	1479.98
12.03	440.00	523.25	739.99	1479.98
12.04	440.00	523.25	739.99	1479.98
12.05	440.00	523.25	739.99	1479.98
12.06	440.00	523.25	739.99	1479.98
12.07	440.00	523.25	739.99	1479.98
12.08	440.00	523.25	739.99
12.09	440.00	523.25	739.99
12.10	440.00	523.25	739.99
12.11	440.00	523.25	739.99
12.12	440.00	523.25	739.99
12.13	440.00	493.88	523.25	739.99	1479.98
12.14	440.00	493.88	523.25	739.99	1479.98
12.15	440.00	493.88	523.25	739.99	1479.98	2489.02
12.16	440.00	493.88	523.25	739.99	1479.98	2489.02
12.17	440.00	493.88	523.25	739.99	1479.98	2489.02
12.18	440.00	493.88	523.25	739.99	1479.98	2489.02
12.19	440.00	493.88	523.25	739.99	1479.98	2489.02
12.20	440.00	493.88	523.25	739.99	1479.98	2489.02
12.21	440.00	493.88	523.25	739.99	1479.98	2489.02
12.22	440.00	493.88	523.25	739.99	1479.98	2489.02
12.23	440.00	493.88	523.25	739.99	1479.98	2489.02
12.24	440.00	493.88	523.25	739.99	1479.98
12.25	440.00	493.88	523.25	739.99	1479.98
12.26	440.00	493.88	523.25	739.99	1479.98
12.27	440.00	493.88	523.25	739.99	1479.98
12.28	440.00	493.88	523.25	739.99	1479.98
12.29	440.00	493.88	523.25	739.99	1479.98
12.30	440.00	493.88	523.25	739.99	1479.98
12.31	440.00	493.88	523.25	739.99	1479.98
12.32	440.00	493.88	523.25	739.99	1479.98
12.33	440.00	493.88	523.25	739.99	1479.98
12.34	440.00	493.88	523.25	739.99	1479.98
12.35	440.00	493.88	523.25	739.99	1479.98
12.36	293.66	440.00	493.88	523.25	739.99	1479.98
12.37	293.66	440.00	493.88	523.25	739.99	1479.98
12.38	293.66	440.00	493.88	523.25	739.99	2349.32
12.39	293.66	440.00	493.88	523.25	739.99	2349.32
12.40	293.66	440.00	493.88	523.25	739.99	1760.00	2349.32
12.41	293.66	440.00	493.88	523.25	739.99	1760.00	2349.32
12.42	293.66	440.00	523.25	739.99	1760.00	2349.32
12.43	293.66	440.00	523.25	739.99	1760.00	2349.32
12.44	293.66	440.00	523.25	739.99	1760.00	2349.32
12.45	293.66	440.00	493.88	523.25	739.99	1760.00	2349.32
12.46	293.66	440.00	493.88	523.25	739.99	1760.00	2349.32
12.47	440.00	466.16	493.88	739.99	1760.00
12.48	440.00	466.16	493.88	739.99	1760.00
12.49	440.00	466.16	493.88	739.99
12.50	440.00	466.16	493.88	739.99	783.99
12.51	440.00	466.16	493.88	739.99	783.99
12.52	293.66	466.16	739.99	783.99	1567.98	1864.66
12.53	293.66	466.16	739.99	783.99	1567.98	1864.66
12.54	196.00	293.66	466.16	783.99	1567.98	1864.66
12.55	196.00	293.66	466.16	783.99	1567.98	1864.66
12.56	196.00	293.66	466.16	783.99	1567.98	1864.66
12.57	196.00	293.66	466.16	783.99	1567.98	1864.66	2349.32
12.58	196.00	293.66	466.16	783.99	1567.98	1864.66	2349.32
12.59	196.00	293.66	466.16	783.99	1864.66	2349.32
12.60	196.00	293.66	466.16	783.99	1864.66	2349.32
12.61	196.00	293.66	466.16	783.99	1567.98	2349.32
12.62	196.00	293.66	466.16	783.99	1567.98	2349.32
12.63	196.00	293.66	466.16	783.99	1567.98	2349.32
12.64	196.00	293.66	466.16	783.99	1567.98	2349.32
12.65	196.00	293.66	466.16	783.99	1567.98	2349.32
12.66	98.00	196.00	293.66	466.16	783.99	1567.98	1864.66	2349.32
12.67	98.00	196.00	293.66	466.16	783.99	1567.98	1864.66	2349.32
12.68	98.00	196.00	466.16	783.99	1567.98	1864.66
12.69	98.00	196.00	466.16	783.99	1567.98	1864.66
12.70	98.00	196.00	466.16	783.99	1864.66
12.71	98.00	196.00	466.16	783.99	1864.66	2349.32
12.72	98.00	196.00	466.16	783.99	1864.66	2349.32
12.73	98.00	196.00	466.16	783.99	1864.66	2349.32
12.74	98.00	196.00	466.16	783.99	1864.66	2349.32
12.75	98.00	196.00	466.16	783.99	1864.66	2349.32
12.76	98.00	196.00	466.16	783.99	1864.66	2349.32
12.77	98.00	196.00	466.16	783.99	1864.66	2349.32
12.78	98.00	196.00	466.16	783.99	1567.98	1864.66	2349.32
12.79	98.00	196.00	466.16	783.99	1567.98	1864.66	2349.32
12.80	196.00	466.16	783.99	1567.98	1864.66
12.81	196.00	466.16	783.99	1567.98	1864.66
12.82	196.00	466.16	783.99	1567.98	1864.66
12.83	196.00	466.16	783.99	1567.98	1864.66
12.84	196.00	466.16	783.99	1864.66
12.85	196.00	466.16	783.99	1864.66	2349.32
12.86	196.00	466.16	783.99	1864.66	2349.32
12.87	196.00	466.16	783.99	1864.66	2349.32
12.88	196.00	466.16	783.99	1864.66	2349.32
12.89	196.00	466.16	783.99	1864.66	2349.32
12.90	196.00	466.16	783.99	1864.66	2349.32
12.91	196.00	466.16	783.99	1864.66	2349.32
12.92	196.00	466.16	622.25	783.99	1567.98	1864.66	2349.32
12.93	196.00	466.16	622.25	783.99	1567.98	1864.66	2349.32
12.94	196.00	466.16	622.25	783.99	1567.98	1864.66
12.95	196.00	466.16	622.25	783.99	1567.98	1864.66
12.96	196.00	466.16	622.25	783.99	1567.98	1864.66
12.97	196.00	466.16	622.25	783.99	1567.98	1864.66
12.98	196.00	466.16	622.25	783.99	1567.98	1864.66
12.99	196.00	466.16	622.25	783.99	1567.98	1864.66
13.00	196.00	466.16	622.25	783.99	1864.66
13.01	196.00	466.16	622.25	783.99	1864.66
13.02	196.00	466.16	622.25	783.99	1864.66
13.03	196.00	466.16	622.25	783.99	1864.66
13.04	196.00	466.16	622.25	783.99	1864.66
13.05	196.00	466.16	783.99	1567.98	1864.66
13.06	196.00	466.16	783.99	1567.98	1864.66
13.07	196.00	466.16	783.99	1567.98	1864.66
13.08	196.00	466.16	783.99	1567.98	1864.66
13.09	196.00	466.16	783.99	1567.98	1864.66
13.10	196.00	466.16	622.25	783.99	1567.98	1864.66
13.11	196.00	466.16	622.25	783.99	1567.98	1864.66
13.12	196.00	466.16	622.25	783.99	1567.98	1864.66
13.13	196.00	466.16	622.25	783.99	1567.98	1864.66
13.14	196.00	466.16	622.25	783.99	1567.98	1864.66
13.15	196.00	466.16	622.25	783.99	1567.98	1864.66
13.16	196.00	466.16	622.25	783.99	1567.98	1864.66
13.17	196.00	466.16	622.25	783.99	1567.98	1864.66
13.18	196.00	466.16	622.25	783.99	1567.98	1864.66
13.19	196.00	233.08	466.16	622.25	783.99	1567.98	1864.66	2489.02
13.20	196.00	233.08	466.16	622.25	783.99	1567.98	1864.66	2489.02
13.21	196.00	233.08	466.16	1864.66	2489.02
13.22	196.00	233.08	466.16	830.61	1864.66	2489.02
13.23	196.00	233.08	466.16	830.61	1864.66	2489.02
13.24	196.00	233.08	830.61	2489.02
13.25	196.00	233.08	830.61	2489.02
13.26	196.00	830.61	2489.02
13.27	196.00	830.61	2489.02
13.28	196.00	830.61	2489.02
13.29	196.00	830.61	1661.22	2489.02
13.30	196.00	830.61	1661.22	2489.02
13.31	164.81	196.00	830.61	1661.22	2489.02
13.32	164.81	196.00	830.61	1661.22	2489.02
13.33	164.81	196.00	830.61	1661.22	2489.02
13.34	164.81	196.00	830.61	1661.22	2489.02
13.35	164.81	196.00	830.61	1661.22	2489.02
13.36	164.81	196.00	830.61	1661.22	2489.02
13.37	164.81	196.00	830.61	1661.22	2489.02
13.38	164.81	174.61	196.00	493.88	830.61	1661.22	2489.02
13.39	164.81	174.61	196.00	493.88	830.61	1661.22	2489.02
13.40	164.81	174.61	493.88	830.61
13.41	164.81	174.61	493.88	830.61
13.42	164.81	174.61	493.88	830.61
13.43	164.81	174.61	493.88	830.61	987.77	1661.22
13.44	164.81	174.61	493.88	830.61	987.77	1661.22
13.45	164.81	174.61	493.88	830.61	987.77	1661.22
13.46	164.81	174.61	493.88	830.61	987.77	1661.22
13.47	164.81	174.61	493.88	830.61	987.77	1661.22
13.48	164.81	174.61	493.88	830.61	987.77	1661.22
13.49	164.81	174.61	493.88	830.61	987.77
13.50	164.81	174.61	493.88	830.61	987.77
13.51	164.81	174.61	493.88	830.61	987.77
13.52	164.81	174.61	493.88	830.61	987.77
13.53	164.81	174.61	493.88	830.61	987.77
13.54	164.81	493.88	830.61	987.77
13.55	164.81	493.88	830.61	987.77
13.56	164.81	493.88	830.61	987.77
13.57	164.81	493.88	587.33	830.61	987.77
13.58	164.81	493.88	587.33	830.61	987.77
13.59	164.81	493.88	587.33	830.61
13.60	164.81	493.88	587.33	830.61
13.61	164.81	174.61	493.88	587.33	830.61
13.62	164.81	174.61	493.88	587.33	830.61
13.63	164.81	174.61	587.33	830.61
13.64	164.81	174.61	587.33	830.61
13.65	164.81	174.61	587.33	830.61
13.66	164.81	587.33	830.61	987.77
13.67	164.81	587.33	830.61	987.77
13.68	164.81	493.88	830.61	987.77
13.69	164.81	493.88	830.61	987.77
13.70	164.81	493.88	659.26	830.61	987.77
13.71	164.81	493.88	659.26	830.61	987.77
13.72	164.81	493.88	659.26	830.61
13.73	164.81	174.61	493.88	659.26	830.61	1975.53
13.74	164.81	174.61	493.88	659.26	830.61	1975.53
13.75	164.81	174.61	493.88	659.26	830.61	1975.53
13.76	164.81	174.61	493.88	659.26	830.61	1975.53
13.77	164.81	174.61	493.88	659.26	830.61	1975.53
13.78	164.81	174.61	493.88	659.26	830.61	1975.53
13.79	164.81	174.61	493.88	659.26
13.80	164.81	174.61	493.88	659.26
13.81	164.81	174.61	493.88	659.26
13.82	164.81	174.61	493.88	659.26	739.99
13.83	164.81	174.61	493.88	659.26	739.99
13.84	164.81	493.88	739.99
13.85	164.81	493.88	739.99
13.86	164.81	493.88	739.99
13.87	164.81	493.88	739.99
13.88	164.81	493.88	739.99
13.89	164.81	587.33	739.99
13.90	164.81	587.33	739.99
13.91	164.81	587.33	739.99
13.92	164.81	587.33	739.99
13.93	164.81	587.33	739.99
13.94	164.81	174.61	587.33	739.99	830.61
13.95	164.81	174.61	587.33	739.99	830.61
13.96	164.81	174.61	493.88	587.33	739.99	830.61	2489.02
13.97	164.81	174.61	493.88	587.33	739.99	830.61	2489.02
13.98	164.81	174.61	493.88	739.99	830.61	2489.02
13.99	164.81	174.61	493.88	739.99	830.61	2489.02
14.00	164.81	493.88	830.61	2489.02
14.01	164.81	493.88	830.61	2489.02
14.02	164.81	493.88	830.61	2489.02
14.03	164.81	493.88	830.61	2489.02
14.04	164.81	493.88	830.61	2489.02
14.05	164.81	493.88	830.61	880.00
14.06	164.81	493.88	830.61	880.00
14.07	164.81	493.88	830.61	880.00
14.08	164.81	493.88	523.25	830.61	880.00
14.09	164.81	493.88	523.25	830.61	880.00
14.10	110.00	440.00	523.25	830.61	880.00	1760.00
14.11	110.00	440.00	523.25	830.61	880.00	1760.00
14.12	110.00	440.00	523.25	830.61	880.00	1760.00
14.13	110.00	440.00	523.25	830.61	880.00	1760.00
14.14	110.00	440.00	523.25	830.61	880.00	1760.00
14.15	110.00	440.00	523.25	830.61	880.00	1760.00
14.16	110.00	440.00	523.25	830.61	880.00	1760.00
14.17	110.00	440.00	523.25	830.61	880.00	1760.00
14.18	110.00	440.00	523.25	830.61	880.00	1760.00
14.19	110.00	440.00	523.25	830.61	880.00	1760.00
14.20	110.00	440.00	523.25	830.61	880.00	1760.00
14.21	110.00	440.00	523.25	830.61	880.00
14.22	110.00	440.00	523.25	830.61	880.00
14.23	110.00	440.00	523.25	830.61	880.00
14.24	110.00	440.00	523.25	880.00	1760.00
14.25	110.00	440.00	523.25	880.00	1760.00
14.26	110.00	440.00	523.25	880.00	1760.00
14.27	110.00	440.00	523.25	880.00	1760.00
14.28	110.00	440.00	523.25	880.00	1760.00
14.29	110.00	440.00	523.25	880.00	1760.00
14.30	110.00	440.00	523.25	880.00	1760.00
14.31	110.00	440.00	523.25	880.00
14.32	110.00	440.00	523.25	880.00
14.33	110.00	440.00	523.25	880.00
14.34	110.00	440.00	523.25	880.00
14.35	110.00	440.00	523.25	880.00
14.36	110.00	440.00	523.25	880.00
14.37	110.00	440.00	523.25	880.00
14.38	110.00	440.00	523.25	880.00
14.39	110.00	440.00	523.25	880.00
14.40	440.00	523.25	880.00
14.41	440.00	523.25	880.00
14.42	440.00	523.25	880.00
14.43	440.00	523.25	880.00
14.44	440.00	523.25	880.00
14.45	440.00	523.25	880.00
14.46	440.00	523.25	880.00
14.47	440.00	523.25	880.00
14.48	440.00	523.25	880.00
14.49	440.00	523.25	880.00
14.50	440.00	523.25	880.00
14.51	440.00	523.25	880.00
14.52	220.00	440.00	523.25	554.37	880.00
14.53	220.00	440.00	523.25	554.37	880.00
14.54	220.00	440.00	466.16	523.25	554.37	880.00
14.55	220.00	440.00	466.16	523.25	554.37	880.00
14.56	220.00	440.00	466.16	523.25	554.37	880.00
14.57	220.00	440.00	466.16	523.25	554.37	880.00
14.58	220.00	440.00	466.16	523.25	880.00
14.59	220.00	440.00	466.16	523.25	880.00
14.60	220.00	440.00	466.16	523.25	880.00
14.61	220.00	246.94	466.16	523.25	880.00
14.62	220.00	246.94	466.16	523.25	880.00
14.63	220.00	246.94	523.25	880.00
14.64	220.00	246.94	523.25	880.00
14.65	220.00	246.94	523.25	880.00
14.66	220.00	246.94	261.63	523.25	880.00
14.67	220.00	246.94	261.63	523.25	880.00
14.68	246.94	261.63	523.25	880.00
14.69	246.94	261.63	523.25	880.00
14.70	261.63	523.25	880.00
14.71	261.63	523.25	880.00
14.72	261.63	523.25	880.00
14.73	261.63	277.18	440.00	523.25	880.00
14.74	261.63	277.18	440.00	523.25	880.00
14.75	261.63	277.18	440.00	523.25
14.76	261.63	277.18	440.00	523.25
14.77	261.63	277.18	440.00	523.25
14.78	261.63	277.18	440.00	523.25
14.79	261.63	277.18	523.25
14.80	261.63	277.18	523.25
14.81	261.63	277.18	523.25
14.82	261.63	880.00
14.83	261.63	880.00
14.84	261.63	880.00
14.85	261.63	880.00
14.86	261.63	880.00
14.87	261.63	554.37	880.00
14.88	261.63	554.37	880.00
14.89	261.63	554.37	880.00	2217.46
14.90	261.63	554.37	880.00	2217.46
14.91	261.63	554.37	880.00	2217.46
14.92	261.63	554.37	880.00	2217.46
14.93	261.63	554.37	880.00	2217.46
14.94	261.63	554.37	880.00	2217.46
14.95	261.63	554.37	880.00	2217.46
14.96	261.63	554.37	880.00
14.97	261.63	554.37	880.00
14.98	261.63	493.88	523.25	554.37	880.00
14.99	261.63	493.88	523.25	554.37	880.00
15.00	261.63	493.88	523.25	880.00
15.01	261.63	493.88	523.25	880.00
15.02	261.63	493.88	523.25	880.00
15.03	261.63	493.88	523.25	880.00
15.04	261.63	493.88	523.25	880.00
15.05	261.63	493.88	523.25	880.00
15.06	261.63	493.88	523.25	880.00
15.07	440.00	493.88	523.25	880.00
15.08	440.00	493.88	523.25	880.00
15.09	440.00	493.88	523.25	880.00
15.10	440.00	493.88	523.25	880.00
15.11	440.00	493.88	523.25	880.00
15.12	440.00	493.88	523.25	880.00
15.13	440.00	493.88	523.25	880.00
15.14	440.00	880.00
15.15	440.00	880.00
15.16	440.00	880.00
15.17	440.00	880.00
15.18	440.00	880.00
15.19	440.00	880.00
15.20	440.00	880.00
15.21	349.23	440.00	587.33	880.00
15.22	349.23	440.00	587.33	880.00
15.23	349.23	440.00	587.33	880.00
15.24	349.23	440.00	587.33	880.00	2349.32
15.25	349.23	440.00	587.33	880.00	2349.32
15.26	349.23	440.00	587.33	880.00	2349.32
15.27	349.23	440.00	587.33	880.00	2349.32
15.28	349.23	440.00	587.33	880.00	2349.32
15.29	349.23	440.00	587.33	880.00	2349.32
15.30	349.23	440.00	587.33	880.00	2349.32
15.31	349.23	440.00	587.33	880.00	2349.32
15.32	349.23	440.00	587.33	880.00	2349.32
15.33	349.23	440.00	587.33	880.00	2349.32
15.34	349.23	440.00	587.33	880.00	2349.32
15.35	220.00	329.63	349.23	440.00	587.33	880.00	2349.32
15.36	220.00	329.63	349.23	440.00	587.33	880.00	2349.32
15.37	220.00	329.63	349.23	587.33	880.00	2349.32
15.38	220.00	329.63	349.23	587.33	880.00	2349.32
15.39	220.00	329.63	349.23	587.33	880.00	2349.32
15.40	220.00	329.63	349.23	587.33	880.00
15.41	220.00	329.63	349.23	587.33	880.00
15.42	220.00	329.63	349.23	587.33	880.00	2349.32
15.43	220.00	329.63	349.23	587.33	880.00	2349.32
15.44	220.00	329.63	349.23	587.33	880.00	2349.32
15.45	220.00	329.63	349.23	587.33	880.00	2349.32
15.46	220.00	329.63	349.23	587.33	880.00	2349.32
15.47	220.00	329.63	587.33	880.00	2349.32
15.48	220.00	329.63	587.33	880.00	2349.32
15.49	220.00	293.66	587.33	880.00	2349.32
15.50	220.00	293.66	587.33	880.00	2349.32
15.51	220.00	293.66	587.33	880.00	2349.32
15.52	220.00	293.66	440.00	587.33	880.00	2349.32
15.53	220.00	293.66	440.00	587.33	880.00	2349.32
15.54	293.66	349.23	440.00	587.33	880.00	2349.32
15.55	293.66	349.23	440.00	587.33	880.00	2349.32
15.56	293.66	349.23	440.00	587.33	880.00
15.57	293.66	349.23	440.00	587.33	880.00
15.58	293.66	349.23	440.00	587.33	880.00
15.59	220.00	293.66	349.23	440.00	587.33	880.00
15.60	220.00	293.66	349.23	440.00	587.33	880.00
15.61	220.00	349.23	587.33	880.00
15.62	220.00	349.23	587.33	880.00
15.63	220.00	587.33	880.00	2349.32
15.64	220.00	587.33	880.00	2349.32
15.65	220.00	587.33	880.00	2349.32
15.66	220.00	329.63	587.33	880.00	2349.32
15.67	220.00	329.63	587.33	880.00	2349.32
15.68	220.00	329.63	587.33	880.00	2349.32
15.69	220.00	329.63	587.33	880.00	2349.32
15.70	220.00	329.63	587.33	880.00	1760.00	2349.32
15.71	220.00	329.63	587.33	880.00	1760.00	2349.32
15.72	220.00	329.63	587.33	880.00	1760.00	2349.32
15.73	220.00	329.63	587.33	880.00	1760.00	2349.32
15.74	220.00	329.63	587.33	880.00	1760.00	2349.32
15.75	220.00	329.63	587.33	880.00	1760.00	2349.32
15.76	220.00	329.63	587.33	880.00	1760.00	2349.32
15.77	220.00	329.63	587.33	880.00	1760.00	2349.32
15.78	220.00	329.63	587.33	880.00	1760.00	2349.32
15.79	220.00	329.63	587.33	880.00	2349.32
15.80	220.00	329.63	587.33	880.00	2349.32
15.81	220.00	329.63	587.33	880.00	2349.32
15.82	220.00	329.63	587.33	880.00	2349.32
15.83	220.00	329.63	587.33	880.00	2349.32
15.84	220.00	329.63	587.33	880.00	2349.32
15.85	220.00	329.63	587.33	880.00	2349.32
15.86	220.00	329.63	587.33	880.00	2349.32
15.87	220.00	329.63	587.33	880.00	2349.32
15.88	220.00	329.63	587.33	880.00	2349.32
15.89	220.00	329.63	587.33	880.00	2349.32
15.90	220.00	329.63	587.33	880.00	2349.32
15.91	220.00	329.63	587.33	880.00	2349.32
15.92	220.00	329.63	587.33	880.00	2349.32
15.93	220.00	329.63	587.33	880.00	2349.32
15.94	220.00	329.63	587.33	880.00	2349.32
15.95	220.00	329.63	587.33	880.00	2349.32
15.96	220.00	329.63	587.33	880.00	2349.32
15.97	220.00	329.63	587.33	880.00	2349.32
15.98	220.00	329.63	587.33	880.00	2349.32
15.99	220.00	329.63	587.33	880.00	2349.32
16.00	220.00	329.63	587.33	880.00	2349.32
16.01	220.00	329.63	587.33	880.00	2349.32
16.02	220.00	329.63	587.33	880.00	2349.32
16.03	220.00	329.63	587.33	880.00	2349.32
16.04	220.00	329.63	587.33	880.00	2349.32
16.05	220.00	329.63	587.33	880.00
16.06	220.00	329.63	587.33	880.00
16.07	220.00	329.63	554.37	587.33	880.00
16.08	220.00	329.63	554.37	587.33	880.00
16.09	220.00	329.63	554.37	587.33	880.00
16.10	220.00	329.63	554.37	587.33	880.00	1108.73
16.11	220.00	329.63	554.37	587.33	880.00	1108.73
16.12	220.00	329.63	554.37	587.33	880.00	1108.73
16.13	220.00	329.63	554.37	587.33	880.00	1108.73
16.14	220.00	329.63	554.37	880.00	1108.73	2217.46
16.15	220.00	329.63	554.37	880.00	1108.73	2217.46
16.16	220.00	329.63	554.37	880.00	1108.73	2217.46
16.17	220.00	329.63	554.37	880.00	1108.73	2217.46
16.18	220.00	329.63	554.37	880.00	1108.73	2217.46
16.19	220.00	329.63	554.37	880.00	2217.46
16.20	220.00	329.63	554.37	880.00	2217.46
16.21	220.00	329.63	554.37	880.00	1108.73	2217.46
16.22	220.00	329.63	554.37	880.00	1108.73	2217.46
16.23	220.00	329.63	554.37	880.00	1108.73
16.24	220.00	329.63	554.37	880.00	1108.73
16.25	220.00	329.63	554.37	880.00	1108.73
16.26	220.00	329.63	554.37	880.00	1108.73
16.27	220.00	329.63	554.37	880.00	1108.73
16.28	220.00	329.63	554.37	880.00	1108.73
16.29	220.00	329.63	554.37	880.00	1108.73
16.30	220.00	329.63	554.37	880.00	1108.73
16.31	220.00	329.63	554.37	880.00	1108.73
16.32	220.00	329.63	554.37	880.00	1108.73
16.33	220.00	329.63	554.37	880.00
16.34	220.00	329.63	554.37	880.00
16.35	220.00	329.63	554.37	880.00
16.36	220.00	329.63	554.37	880.00
16.37	220.00	329.63	554.37	880.00
16.38	220.00	329.63	554.37	880.00
16.39	220.00	329.63	554.37	880.00
16.40	220.00	329.63	554.37	880.00
16.41	220.00	329.63	554.37	880.00
16.42	220.00	329.63	554.37	880.00
16.43	220.00	329.63	554.37	880.00
16.44	220.00	329.63	880.00
16.45	220.00	329.63	880.00
16.46	220.00	329.63	880.00
16.47	220.00	329.63	880.00
16.48	220.00	329.63	880.00
16.49	220.00	329.63	880.00
16.50	220.00	329.63	880.00
16.51	220.00	329.63	880.00
16.52	220.00	329.63	880.00
16.53	220.00	329.63	880.00
16.54	220.00	329.63	880.00
16.55	220.00	329.63	880.00
16.56	329.63	880.00
16.57	329.63	880.00
16.58	293.66	329.63	880.00
16.59	293.66	329.63	880.00
16.60	293.66	880.00
16.61	220.00	293.66	880.00
16.62	220.00	293.66	880.00
16.63	220.00	293.66	880.00
16.64	220.00	293.66	880.00
16.65	220.00	293.66
16.66	220.00	293.66
16.67	220.00	293.66
16.68	220.00	293.66
16.69	220.00	293.66
16.70	220.00	293.66
16.71	220.00	293.66
16.72	293.66
16.73	293.66
16.74	293.66
16.75	293.66
16.76	293.66
16.77	293.66	587.33
16.78	293.66	587.33
16.79	293.66	587.33
16.80	293.66	587.33
16.81	293.66	587.33
16.82	293.66	587.33
16.83	293.66	587.33
16.84	293.66	587.33
16.85	293.66	587.33
16.86	293.66	587.33
16.87	293.66	587.33
16.88	293.66	587.33
16.89	293.66	587.33
16.90	293.66	587.33
16.91	293.66	587.33
16.92	293.66	587.33
16.93	293.66	587.33
16.94	293.66	587.33
16.95	293.66
16.96	293.66
16.97	293.66
16.98	293.66
16.99	293.66
17.00	293.66	587.33
17.01	293.66	587.33
17.02	293.66	587.33
17.03	293.66	587.33
17.04	293.66	587.33
17.05	293.66	587.33
17.06	293.66	587.33
17.07	293.66	587.33
17.08	293.66	587.33
17.09	293.66
17.10	293.66
17.11	293.66
17.12	293.66
17.13	293.66
17.14	293.66
17.15	293.66
17.16	293.66
17.17	293.66
17.18	293.66
17.19	293.66	523.25
17.20	293.66	523.25
17.21	293.66	523.25
17.22	293.66	523.25
17.23	293.66	523.25
17.24	293.66	523.25
17.25	293.66	523.25
17.26	293.66	523.25
17.27	293.66	523.25
17.28	293.66	523.25
17.29	293.66	523.25
17.30	523.25
17.31	523.25
17.32	523.25
17.33	523.25	932.33
17.34	523.25	932.33
17.35	466.16	932.33
17.36	466.16	932.33
17.37	466.16	932.33
17.38	466.16	932.33
17.39	466.16	932.33
17.40	466.16	932.33
17.41	466.16	932.33
17.42	466.16	932.33
17.43	466.16	932.33
17.44	466.16
17.45	466.16
17.46
17.47
17.48
17.49	440.00
17.50	440.00
17.51	440.00
17.52	440.00
17.53	440.00
17.54	440.00
17.55	440.00
17.56	440.00
17.57	440.00
17.58	440.00
17.59	440.00
17.60	440.00
17.61	440.00
17.62	440.00
17.63	440.00
17.64	440.00
17.65	440.00
17.66	440.00
17.67	440.00
17.68	440.00
17.69	440.00
17.70	440.00
17.71	440.00
17.72	440.00
17.73	440.00
17.74	440.00
17.75	440.00
17.76	440.00
17.77	440.00
17.78	440.00
17.79	440.00
17.80	440.00
17.81	440.00
17.82	440.00
17.83	440.00
17.84	277.18	440.00
17.85	277.18	440.00
17.86	277.18	329.63	440.00
17.87	277.18	329.63	440.00
17.88	138.59	277.18	329.63	440.00
17.89	138.59	277.18	329.63	440.00
17.90	138.59	277.18	329.63	440.00
17.91	138.59	277.18	329.63	440.00
17.92	138.59	277.18	329.63	440.00
17.93	138.59	440.00
17.94	138.59	440.00
17.95	440.00
17.96	440.00
17.97	440.00
17.98	440.00
17.99	440.00
18.00	440.00
18.01	440.00
18.02	440.00
18.03	440.00
18.04	440.00
18.05	440.00	880.00
18.06	440.00	880.00
18.07	440.00	880.00
18.08	440.00	880.00
18.09	440.00	880.00
18.10	440.00	880.00
18.11	440.00	880.00
18.12	440.00	880.00
18.13	440.00	880.00
18.14	440.00	880.00
18.15	440.00	880.00
18.16	110.00	440.00
18.17	110.00	440.00
18.18	110.00	440.00
18.19	110.00	440.00
18.20	110.00	440.00
18.21	110.00	440.00
18.22	110.00	440.00
18.23	440.00
18.24	440.00
18.25	440.00
18.26	440.00
18.27	440.00
18.28	698.46
18.29	698.46
18.30	698.46
18.31	698.46
18.32	698.46
18.33	698.46
18.34	698.46
18.35	698.46
18.36	698.46
18.37	146.83	698.46
18.38	146.83	698.46
18.39	146.83	698.46
18.40	146.83	698.46
18.41	146.83	698.46
18.42	146.83	698.46
18.43	146.83	698.46
18.44	146.83	698.46	739.99	2093.00
18.45	146.83	698.46	739.99	2093.00
18.46	698.46	739.99	2093.00
18.47	698.46	739.99	2093.00
18.48	698.46	739.99	2093.00
18.49	698.46	739.99	2093.00
18.50	698.46	739.99	2093.00
18.51	698.46	739.99	2093.00
18.52	698.46	739.99	2093.00
18.53	698.46
18.54	698.46
18.55	698.46
18.56	698.46
18.57	698.46
18.58	698.46	2093.00
18.59	698.46	2093.00
18.60	698.46	2093.00
18.61	698.46	2093.00
18.62	698.46	2093.00
18.63	146.83	293.66	698.46	2093.00
18.64	146.83	293.66	698.46	2093.00
18.65	146.83	293.66	698.46
18.66	146.83	293.66	698.46
18.67	146.83	293.66	698.46
18.68	146.83	293.66	698.46
18.69	146.83	293.66
18.70	146.83	293.66
18.71	146.83	293.66
18.72	146.83	622.25
18.73	146.83	622.25
18.74	146.83	622.25
18.75	146.83	622.25
18.76	146.83	622.25
18.77	146.83	622.25
18.78	146.83	622.25
18.79	146.83	622.25
18.80	146.83	622.25
18.81	146.83
18.82	146.83
18.83	146.83
18.84	146.83	523.25
18.85	146.83	523.25
18.86	146.83	523.25
18.87	146.83	523.25
18.88	146.83	523.25
18.89	146.83	523.25
18.90	523.25
18.91	523.25
18.92	523.25
18.93	523.25
18.94	523.25
18.95	146.83	523.25
18.96	146.83	523.25
18.97	146.83	523.25
18.98	146.83	466.16	523.25	932.33
18.99	146.83	466.16	523.25	932.33
19.00	146.83	293.66	466.16	523.25	932.33
19.01	146.83	293.66	466.16	523.25	932.33
19.02	146.83	293.66	466.16	932.33
19.03	146.83	293.66	466.16	932.33
19.04	146.83	293.66	466.16	932.33
19.05	146.83	293.66	466.16	932.33
19.06	146.83	293.66	466.16	932.33
19.07	466.16
19.08	466.16
19.09	440.00
19.10	440.00
19.11	440.00
19.12	440.00
19.13	440.00
19.14	440.00
19.15	440.00
19.16	440.00
19.17	440.00
19.18	440.00
19.19	440.00
19.20	440.00
19.21	440.00
19.22	440.00
19.23	440.00
19.24	440.00
19.25	440.00
19.26	440.00
19.27	440.00
19.28	440.00
19.29	440.00
19.30	440.00	880.00
19.31	440.00	880.00
19.32	440.00	880.00
19.33	440.00	880.00
19.34	440.00	880.00
19.35	440.00	880.00
19.36	440.00	880.00
19.37	440.00	880.00
19.38	440.00	880.00
19.39	440.00	880.00
19.40	440.00	880.00
19.41	440.00	880.00
19.42	440.00	880.00
19.43	440.00	880.00
19.44	440.00
19.45	440.00
19.46	277.18	440.00
19.47	277.18	440.00
19.48	277.18	440.00
19.49	277.18	440.00
19.50	277.18	440.00
19.51	277.18	329.63	440.00
19.52	277.18	329.63	440.00
19.53	277.18	329.63	440.00
19.54	277.18	329.63	440.00
19.55	329.63	440.00
19.56	329.63	440.00
19.57	329.63	440.00
19.58	440.00
19.59	440.00
19.60	440.00
19.61	440.00
19.62	440.00
19.63	440.00
19.64	440.00
19.65	440.00
19.66	440.00
19.67	440.00
19.68	440.00
19.69	440.00
19.70	440.00
19.71	440.00
19.72	110.00	440.00
19.73	110.00	440.00
19.74	110.00	440.00
19.75	110.00	440.00
19.76	110.00	440.00
19.77	110.00	440.00
19.78	110.00	440.00
19.79	110.00	440.00
19.80	110.00	440.00
19.81	110.00	440.00
19.82	110.00	440.00
19.83	146.83	440.00
19.84	146.83	440.00
19.85	146.83
19.86	146.83
19.87	146.83
19.88	146.83
19.89	146.83
19.90	146.83	293.66
19.91	146.83	293.66
19.92	146.83	293.66
19.93	146.83	293.66	698.46
19.94	146.83	293.66	698.46
19.95	146.83	293.66	698.46
19.96	146.83	293.66	698.46
19.97	146.83	293.66	698.46
19.98	146.83	293.66	698.46
19.99	146.83	293.66	698.46
20.00	146.83	293.66	698.46
20.01	146.83	293.66	698.46
20.02	146.83	293.66	698.46
20.03	146.83	293.66	698.46
20.04	146.83	293.66	698.46
20.05	146.83	293.66	698.46
20.06	146.83	293.66	698.46
20.07	146.83	293.66	698.46
20.08	146.83	293.66	698.46
20.09	146.83	698.46
20.10	146.83	698.46
20.11	146.83	698.46
20.12	146.83	698.46
20.13	146.83	698.46
20.14	146.83	293.66	698.46
20.15	146.83	293.66	698.46
20.16	146.83	293.66	698.46
20.17	146.83	293.66	698.46
20.18	146.83	293.66	698.46
20.19	146.83	293.66	698.46
20.20	146.83	293.66	698.46
20.21	146.83	293.66	698.46
20.22	146.83	293.66	698.46
20.23	146.83	293.66	698.46
20.24	146.83	293.66	698.46
20.25	146.83	698.46	2093.00
20.26	146.83	698.46	2093.00
20.27	146.83	698.46	2093.00
20.28	146.83	293.66	698.46	2093.00
20.29	146.83	293.66	698.46	2093.00
20.30	146.83	293.66	698.46	2093.00
20.31	146.83	293.66	698.46	2093.00
20.32	146.83	155.56	293.66	698.46	2093.00
20.33	146.83	155.56	293.66	698.46	2093.00
20.34	146.83	155.56	293.66	698.46
20.35	146.83	155.56	293.66	698.46
20.36	146.83	155.56	293.66	698.46
20.37	155.56	164.81	174.61	293.66	698.46
20.38	155.56	164.81	174.61	293.66	698.46
20.39	155.56	164.81	174.61	293.66	698.46
20.40	155.56	164.81	174.61	293.66	698.46
20.41	164.81	174.61	293.66	698.46
20.42	164.81	174.61	293.66	698.46
20.43	164.81	174.61	293.66	698.46
20.44	164.81	174.61	293.66	698.46
20.45	164.81	174.61	293.66	698.46
20.46	164.81	174.61	698.46
20.47	164.81	174.61	698.46
20.48	164.81	174.61	698.46
20.49	164.81	174.61	698.46
20.50	164.81	174.61	698.46
20.51	164.81	174.61	698.46
20.52	164.81	174.61	698.46
20.53	174.61	698.46
20.54	174.61	698.46
20.55	174.61	698.46
20.56	174.61	698.46
20.57	174.61	698.46
20.58	174.61	698.46
20.59	174.61	698.46
20.60	164.81	174.61	587.33	698.46
20.61	164.81	174.61	587.33	698.46
20.62	164.81	174.61	587.33
20.63	164.81	174.61	587.33
20.64	164.81	174.61	587.33
20.65	164.81	174.61	587.33	698.46
20.66	164.81	174.61	587.33	698.46
20.67	174.61	587.33	698.46	880.00
20.68	174.61	587.33	698.46	880.00
20.69	174.61	587.33	698.46	880.00
20.70	174.61	587.33	698.46	880.00
20.71	587.33	698.46	880.00
20.72	587.33	698.46	880.00
20.73	587.33	698.46	880.00
20.74	587.33	880.00
20.75	587.33	880.00
20.76	174.61	587.33	880.00
20.77	174.61	587.33	880.00
20.78	174.61	587.33	880.00
20.79	116.54	174.61	587.33	880.00	932.33
20.80	116.54	174.61	587.33	880.00	932.33
20.81	116.54	174.61	880.00	932.33
20.82	116.54	174.61	880.00	932.33
20.83	116.54	174.61	293.66	880.00	932.33
20.84	116.54	174.61	293.66	880.00	932.33
20.85	116.54	293.66	880.00	932.33
20.86	116.54	293.66	880.00	932.33
20.87	116.54	293.66	880.00	932.33
20.88	116.54	293.66	880.00
20.89	116.54	293.66	880.00
20.90	116.54	293.66	880.00	932.33
20.91	116.54	293.66	880.00	932.33
20.92	116.54	880.00	932.33
20.93	116.54	880.00	932.33
20.94	116.54	880.00	932.33
20.95	116.54	349.23	880.00	932.33
20.96	116.54	349.23	880.00	932.33
20.97	116.54	349.23	880.00	932.33
20.98	116.54	349.23	880.00	932.33
20.99	116.54	349.23	880.00	932.33
21.00	116.54	349.23	880.00	932.33	1760.00
21.01	116.54	349.23	880.00	932.33	1760.00
21.02	116.54	349.23	880.00	932.33	1760.00
21.03	116.54	349.23	880.00	932.33	1760.00
21.04	116.54	349.23	880.00	932.33	1760.00
21.05	116.54	349.23	880.00	932.33	1760.00
21.06	116.54	880.00	932.33
21.07	116.54	880.00	932.33
21.08	116.54	880.00	932.33
21.09	116.54	880.00	932.33
21.10	116.54	880.00	932.33
21.11	116.54	349.23	880.00	932.33
21.12	116.54	349.23	880.00	932.33
21.13	116.54	349.23	880.00
21.14	116.54	349.23	880.00
21.15	116.54	349.23	880.00
21.16	116.54	349.23	880.00
21.17	116.54	349.23	880.00
21.18	116.54	349.23	880.00
21.19	116.54	349.23	880.00
21.20	116.54	349.23
21.21	116.54	349.23
21.22	116.54
21.23	116.54	783.99	880.00
21.24	116.54	783.99	880.00
21.25	116.54	783.99	880.00	1567.98
21.26	116.54	783.99	880.00	1567.98
21.27	116.54	783.99	880.00	1567.98
21.28	116.54	783.99	880.00	1567.98
21.29	116.54	783.99	1567.98
21.30	116.54	783.99	1567.98
21.31	116.54	783.99	1567.98
21.32	116.54	349.23	698.46	783.99
21.33	116.54	349.23	698.46	783.99
21.34	116.54	349.23	698.46	783.99
21.35	116.54	349.23	698.46	783.99
21.36	116.54	349.23	698.46
21.37	116.54	349.23	698.46
21.38	116.54	349.23	698.46
21.39	116.54	349.23	698.46
21.40	116.54	349.23	698.46
21.41	116.54	349.23	698.46
21.42	116.54	349.23	698.46
21.43	116.54	349.23	698.46
21.44	116.54	349.23	698.46
21.45	116.54	349.23	698.46
21.46	116.54	349.23	698.46
21.47	116.54	349.23	698.46
21.48	116.54	698.46
21.49	116.54	698.46
21.50	698.46
21.51	698.46
21.52	698.46
21.53	698.46
21.54	698.46
21.55	110.00	698.46
21.56	110.00	698.46
21.57	110.00	698.46
21.58	110.00	698.46
21.59	110.00	698.46
21.60	110.00	698.46
21.61	110.00	698.46
21.62	110.00	698.46
21.63	110.00	698.46
21.64	698.46
21.65	698.46
21.66	698.46
21.67	698.46
21.68	698.46
21.69	110.00	698.46	2093.00
21.70	110.00	698.46	2093.00
21.71	110.00	698.46	2093.00
21.72	110.00	698.46	2093.00
21.73	110.00	698.46	2093.00
21.74	110.00	698.46	2093.00
21.75	110.00	698.46	2093.00
21.76	110.00	698.46	2093.00
21.77	110.00	698.46	2093.00
21.78	110.00	698.46
21.79	110.00	698.46
21.80	110.00	698.46
21.81	110.00	698.46
21.82	110.00	698.46
21.83	110.00	698.46
21.84	110.00	698.46
21.85	110.00	698.46
21.86	110.00	659.26	698.46
21.87	110.00	659.26	698.46
21.88	110.00	659.26	698.46
21.89	110.00	659.26	698.46
21.90	110.00	659.26	698.46
21.91	110.00	659.26	698.46
21.92	110.00	659.26	698.46	1975.53
21.93	110.00	659.26	698.46	1975.53
21.94	110.00	659.26	698.46	1975.53
21.95	110.00	659.26	698.46	1975.53
21.96	110.00	659.26	698.46	1975.53
21.97	110.00	659.26	698.46	1975.53
21.98	110.00	659.26	698.46	1975.53
21.99	110.00	659.26	698.46	1975.53
22.00	110.00	659.26	698.46	1975.53
22.01	110.00	659.26	698.46
22.02	110.00	659.26	698.46
22.03	110.00	659.26	698.46
22.04	110.00	659.26	698.46
22.05	110.00	659.26	698.46
22.06	110.00	659.26	698.46
22.07	110.00	659.26	698.46
22.08	659.26	698.46
22.09	659.26	698.46
22.10	659.26	698.46
22.11	659.26	698.46
22.12	659.26	698.46
22.13	659.26	698.46
22.14	659.26	698.46
22.15	659.26	698.46
22.16	659.26	698.46
22.17	659.26	698.46
22.18	659.26	698.46
22.19	659.26	698.46
22.20	659.26	698.46
22.21	659.26	698.46
22.22	659.26	698.46
22.23	659.26	698.46
22.24	659.26	698.46
22.25	659.26	698.46
22.26	659.26	698.46
22.27	659.26	698.46
22.28	659.26	698.46
22.29	659.26
22.30	110.00	261.63	659.26
22.31	110.00	261.63	659.26
22.32	110.00	261.63	659.26
22.33	110.00	261.63	659.26
22.34	110.00	261.63	659.26
22.35	110.00	261.63	659.26
22.36	110.00	659.26
22.37	110.00	659.26
22.38	110.00	659.26
22.39	659.26
22.40	659.26
22.41	659.26
22.42	659.26
22.43	659.26
22.44	622.25	659.26
22.45	622.25	659.26
22.46	622.25	659.26
22.47	622.25	659.26
22.48	622.25
22.49	622.25
22.50	622.25
22.51	622.25	1864.66
22.52	622.25	1864.66
22.53	1864.66	2489.02
22.54	1864.66	2489.02
22.55	622.25	1864.66	2489.02
22.56	622.25	1864.66	2489.02
22.57	622.25	1864.66	2489.02
22.58	622.25	1864.66	2489.02
22.59	622.25	2489.02
22.60	622.25	2489.02
22.61	622.25	2489.02
22.62	622.25	2489.02
22.63	622.25	2489.02
22.64	622.25	2489.02
22.65	622.25	2489.02
22.66	622.25
22.67	622.25
22.68	622.25
22.69	261.63	622.25
22.70	261.63	622.25
22.71	261.63	622.25
22.72	261.63	622.25
22.73	261.63	622.25
22.74	261.63	622.25
22.75	261.63	622.25
22.76	261.63	622.25
22.77	261.63	622.25
22.78	622.25
22.79	622.25
22.80	622.25
22.81	622.25
22.82	622.25
22.83	622.25
22.84	622.25
22.85
22.86
22.87
22.88
22.89
22.90
22.91
22.92
22.93
22.94
22.95
22.96
22.97
22.98
22.99
23.00
23.01
23.02
23.03
23.04
23.05
23.06
23.07
23.08
23.09
23.10
23.11
23.12
23.13
23.14
23.15
23.16
23.17
23.18
23.19
23.20
23.21
23.22
23.23
23.24
23.25
23.26
23.27
23.28
23.29
23.30
23.31
23.32
23.33
23.34
23.35
23.36
23.37
23.38
23.39
23.40
23.41
23.42
23.43
23.44
23.45
23.46
23.47
23.48
23.49
23.50
23.51
23.52
23.53
23.54
23.55
23.56
23.57
23.58
23.59
23.60
23.61
23.62
23.63
23.64
23.65
23.66
23.67
23.68
23.69
23.70
23.71
23.72
23.73
23.74
23.75
23.76
