0.01	
0.02	
0.03	
0.04	
0.05	
0.06	
0.07	
0.08	
0.09	
0.10	
0.11	
0.12	
0.13	
0.14	
0.15	
0.16	
0.17	
0.18	
0.19	
0.20	
0.21	
0.22	
0.23	
0.24	
0.25	
0.26	
0.27	
0.28	
0.29	
0.30	
0.31	
0.32	
0.33	
0.34	
0.35	
0.36	
0.37	
0.38	
0.39	
0.40	
0.41	
0.42	
0.43	
0.44	
0.45	
0.46	
0.47	
0.48	
0.49	
0.50	
0.51	
0.52	
0.53	
0.54	
0.55	
0.56	
0.57	
0.58	
0.59	
0.60	
0.61	
0.62	
0.63	
0.64	
0.65	
0.66	
0.67	
0.68	
0.69	
0.70	
0.71	
0.72	
0.73	
0.74	
0.75	
0.76	
0.77	
0.78	
0.79	
0.80	
0.81	
0.82	
0.83	
0.84	
0.85	
0.86	
0.87	
0.88	
0.89	
0.90	
0.91	
0.92	
0.93	
0.94	
0.95	
0.96	
0.97	
0.98	
0.99	
1.00	
1.01	
1.02	
1.03	
1.04	
1.05	
1.06	
1.07	
1.08	
1.09	
1.10	
1.11	
1.12	
1.13	
1.14	
1.15	
1.16	
1.17	
1.18	
1.19	
1.20	
1.21	
1.22	
1.23	
1.24	
1.25	
1.26	
1.27	
1.28	
1.29	
1.30	
1.31	
1.32	
1.33	
1.34	
1.35	
1.36	
1.37	
1.38	
1.39	
1.40	
1.41	
1.42	
1.43	
1.44	
1.45	
1.46	
1.47	
1.48	
1.49	
1.50	
1.51	
1.52	
1.53	
1.54	
1.55	
1.56	
1.57	
1.58	
1.59	
1.60	
1.61	
1.62	
1.63	
1.64	
1.65	
1.66	
1.67	
1.68	
1.69	
1.70	
1.71	
1.72	
1.73	
1.74	
1.75	
1.76	
1.77	
1.78	
1.79	
1.80	
1.81	
1.82	
1.83	
1.84	
1.85	
1.86	
1.87	
1.88	
1.89	
1.90	
1.91	
1.92	
1.93	
1.94	
1.95	
1.96	
1.97	
1.98	
1.99	
2.00	
2.01	
2.02	
2.03	
2.04	
2.05	
2.06	
2.07	
2.08	
2.09	
2.10	
2.11	
2.12	
2.13	
2.14	
2.15	
2.16	
2.17	
2.18	
2.19	
2.20	
2.21	
2.22	
2.23	
2.24	
2.25	
2.26	
2.27	
2.28	
2.29	
2.30	
2.31	
2.32	
2.33	
2.34	
2.35	
2.36	
2.37	
2.38	
2.39	
2.40	
2.41	
2.42	
2.43	
2.44	
2.45	
2.46	
2.47	
2.48	
2.49	
2.50	
2.51	
2.52	
2.53	
2.54	
2.55	
2.56	
2.57	
2.58	
2.59	
2.60	
2.61	
2.62	
2.63	
2.64	
2.65	
2.66	
2.67	
2.68	
2.69	
2.70	
2.71	
2.72	
2.73	
2.74	
2.75	
2.76	
2.77	
2.78	
2.79	622.25
2.80	622.25	61.74
2.81	622.25	61.74
2.82	622.25	61.74
2.83	622.25	61.74
2.84	622.25	61.74
2.85	622.25	61.74
2.86	622.25	61.74
2.87	622.25	61.74
2.88	622.25	61.74
2.89	622.25	61.74
2.90	622.25	61.74
2.91	622.25	61.74
2.92	622.25	61.74
2.93	622.25	61.74
2.94	622.25	61.74
2.95	622.25	61.74
2.96	622.25	61.74
2.97	622.25	61.74
2.98	622.25	61.74
2.99	622.25	61.74
3.00	622.25	61.74
3.01	622.25	61.74
3.02	622.25	61.74
3.03	622.25	61.74
3.04	622.25	61.74
3.05	622.25	61.74
3.06	622.25	61.74
3.07	622.25	61.74
3.08	622.25	61.74
3.09	622.25	61.74
3.10	622.25	61.74
3.11	622.25	61.74
3.12	622.25	61.74
3.13	622.25	61.74
3.14	622.25	61.74
3.15	622.25	61.74
3.16	622.25	61.74
3.17	622.25	61.74
3.18	622.25	61.74
3.19	622.25	61.74	369.99
3.20	622.25	369.99
3.21	622.25	369.99
3.22	622.25	369.99
3.23	622.25	369.99
3.24	622.25	369.99
3.25	622.25	369.99
3.26	622.25	369.99
3.27	622.25	369.99
3.28	622.25	369.99
3.29	622.25	369.99
3.30	622.25	369.99
3.31	622.25	369.99
3.32	622.25	369.99
3.33	622.25	369.99
3.34	622.25	369.99
3.35	622.25	369.99
3.36	622.25	369.99
3.37	622.25	369.99
3.38	622.25	369.99
3.39	622.25	369.99
3.40	622.25	369.99
3.41	622.25	369.99
3.42	622.25	369.99
3.43	622.25	369.99
3.44	622.25	369.99
3.45	622.25	369.99
3.46	622.25	369.99
3.47	622.25	369.99
3.48	622.25	369.99
3.49	622.25	369.99
3.50	622.25	369.99
3.51	622.25	369.99
3.52	622.25	369.99
3.53	622.25	369.99
3.54	622.25	369.99
3.55	622.25	369.99
3.56	622.25	369.99
3.57	622.25	369.99
3.58	622.25	369.99
3.59	622.25	369.99
3.60	622.25	369.99
3.61	622.25	369.99
3.62	622.25	369.99
3.63	622.25	369.99
3.64	622.25	369.99
3.65	622.25	369.99
3.66	622.25	369.99
3.67	622.25	369.99
3.68	622.25	369.99
3.69	622.25	369.99
3.70	622.25	369.99
3.71	622.25	369.99
3.72	622.25	369.99
3.73	622.25	369.99
3.74	622.25	369.99
3.75	622.25	369.99	185.00	659.26
3.76	622.25	369.99	185.00	659.26
3.77	622.25	369.99	185.00	659.26
3.78	622.25	369.99	185.00	659.26
3.79	622.25	369.99	185.00	659.26
3.80	622.25	185.00	659.26
3.81	185.00	659.26
3.82	185.00	659.26
3.83	185.00	659.26
3.84	185.00	659.26
3.85	185.00	659.26
3.86	185.00	659.26
3.87	185.00	659.26
3.88	185.00	659.26
3.89	185.00	659.26
3.90	185.00	659.26
3.91	185.00	659.26
3.92	185.00	659.26
3.93	185.00	659.26
3.94	185.00	659.26
3.95	185.00	659.26
3.96	185.00	659.26
3.97	185.00	659.26
3.98	185.00	659.26
3.99	185.00	659.26
4.00	185.00	659.26
4.01	185.00	659.26
4.02	185.00	659.26
4.03	185.00	659.26
4.04	185.00	659.26
4.05	185.00	659.26
4.06	185.00	659.26
4.07	185.00	659.26
4.08	185.00	659.26
4.09	185.00	659.26	369.99
4.10	185.00	659.26	369.99
4.11	185.00	659.26	369.99
4.12	659.26	369.99
4.13	659.26	369.99
4.14	659.26	369.99
4.15	659.26	369.99
4.16	659.26	369.99
4.17	659.26	369.99
4.18	659.26	369.99
4.19	659.26	369.99
4.20	659.26	369.99
4.21	659.26	369.99
4.22	659.26	369.99
4.23	659.26	369.99
4.24	659.26	369.99
4.25	659.26	369.99
4.26	659.26	369.99	622.25
4.27	659.26	369.99	622.25
4.28	659.26	369.99	622.25
4.29	659.26	369.99	622.25
4.30	659.26	369.99	622.25
4.31	659.26	369.99	622.25
4.32	659.26	369.99	622.25
4.33	369.99	622.25
4.34	369.99	622.25
4.35	369.99	622.25
4.36	369.99	622.25
4.37	369.99	622.25
4.38	369.99	622.25
4.39	369.99	622.25
4.40	369.99	622.25
4.41	369.99	622.25
4.42	369.99	622.25
4.43	369.99	622.25
4.44	622.25	329.63	554.37
4.45	622.25	329.63	554.37	233.08
4.46	622.25	329.63	554.37	233.08
4.47	622.25	329.63	554.37	233.08
4.48	622.25	329.63	554.37	233.08
4.49	329.63	554.37	233.08
4.50	329.63	554.37	233.08
4.51	329.63	554.37	233.08
4.52	329.63	554.37	233.08
4.53	329.63	554.37	233.08
4.54	329.63	554.37	233.08
4.55	329.63	554.37	233.08
4.56	329.63	554.37	233.08
4.57	329.63	554.37	233.08
4.58	329.63	554.37	233.08
4.59	329.63	554.37	233.08
4.60	329.63	554.37	233.08
4.61	329.63	554.37	233.08
4.62	329.63	554.37	233.08
4.63	329.63	554.37	233.08
4.64	329.63	554.37	233.08
4.65	329.63	554.37	233.08
4.66	329.63	554.37	233.08
4.67	329.63	554.37	233.08
4.68	329.63	554.37	233.08
4.69	329.63	554.37	233.08
4.70	329.63	554.37	233.08
4.71	329.63	554.37	233.08
4.72	329.63	554.37	233.08
4.73	329.63	554.37	233.08
4.74	329.63	554.37	233.08
4.75	329.63	554.37	233.08
4.76	329.63	554.37	233.08
4.77	329.63	554.37	233.08
4.78	329.63	554.37	233.08
4.79	329.63	554.37	233.08
4.80	329.63	554.37	233.08
4.81	329.63	554.37	233.08
4.82	329.63	554.37	233.08
4.83	329.63	554.37	233.08
4.84	329.63	554.37	233.08
4.85	329.63	554.37	233.08	369.99
4.86	329.63	554.37	233.08	369.99
4.87	329.63	554.37	233.08	369.99
4.88	329.63	554.37	233.08	369.99
4.89	329.63	554.37	233.08	369.99
4.90	554.37	369.99
4.91	554.37	369.99
4.92	554.37	369.99
4.93	554.37	369.99
4.94	554.37	369.99
4.95	554.37	369.99
4.96	554.37	369.99
4.97	554.37	369.99
4.98	554.37	369.99
4.99	554.37	369.99
5.00	554.37	369.99
5.01	554.37	369.99
5.02	554.37	369.99
5.03	554.37	369.99
5.04	554.37	369.99
5.05	554.37	369.99
5.06	554.37	369.99
5.07	554.37	369.99
5.08	554.37	369.99
5.09	554.37	369.99
5.10	554.37	369.99
5.11	554.37	369.99
5.12	554.37	369.99
5.13	554.37	369.99
5.14	554.37	369.99
5.15	554.37	369.99
5.16	554.37	369.99
5.17	554.37	369.99
5.18	554.37	369.99
5.19	554.37	369.99	622.25
5.20	554.37	369.99	622.25
5.21	554.37	369.99	622.25
5.22	554.37	622.25	185.00
5.23	554.37	622.25	185.00
5.24	554.37	622.25	185.00
5.25	554.37	622.25	185.00
5.26	554.37	622.25	185.00
5.27	554.37	622.25	185.00
5.28	622.25	185.00
5.29	622.25	185.00
5.30	622.25	185.00
5.31	622.25	185.00
5.32	622.25	185.00
5.33	622.25	185.00
5.34	622.25	185.00
5.35	622.25	185.00
5.36	622.25	185.00
5.37	622.25	185.00
5.38	622.25	185.00
5.39	622.25	185.00
5.40	622.25	185.00
5.41	622.25	185.00
5.42	622.25	185.00
5.43	622.25	185.00
5.44	622.25	185.00
5.45	622.25	185.00
5.46	622.25	185.00
5.47	622.25	185.00
5.48	622.25	185.00
5.49	622.25	185.00
5.50	622.25	185.00
5.51	622.25	185.00
5.52	622.25	185.00
5.53	622.25	185.00
5.54	622.25	185.00	369.99
5.55	622.25	185.00	369.99
5.56	622.25	369.99
5.57	622.25	369.99
5.58	622.25	369.99
5.59	622.25	369.99
5.60	622.25	369.99
5.61	622.25	369.99
5.62	622.25	369.99
5.63	622.25	369.99
5.64	622.25	369.99
5.65	622.25	369.99
5.66	622.25	369.99
5.67	622.25	369.99
5.68	622.25	369.99
5.69	622.25	369.99
5.70	622.25	369.99
5.71	622.25	369.99
5.72	622.25	369.99
5.73	622.25	369.99
5.74	622.25	369.99
5.75	622.25	369.99
5.76	622.25	369.99
5.77	622.25	369.99
5.78	622.25	369.99
5.79	622.25	369.99
5.80	622.25	369.99
5.81	622.25	369.99
5.82	622.25	369.99
5.83	622.25	369.99
5.84	622.25	369.99
5.85	622.25	369.99
5.86	622.25	369.99
5.87	622.25	369.99
5.88	622.25	369.99	493.88
5.89	622.25	493.88	311.13	246.94
5.90	622.25	493.88	311.13	246.94
5.91	622.25	493.88	311.13	246.94
5.92	622.25	493.88	311.13	246.94
5.93	622.25	493.88	311.13	246.94
5.94	493.88	311.13	246.94
5.95	493.88	311.13	246.94
5.96	493.88	311.13	246.94
5.97	493.88	311.13	246.94
5.98	493.88	311.13	246.94
5.99	493.88	311.13	246.94
6.00	493.88	311.13	246.94
6.01	493.88	311.13	246.94
6.02	493.88	311.13	246.94
6.03	493.88	311.13	246.94
6.04	493.88	311.13	246.94
6.05	493.88	311.13	246.94
6.06	493.88	311.13	246.94
6.07	493.88	311.13	246.94
6.08	493.88	311.13	246.94
6.09	493.88	311.13	246.94
6.10	493.88	311.13	246.94
6.11	493.88	311.13	246.94
6.12	493.88	311.13	246.94
6.13	493.88	311.13	246.94
6.14	493.88	311.13	246.94
6.15	493.88	311.13	246.94
6.16	493.88	311.13	246.94
6.17	493.88	311.13	246.94
6.18	493.88	311.13	246.94
6.19	493.88	311.13	246.94
6.20	493.88	311.13	246.94
6.21	493.88	311.13	246.94
6.22	493.88	311.13	246.94
6.23	493.88	311.13	246.94
6.24	493.88	311.13	246.94
6.25	493.88	311.13	246.94
6.26	493.88	311.13	246.94
6.27	493.88	311.13	246.94
6.28	493.88	311.13	246.94
6.29	493.88	311.13	246.94
6.30	493.88	311.13	246.94	369.99
6.31	493.88	311.13	246.94	369.99
6.32	493.88	246.94	369.99
6.33	493.88	246.94	369.99
6.34	493.88	246.94	369.99
6.35	493.88	369.99
6.36	493.88	369.99
6.37	493.88	369.99
6.38	493.88	369.99
6.39	493.88	369.99
6.40	493.88	369.99
6.41	493.88	369.99
6.42	493.88	369.99
6.43	493.88	369.99
6.44	493.88	369.99
6.45	493.88	369.99
6.46	493.88	369.99
6.47	493.88	369.99
6.48	493.88	369.99
6.49	493.88	369.99
6.50	493.88	369.99
6.51	493.88	369.99
6.52	493.88	369.99
6.53	493.88	369.99
6.54	493.88	369.99
6.55	493.88	369.99
6.56	493.88	369.99
6.57	493.88	369.99
6.58	493.88	369.99
6.59	493.88	369.99
6.60	493.88	369.99
6.61	493.88	369.99
6.62	493.88	369.99
6.63	493.88	369.99
6.64	493.88	369.99
6.65	493.88	369.99
6.66	493.88	369.99
6.67	493.88	369.99
6.68	493.88	369.99
6.69	493.88	369.99
6.70	493.88	369.99
6.71	493.88	369.99
6.72	493.88	369.99
6.73	493.88	369.99
6.74	493.88	369.99
6.75	493.88	369.99	185.00
6.76	493.88	185.00
6.77	493.88	185.00
6.78	493.88	185.00
6.79	493.88	185.00
6.80	493.88	185.00
6.81	493.88	185.00
6.82	493.88	185.00
6.83	493.88	185.00
6.84	493.88	185.00
6.85	493.88	185.00
6.86	493.88	185.00
6.87	493.88	185.00
6.88	493.88	185.00
6.89	493.88	185.00
6.90	493.88	185.00
6.91	493.88	185.00
6.92	493.88	185.00
6.93	493.88	185.00
6.94	493.88	185.00
6.95	493.88	185.00
6.96	493.88	185.00
6.97	493.88	185.00
6.98	493.88	185.00
6.99	493.88	185.00
7.00	493.88	185.00
7.01	493.88	185.00	622.25
7.02	493.88	185.00	622.25
7.03	493.88	185.00	622.25
7.04	493.88	185.00	622.25
7.05	493.88	185.00	622.25
7.06	493.88	185.00	622.25
7.07	185.00	622.25
7.08	185.00	622.25
7.09	185.00	622.25
7.10	185.00	622.25
7.11	185.00	622.25
7.12	185.00	622.25
7.13	185.00	622.25
7.14	185.00	622.25
7.15	185.00	622.25
7.16	185.00	622.25
7.17	185.00	622.25
7.18	185.00	622.25
7.19	185.00	622.25
7.20	185.00	622.25
7.21	185.00	622.25
7.22	185.00	622.25
7.23	185.00	622.25
7.24	185.00	622.25
7.25	185.00	622.25
7.26	185.00	622.25	987.77
7.27	185.00	622.25	987.77
7.28	185.00	622.25	987.77
7.29	185.00	622.25	987.77
7.30	185.00	622.25	987.77
7.31	185.00	622.25	987.77	369.99
7.32	185.00	622.25	987.77	369.99
7.33	185.00	987.77	369.99
7.34	185.00	987.77	369.99
7.35	185.00	987.77	369.99
7.36	987.77	369.99
7.37	987.77	369.99
7.38	987.77	369.99
7.39	987.77	369.99
7.40	987.77	369.99
7.41	987.77	369.99
7.42	987.77	369.99
7.43	987.77	369.99
7.44	987.77	369.99	830.61
7.45	987.77	369.99	830.61
7.46	987.77	369.99	830.61
7.47	987.77	369.99	830.61
7.48	987.77	369.99	830.61
7.49	987.77	369.99	830.61
7.50	987.77	369.99	830.61
7.51	987.77	369.99	830.61
7.52	987.77	369.99	830.61
7.53	369.99	830.61
7.54	369.99	830.61
7.55	369.99	830.61
7.56	369.99	830.61
7.57	369.99	830.61
7.58	369.99	830.61
7.59	369.99	830.61
7.60	369.99	830.61
7.61	369.99	830.61
7.62	369.99	830.61
7.63	369.99	830.61	739.99
7.64	369.99	830.61	739.99
7.65	369.99	830.61	739.99
7.66	369.99	830.61	739.99
7.67	369.99	830.61	739.99
7.68	369.99	830.61	739.99
7.69	369.99	830.61	739.99	277.18
7.70	830.61	739.99	277.18	233.08
7.71	830.61	739.99	277.18	233.08
7.72	739.99	277.18	233.08
7.73	739.99	277.18	233.08
7.74	739.99	277.18	233.08
7.75	739.99	277.18	233.08
7.76	739.99	277.18	233.08
7.77	739.99	277.18	233.08
7.78	739.99	277.18	233.08
7.79	739.99	277.18	233.08
7.80	739.99	277.18	233.08
7.81	739.99	277.18	233.08
7.82	739.99	277.18	233.08
7.83	739.99	277.18	233.08
7.84	739.99	277.18	233.08
7.85	739.99	277.18	233.08
7.86	739.99	277.18	233.08
7.87	739.99	277.18	233.08
7.88	739.99	277.18	233.08
7.89	739.99	277.18	233.08
7.90	739.99	277.18	233.08
7.91	739.99	277.18	233.08
7.92	739.99	277.18	233.08
7.93	739.99	277.18	233.08
7.94	739.99	277.18	233.08
7.95	739.99	277.18	233.08
7.96	739.99	277.18	233.08
7.97	739.99	277.18	233.08
7.98	739.99	277.18	233.08
7.99	739.99	277.18	233.08
8.00	739.99	277.18	233.08
8.01	739.99	277.18	233.08
8.02	739.99	277.18	233.08
8.03	739.99	277.18	233.08
8.04	739.99	277.18	233.08
8.05	739.99	277.18	233.08
8.06	739.99	277.18	233.08
8.07	739.99	277.18	233.08
8.08	739.99	277.18	233.08	369.99
8.09	739.99	277.18	233.08	369.99
8.10	739.99	277.18	233.08	369.99
8.11	739.99	233.08	369.99
8.12	739.99	233.08	369.99
8.13	739.99	369.99
8.14	739.99	369.99
8.15	739.99	369.99
8.16	739.99	369.99
8.17	739.99	369.99
8.18	739.99	369.99
8.19	739.99	369.99
8.20	739.99	369.99
8.21	739.99	369.99
8.22	739.99	369.99
8.23	739.99	369.99
8.24	739.99	369.99
8.25	739.99	369.99
8.26	739.99	369.99
8.27	739.99	369.99
8.28	739.99	369.99
8.29	739.99	369.99
8.30	739.99	369.99
8.31	739.99	369.99
8.32	739.99	369.99
8.33	739.99	369.99
8.34	739.99	369.99
8.35	739.99	369.99
8.36	739.99	369.99
8.37	739.99	369.99
8.38	739.99	369.99
8.39	739.99	369.99
8.40	739.99	369.99
8.41	739.99	369.99
8.42	739.99	369.99
8.43	739.99	369.99
8.44	739.99	369.99
8.45	739.99	369.99
8.46	739.99	369.99
8.47	739.99	369.99
8.48	739.99	369.99
8.49	739.99	369.99
8.50	739.99	369.99
8.51	739.99	369.99	185.00
8.52	739.99	369.99	185.00
8.53	739.99	369.99	185.00
8.54	739.99	369.99	185.00
8.55	739.99	369.99	185.00
8.56	739.99	369.99	185.00
8.57	739.99	185.00
8.58	739.99	185.00
8.59	739.99	185.00
8.60	739.99	185.00
8.61	739.99	185.00
8.62	739.99	185.00
8.63	739.99	185.00
8.64	739.99	185.00
8.65	739.99	185.00
8.66	739.99	185.00
8.67	739.99	185.00
8.68	739.99	185.00
8.69	739.99	185.00
8.70	739.99	185.00
8.71	739.99	185.00
8.72	739.99	185.00
8.73	739.99	185.00
8.74	739.99	185.00
8.75	739.99	185.00
8.76	739.99	185.00
8.77	739.99	185.00
8.78	739.99	185.00
8.79	739.99	185.00
8.80	739.99	185.00
8.81	739.99	185.00
8.82	739.99	185.00
8.83	739.99	185.00
8.84	739.99	185.00
8.85	739.99	185.00
8.86	739.99	185.00
8.87	739.99	185.00
8.88	739.99	185.00
8.89	739.99	185.00
8.90	739.99	185.00
8.91	739.99	185.00
8.92	739.99	185.00
8.93	739.99	185.00
8.94	739.99	185.00
8.95	739.99	185.00
8.96	739.99	185.00
8.97	739.99	185.00
8.98	739.99	185.00
8.99	739.99	185.00
9.00	739.99	185.00	659.26
9.01	739.99	185.00	659.26
9.02	739.99	185.00	659.26
9.03	739.99	185.00	659.26
9.04	185.00	659.26	369.99
9.05	185.00	659.26	369.99
9.06	185.00	659.26	369.99
9.07	185.00	659.26	369.99
9.08	185.00	659.26	369.99
9.09	185.00	659.26	369.99
9.10	659.26	369.99
9.11	659.26	369.99
9.12	659.26	369.99
9.13	659.26	369.99
9.14	659.26	369.99
9.15	659.26	369.99
9.16	659.26	369.99
9.17	659.26	369.99
9.18	659.26	369.99
9.19	659.26	369.99
9.20	659.26	369.99
9.21	659.26	369.99
9.22	659.26	369.99
9.23	659.26	369.99
9.24	659.26	369.99
9.25	659.26	369.99
9.26	659.26	369.99
9.27	659.26	369.99
9.28	659.26	369.99
9.29	659.26	369.99
9.30	659.26	369.99
9.31	659.26	369.99
9.32	659.26	369.99
9.33	659.26	369.99
9.34	659.26	369.99
9.35	659.26	369.99
9.36	659.26	369.99
9.37	659.26	369.99
9.38	659.26	369.99
9.39	659.26	369.99
9.40	659.26	369.99
9.41	659.26	369.99
9.42	659.26	369.99
9.43	659.26	369.99
9.44	659.26	369.99
9.45	659.26	369.99
9.46	659.26	369.99
9.47	659.26	369.99
9.48	659.26	369.99
9.49	659.26	369.99
9.50	659.26	369.99
9.51	659.26	369.99
9.52	659.26	369.99
9.53	659.26	369.99
9.54	659.26	369.99
9.55	659.26	369.99
9.56	659.26	369.99
9.57	659.26	369.99
9.58	659.26	369.99
9.59	659.26	369.99
9.60	659.26	369.99
9.61	659.26	369.99
9.62	659.26	369.99
9.63	659.26	369.99
9.64	659.26	369.99
9.65	659.26	369.99
9.66	659.26	369.99
9.67	659.26	369.99
9.68	659.26	369.99
9.69	659.26	369.99
9.70	659.26	369.99
9.71	659.26	369.99
9.72	659.26	369.99
9.73	659.26	369.99
9.74	659.26	369.99
9.75	659.26	123.47
9.76	659.26	123.47	622.25
9.77	659.26	123.47	622.25
9.78	659.26	123.47	622.25
9.79	659.26	123.47	622.25
9.80	659.26	123.47	622.25
9.81	123.47	622.25
9.82	123.47	622.25
9.83	123.47	622.25
9.84	123.47	622.25
9.85	123.47	622.25
9.86	123.47	622.25
9.87	123.47	622.25
9.88	123.47	622.25
9.89	123.47	622.25
9.90	123.47	622.25
9.91	123.47	622.25
9.92	123.47	622.25
9.93	123.47	622.25
9.94	123.47	622.25
9.95	123.47	622.25
9.96	123.47	622.25
9.97	123.47	622.25
9.98	123.47	622.25
9.99	123.47	622.25
10.00	123.47	622.25
10.01	123.47	622.25
10.02	123.47	622.25
10.03	123.47	622.25
10.04	123.47	622.25
10.05	123.47	622.25
10.06	123.47
10.07	123.47
10.08	123.47
10.09	123.47
10.10	123.47
10.11	123.47
10.12	123.47
10.13	123.47	622.25
10.14	123.47	622.25
10.15	123.47	622.25
10.16	123.47	622.25
10.17	123.47	622.25
10.18	123.47	622.25
10.19	622.25	369.99
10.20	622.25	369.99
10.21	622.25	369.99
10.22	622.25	369.99
10.23	622.25	369.99
10.24	622.25	369.99
10.25	622.25	369.99
10.26	622.25	369.99
10.27	622.25	369.99
10.28	622.25	369.99
10.29	622.25	369.99
10.30	622.25	369.99
10.31	622.25	369.99
10.32	622.25	369.99	659.26
10.33	622.25	369.99	659.26
10.34	369.99	659.26
10.35	369.99	659.26
10.36	369.99	659.26
10.37	369.99	659.26
10.38	369.99	659.26
10.39	369.99	659.26
10.40	369.99	659.26
10.41	369.99	659.26
10.42	369.99	659.26
10.43	369.99	659.26
10.44	369.99	659.26	739.99
10.45	369.99	659.26	739.99
10.46	369.99	659.26	739.99
10.47	369.99	659.26	739.99
10.48	369.99	659.26	739.99
10.49	369.99	739.99
10.50	369.99	739.99
10.51	369.99	739.99
10.52	369.99	739.99
10.53	369.99	739.99
10.54	369.99	739.99
10.55	369.99	739.99
10.56	369.99	739.99
10.57	369.99	739.99
10.58	369.99	739.99
10.59	369.99	739.99
10.60	369.99	739.99
10.61	369.99	739.99
10.62	369.99	739.99
10.63	369.99	739.99	659.26
10.64	369.99	739.99	659.26	185.00
10.65	369.99	739.99	659.26	185.00
10.66	369.99	739.99	659.26	185.00
10.67	739.99	659.26	185.00
10.68	739.99	659.26	185.00
10.69	659.26	185.00
10.70	659.26	185.00
10.71	659.26	185.00
10.72	659.26	185.00
10.73	659.26	185.00
10.74	659.26	185.00
10.75	659.26	185.00
10.76	659.26	185.00
10.77	659.26	185.00
10.78	659.26	185.00
10.79	659.26	185.00
10.80	659.26	185.00
10.81	659.26	185.00
10.82	659.26	185.00
10.83	659.26	185.00
10.84	659.26	185.00
10.85	659.26	185.00
10.86	659.26	185.00
10.87	659.26	185.00
10.88	659.26	185.00
10.89	659.26	185.00
10.90	659.26	185.00
10.91	659.26	185.00
10.92	659.26	185.00
10.93	659.26	185.00
10.94	659.26	185.00
10.95	659.26	185.00
10.96	659.26	185.00
10.97	659.26	185.00
10.98	659.26	185.00
10.99	659.26	185.00
11.00	659.26	185.00
11.01	659.26	369.99
11.02	659.26	369.99
11.03	659.26	369.99
11.04	659.26	369.99
11.05	659.26	369.99
11.06	659.26	369.99
11.07	659.26	369.99
11.08	659.26	369.99
11.09	659.26	369.99
11.10	659.26	369.99
11.11	659.26	369.99
11.12	659.26	369.99
11.13	659.26	369.99
11.14	659.26	369.99
11.15	659.26	369.99
11.16	659.26	369.99
11.17	659.26	369.99
11.18	659.26	369.99
11.19	659.26	369.99	622.25
11.20	659.26	369.99	622.25
11.21	659.26	369.99	622.25
11.22	659.26	369.99	622.25
11.23	659.26	369.99	622.25
11.24	659.26	369.99	622.25
11.25	659.26	369.99	622.25
11.26	659.26	369.99	622.25
11.27	369.99	622.25
11.28	369.99	622.25
11.29	369.99	622.25
11.30	369.99	622.25
11.31	369.99	622.25
11.32	622.25
11.33	622.25
11.34	622.25	329.63
11.35	622.25	329.63	233.08
11.36	622.25	329.63	233.08
11.37	622.25	329.63	233.08
11.38	622.25	329.63	233.08	554.37
11.39	622.25	329.63	233.08	554.37
11.40	622.25	329.63	233.08	554.37
11.41	329.63	233.08	554.37
11.42	329.63	233.08	554.37
11.43	329.63	233.08	554.37
11.44	329.63	233.08	554.37
11.45	329.63	233.08	554.37
11.46	329.63	233.08	554.37
11.47	329.63	233.08	554.37
11.48	329.63	233.08	554.37
11.49	329.63	233.08	554.37
11.50	329.63	233.08	554.37
11.51	329.63	233.08	554.37
11.52	329.63	233.08	554.37
11.53	329.63	233.08	554.37
11.54	329.63	233.08	554.37
11.55	329.63	233.08	554.37
11.56	329.63	233.08	554.37
11.57	329.63	233.08	554.37
11.58	329.63	233.08	554.37
11.59	329.63	233.08	554.37
11.60	329.63	233.08	554.37
11.61	329.63	233.08	554.37
11.62	329.63	233.08	554.37
11.63	329.63	233.08	554.37
11.64	329.63	233.08	554.37
11.65	329.63	233.08	554.37
11.66	329.63	233.08	554.37	369.99
11.67	329.63	233.08	554.37	369.99
11.68	554.37	369.99
11.69	554.37	369.99
11.70	554.37	369.99
11.71	554.37	369.99
11.72	554.37	369.99
11.73	554.37	369.99
11.74	554.37	369.99
11.75	554.37	369.99
11.76	554.37	369.99
11.77	554.37	369.99
11.78	554.37	369.99
11.79	554.37	369.99
11.80	554.37	369.99
11.81	554.37	369.99
11.82	554.37	369.99
11.83	554.37	369.99
11.84	554.37	369.99
11.85	554.37	369.99
11.86	554.37	369.99
11.87	554.37	369.99
11.88	554.37	369.99
11.89	554.37	369.99
11.90	554.37	369.99
11.91	554.37	369.99
11.92	554.37	369.99
11.93	554.37	369.99
11.94	554.37	369.99
11.95	554.37	369.99
11.96	554.37	369.99
11.97	554.37	369.99
11.98	554.37	369.99
11.99	554.37	369.99
12.00	554.37	369.99
12.01	554.37	369.99	622.25
12.02	554.37	369.99	622.25
12.03	554.37	369.99	622.25
12.04	554.37	369.99	622.25	185.00
12.05	554.37	369.99	622.25	185.00
12.06	554.37	369.99	622.25	185.00
12.07	554.37	622.25	185.00
12.08	622.25	185.00
12.09	622.25	185.00
12.10	622.25	185.00
12.11	622.25	185.00
12.12	622.25	185.00
12.13	622.25	185.00
12.14	622.25	185.00
12.15	622.25	185.00
12.16	622.25	185.00
12.17	622.25	185.00
12.18	622.25	185.00
12.19	622.25	185.00
12.20	622.25	185.00
12.21	622.25	185.00
12.22	622.25	185.00
12.23	622.25	185.00
12.24	622.25	185.00
12.25	622.25	185.00
12.26	622.25	185.00
12.27	622.25	185.00
12.28	622.25	185.00
12.29	622.25	185.00
12.30	622.25	185.00
12.31	622.25	185.00
12.32	622.25	185.00	369.99
12.33	622.25	185.00	369.99
12.34	622.25	369.99
12.35	622.25	369.99
12.36	622.25	369.99
12.37	622.25	369.99
12.38	622.25	369.99
12.39	622.25	369.99
12.40	622.25	369.99
12.41	622.25	369.99
12.42	622.25	369.99
12.43	622.25	369.99
12.44	622.25	369.99	466.16
12.45	622.25	369.99	466.16
12.46	622.25	369.99	466.16
12.47	369.99	466.16
12.48	369.99	466.16
12.49	369.99	466.16
12.50	369.99	466.16
12.51	369.99	466.16
12.52	369.99	466.16
12.53	369.99	466.16
12.54	369.99	466.16
12.55	369.99	466.16
12.56	369.99	466.16
12.57	369.99	466.16
12.58	369.99	466.16
12.59	369.99	466.16
12.60	369.99	466.16
12.61	369.99	466.16	311.13	246.94
12.62	466.16	311.13	246.94
12.63	466.16	311.13	246.94	493.88
12.64	466.16	311.13	246.94	493.88
12.65	466.16	311.13	246.94	493.88
12.66	466.16	311.13	246.94	493.88
12.67	311.13	246.94	493.88
12.68	311.13	246.94	493.88
12.69	311.13	246.94	493.88
12.70	311.13	246.94	493.88
12.71	311.13	246.94	493.88
12.72	311.13	246.94	493.88
12.73	311.13	246.94	493.88
12.74	311.13	246.94	493.88
12.75	311.13	246.94	493.88
12.76	311.13	246.94	493.88
12.77	311.13	246.94	493.88
12.78	311.13	246.94	493.88
12.79	311.13	246.94	493.88
12.80	311.13	246.94	493.88
12.81	311.13	246.94
12.82	311.13	246.94	554.37
12.83	311.13	246.94	554.37
12.84	311.13	246.94	554.37
12.85	311.13	246.94	554.37
12.86	311.13	246.94	554.37
12.87	311.13	246.94	554.37
12.88	311.13	246.94	554.37	493.88
12.89	311.13	246.94	554.37	493.88
12.90	311.13	246.94	493.88
12.91	311.13	246.94	493.88
12.92	311.13	246.94	493.88
12.93	311.13	246.94	493.88
12.94	311.13	246.94	493.88	554.37
12.95	311.13	246.94	493.88	554.37
12.96	311.13	246.94	493.88	554.37
12.97	311.13	246.94	493.88	554.37
12.98	311.13	246.94	493.88	554.37
12.99	311.13	554.37	369.99
13.00	311.13	554.37	369.99
13.01	554.37	369.99	493.88
13.02	554.37	369.99	493.88
13.03	554.37	369.99	493.88
13.04	554.37	369.99	493.88
13.05	554.37	369.99	493.88
13.06	369.99	493.88
13.07	369.99	493.88
13.08	369.99	493.88
13.09	369.99	493.88
13.10	369.99	493.88
13.11	369.99	493.88
13.12	369.99	493.88
13.13	369.99	493.88	466.16
13.14	369.99	493.88	466.16
13.15	369.99	493.88	466.16
13.16	369.99	493.88	466.16
13.17	369.99	493.88	466.16
13.18	369.99	493.88	466.16
13.19	369.99	493.88	466.16
13.20	369.99	466.16
13.21	369.99	466.16
13.22	369.99	466.16
13.23	369.99	466.16
13.24	369.99	466.16
13.25	369.99	466.16
13.26	369.99	466.16
13.27	369.99	466.16
13.28	369.99
13.29	369.99
13.30	369.99
13.31	369.99
13.32	369.99	493.88
13.33	493.88
13.34	493.88
13.35	493.88
13.36	493.88
13.37	493.88	185.00
13.38	493.88	185.00
13.39	493.88	185.00
13.40	493.88	185.00
13.41	493.88	185.00
13.42	493.88	185.00
13.43	493.88	185.00
13.44	493.88	185.00
13.45	493.88	185.00
13.46	493.88	185.00
13.47	493.88	185.00
13.48	493.88	185.00
13.49	493.88	185.00
13.50	493.88	185.00	622.25
13.51	493.88	185.00	622.25
13.52	185.00	622.25
13.53	185.00	622.25
13.54	185.00	622.25
13.55	185.00	622.25
13.56	185.00	622.25
13.57	185.00	622.25
13.58	185.00	622.25
13.59	185.00	622.25
13.60	185.00	622.25
13.61	185.00	622.25
13.62	185.00	622.25
13.63	185.00	622.25
13.64	185.00	622.25
13.65	185.00	622.25
13.66	185.00	622.25
13.67	185.00	622.25
13.68	185.00	622.25
13.69	185.00	622.25	987.77
13.70	185.00	622.25	987.77
13.71	185.00	987.77
13.72	185.00	987.77
13.73	185.00	987.77
13.74	185.00	987.77
13.75	185.00	987.77
13.76	185.00	987.77
13.77	185.00	987.77
13.78	185.00	987.77	369.99
13.79	987.77	369.99
13.80	987.77	369.99
13.81	987.77	369.99
13.82	987.77	369.99
13.83	987.77	369.99
13.84	987.77	369.99
13.85	987.77	369.99
13.86	987.77	369.99
13.87	987.77	369.99
13.88	987.77	369.99	830.61
13.89	987.77	369.99	830.61
13.90	987.77	369.99	830.61
13.91	987.77	369.99	830.61
13.92	987.77	369.99	830.61
13.93	987.77	369.99	830.61
13.94	987.77	369.99	830.61
13.95	987.77	369.99	830.61
13.96	987.77	369.99	830.61
13.97	369.99	830.61
13.98	369.99	830.61
13.99	369.99	830.61
14.00	369.99	830.61
14.01	369.99	830.61
14.02	369.99	830.61
14.03	369.99	830.61
14.04	369.99	830.61
14.05	369.99	830.61
14.06	369.99	830.61
14.07	369.99	830.61	739.99
14.08	369.99	830.61	739.99
14.09	830.61	739.99	277.18
14.10	830.61	739.99	277.18	233.08
14.11	830.61	739.99	277.18	233.08
14.12	830.61	739.99	277.18	233.08
14.13	739.99	277.18	233.08
14.14	739.99	277.18	233.08
14.15	739.99	277.18	233.08
14.16	739.99	277.18	233.08
14.17	739.99	277.18	233.08
14.18	739.99	277.18	233.08
14.19	739.99	277.18	233.08
14.20	739.99	277.18	233.08
14.21	739.99	277.18	233.08
14.22	739.99	277.18	233.08
14.23	739.99	277.18	233.08
14.24	739.99	277.18	233.08
14.25	739.99	277.18	233.08
14.26	739.99	277.18	233.08
14.27	739.99	277.18	233.08
14.28	739.99	277.18	233.08
14.29	739.99	277.18	233.08
14.30	739.99	277.18	233.08
14.31	739.99	277.18	233.08
14.32	739.99	277.18	233.08
14.33	739.99	277.18	233.08
14.34	739.99	277.18	233.08
14.35	739.99	277.18	233.08
14.36	739.99	277.18	233.08
14.37	739.99	277.18	233.08
14.38	739.99	277.18	233.08
14.39	739.99	277.18	233.08
14.40	739.99	277.18	233.08	369.99
14.41	739.99	277.18	233.08	369.99
14.42	739.99	277.18	233.08	369.99
14.43	739.99	233.08	369.99
14.44	739.99	233.08	369.99
14.45	739.99	369.99
14.46	739.99	369.99
14.47	739.99	369.99
14.48	739.99	369.99
14.49	739.99	369.99
14.50	739.99	369.99
14.51	739.99	369.99
14.52	739.99	369.99
14.53	739.99	369.99
14.54	739.99	369.99
14.55	739.99	369.99
14.56	739.99	369.99
14.57	739.99	369.99
14.58	739.99	369.99
14.59	739.99	369.99
14.60	739.99	369.99
14.61	739.99	369.99
14.62	739.99	369.99
14.63	739.99	369.99
14.64	739.99	369.99
14.65	739.99	369.99
14.66	739.99	369.99
14.67	739.99	369.99
14.68	739.99	369.99
14.69	739.99	369.99
14.70	739.99	369.99
14.71	739.99	369.99
14.72	739.99	369.99
14.73	739.99	369.99
14.74	739.99	369.99
14.75	739.99	369.99
14.76	739.99	369.99
14.77	739.99	369.99
14.78	739.99	369.99
14.79	739.99	369.99
14.80	739.99	369.99
14.81	739.99	369.99
14.82	739.99	369.99	185.00
14.83	739.99	185.00
14.84	739.99	185.00
14.85	739.99	185.00
14.86	739.99	185.00
14.87	739.99	185.00
14.88	739.99	185.00
14.89	739.99	185.00
14.90	739.99	185.00
14.91	739.99	185.00
14.92	739.99	185.00
14.93	739.99	185.00
14.94	739.99	185.00
14.95	739.99	185.00
14.96	739.99	185.00
14.97	739.99	185.00
14.98	739.99	185.00
14.99	739.99	185.00
15.00	739.99	185.00
15.01	739.99	185.00
15.02	739.99	185.00
15.03	739.99	185.00
15.04	739.99	185.00
15.05	739.99	185.00
15.06	739.99	185.00
15.07	739.99	185.00
15.08	739.99	185.00
15.09	739.99	185.00
15.10	739.99	185.00
15.11	739.99	185.00
15.12	739.99	185.00
15.13	739.99	185.00
15.14	739.99	185.00
15.15	739.99	185.00
15.16	739.99	185.00
15.17	739.99	185.00
15.18	739.99	185.00
15.19	739.99	185.00
15.20	739.99	185.00
15.21	739.99	185.00
15.22	739.99	185.00
15.23	739.99	185.00
15.24	739.99	185.00
15.25	739.99	185.00
15.26	739.99	185.00	659.26
15.27	739.99	185.00	659.26
15.28	739.99	185.00	659.26
15.29	185.00	659.26	369.99
15.30	185.00	659.26	369.99
15.31	185.00	659.26	369.99
15.32	185.00	659.26	369.99
15.33	659.26	369.99
15.34	659.26	369.99
15.35	659.26	369.99
15.36	659.26	369.99
15.37	659.26	369.99
15.38	659.26	369.99
15.39	659.26	369.99
15.40	659.26	369.99
15.41	659.26	369.99
15.42	659.26	369.99
15.43	659.26	369.99
15.44	659.26	369.99
15.45	659.26	369.99
15.46	659.26	369.99
15.47	659.26	369.99
15.48	659.26	369.99
15.49	659.26	369.99
15.50	659.26	369.99
15.51	659.26	369.99
15.52	659.26	369.99
15.53	659.26	369.99
15.54	659.26	369.99
15.55	659.26	369.99
15.56	659.26	369.99
15.57	659.26	369.99
15.58	659.26	369.99
15.59	659.26	369.99
15.60	659.26	369.99
15.61	659.26	369.99
15.62	659.26	369.99
15.63	659.26	369.99
15.64	659.26	369.99
15.65	659.26	369.99
15.66	659.26	369.99
15.67	659.26	369.99
15.68	659.26	369.99
15.69	659.26	369.99
15.70	659.26	369.99
15.71	659.26	369.99
15.72	659.26	369.99
15.73	659.26	369.99
15.74	659.26	369.99
15.75	659.26	369.99
15.76	659.26	369.99	622.25
15.77	659.26	369.99	622.25
15.78	659.26	369.99	622.25
15.79	659.26	369.99	622.25
15.80	659.26	369.99	622.25
15.81	659.26	369.99	622.25
15.82	659.26	369.99	622.25
15.83	659.26	369.99	622.25	123.47
15.84	659.26	369.99	622.25	123.47
15.85	659.26	622.25	123.47
15.86	659.26	622.25	123.47
15.87	622.25	123.47
15.88	622.25	123.47
15.89	622.25	123.47
15.90	622.25	123.47
15.91	622.25	123.47
15.92	622.25	123.47
15.93	622.25	123.47
15.94	622.25	123.47
15.95	622.25	123.47
15.96	622.25	123.47
15.97	622.25	123.47
15.98	622.25	123.47
15.99	622.25	123.47
16.00	622.25	123.47
16.01	622.25	123.47
16.02	622.25	123.47
16.03	622.25	123.47
16.04	622.25	123.47
16.05	622.25	123.47
16.06	622.25	123.47
16.07	622.25	123.47
16.08	622.25	123.47
16.09	622.25	123.47
16.10	622.25	123.47
16.11	622.25	123.47
16.12	622.25	123.47
16.13	622.25	123.47
16.14	622.25	123.47
16.15	622.25	123.47
16.16	622.25	123.47
16.17	622.25	123.47
16.18	622.25	123.47
16.19	622.25	123.47
16.20	622.25	123.47	185.00
16.21	622.25	123.47	185.00
16.22	622.25	123.47	185.00
16.23	622.25	185.00
16.24	622.25	185.00
16.25	622.25	185.00
16.26	622.25	185.00
16.27	622.25	185.00
16.28	622.25	185.00
16.29	622.25	185.00
16.30	622.25	185.00
16.31	622.25	185.00
16.32	622.25	185.00
16.33	622.25	185.00
16.34	622.25	185.00
16.35	622.25	185.00
16.36	622.25	185.00
16.37	622.25	185.00
16.38	622.25	185.00
16.39	622.25	185.00
16.40	622.25	185.00
16.41	622.25	185.00
16.42	622.25	185.00
16.43	622.25	185.00
16.44	622.25	185.00
16.45	622.25	185.00
16.46	622.25	185.00
16.47	622.25	185.00
16.48	622.25	185.00
16.49	622.25	185.00
16.50	622.25	185.00
16.51	622.25	185.00	587.33
16.52	622.25	185.00	587.33	220.00
16.53	622.25	185.00	587.33	220.00
16.54	185.00	587.33	220.00
16.55	185.00	587.33	220.00
16.56	185.00	587.33	220.00
16.57	185.00	587.33	220.00
16.58	587.33	220.00
16.59	587.33	220.00
16.60	587.33	220.00
16.61	587.33	220.00
16.62	587.33	220.00
16.63	587.33	220.00
16.64	587.33	220.00
16.65	587.33	220.00
16.66	587.33	220.00
16.67	587.33	220.00
16.68	587.33	220.00
16.69	587.33	220.00
16.70	587.33	220.00
16.71	587.33	220.00
16.72	587.33	220.00
16.73	587.33	220.00
16.74	587.33	220.00
16.75	587.33	220.00
16.76	587.33	220.00
16.77	587.33	220.00
16.78	587.33	220.00
16.79	587.33	220.00
16.80	587.33	220.00	311.13
16.81	587.33	220.00	311.13
16.82	587.33	311.13
16.83	587.33	311.13
16.84	587.33	311.13
16.85	587.33	311.13
16.86	587.33	311.13
16.87	587.33	311.13
16.88	587.33	311.13
16.89	587.33	311.13
16.90	587.33	311.13
16.91	587.33	311.13
16.92	587.33	311.13
16.93	587.33	311.13
16.94	587.33	311.13	622.25
16.95	587.33	311.13	622.25
16.96	587.33	311.13	622.25
16.97	587.33	311.13	622.25
16.98	587.33	311.13	622.25
16.99	587.33	311.13	622.25
17.00	587.33	311.13	622.25
17.01	587.33	311.13	622.25
17.02	311.13	622.25
17.03	311.13	622.25
17.04	311.13	622.25
17.05	311.13	622.25
17.06	311.13	622.25
17.07	311.13	622.25
17.08	311.13	622.25
17.09	311.13	622.25
17.10	311.13	622.25
17.11	311.13	622.25
17.12	311.13	622.25
17.13	311.13	622.25	698.46
17.14	311.13	622.25	698.46
17.15	622.25	698.46
17.16	622.25	698.46
17.17	698.46	116.54
17.18	698.46	116.54
17.19	698.46	116.54
17.20	698.46	116.54
17.21	698.46	116.54
17.22	698.46	116.54
17.23	698.46	116.54
17.24	698.46	116.54
17.25	698.46	116.54
17.26	698.46	116.54
17.27	698.46	116.54
17.28	698.46	116.54
17.29	698.46	116.54
17.30	698.46	116.54
17.31	698.46	116.54
17.32	698.46	116.54
17.33	698.46	116.54
17.34	698.46	116.54
17.35	698.46	116.54
17.36	698.46	116.54
17.37	698.46	116.54
17.38	698.46	116.54
17.39	698.46	116.54
17.40	698.46	116.54
17.41	698.46	116.54
17.42	698.46	116.54
17.43	698.46	116.54
17.44	698.46	116.54
17.45	698.46	116.54	207.65
17.46	698.46	116.54	207.65
17.47	698.46	116.54	207.65
17.48	698.46	116.54	207.65
17.49	698.46	116.54	207.65
17.50	698.46	116.54	207.65
17.51	698.46	116.54	207.65	698.46
17.52	207.65	698.46
17.53	207.65	698.46
17.54	207.65	698.46
17.55	207.65	698.46
17.56	207.65	698.46
17.57	207.65	698.46
17.58	207.65	698.46
17.59	207.65	698.46
17.60	207.65	698.46
17.61	207.65	698.46
17.62	207.65	698.46
17.63	207.65	698.46	830.61
17.64	207.65	698.46	830.61
17.65	207.65	698.46	830.61
17.66	207.65	698.46	830.61
17.67	207.65	830.61
17.68	207.65	830.61
17.69	207.65	830.61	739.99
17.70	207.65	830.61	739.99
17.71	207.65	830.61	739.99
17.72	207.65	830.61	739.99
17.73	207.65	830.61	739.99	233.08
17.74	207.65	830.61	739.99	233.08
17.75	207.65	830.61	739.99	233.08
17.76	207.65	830.61	739.99	233.08
17.77	207.65	830.61	739.99	233.08
17.78	207.65	739.99	233.08
17.79	207.65	739.99	233.08
17.80	207.65	739.99	233.08
17.81	207.65	739.99	233.08
17.82	207.65	739.99	233.08
17.83	207.65	739.99	233.08
17.84	739.99	233.08
17.85	739.99	233.08
17.86	739.99	233.08
17.87	739.99	233.08
17.88	739.99	233.08
17.89	739.99	233.08
17.90	739.99	233.08
17.91	739.99	233.08
17.92	739.99	233.08
17.93	739.99	233.08
17.94	739.99	233.08
17.95	739.99	233.08
17.96	739.99	233.08
17.97	739.99	233.08
17.98	739.99	233.08
17.99	739.99	233.08
18.00	739.99	233.08
18.01	739.99	233.08
18.02	739.99	233.08
18.03	739.99	233.08
18.04	739.99	233.08
18.05	739.99	233.08
18.06	739.99	233.08
18.07	739.99	233.08	293.66
18.08	739.99	293.66
18.09	739.99	293.66
18.10	739.99	293.66
18.11	739.99	293.66
18.12	739.99	293.66
18.13	739.99	293.66
18.14	739.99	293.66
18.15	739.99	293.66
18.16	739.99	293.66
18.17	739.99	293.66
18.18	739.99	293.66
18.19	739.99	293.66	698.46
18.20	739.99	293.66	698.46
18.21	739.99	293.66	698.46
18.22	293.66	698.46
18.23	293.66	698.46
18.24	293.66	698.46
18.25	293.66	698.46
18.26	293.66	698.46
18.27	293.66	698.46
18.28	293.66	698.46
18.29	293.66	698.46
18.30	293.66	698.46
18.31	293.66	698.46
18.32	293.66	698.46
18.33	293.66	698.46
18.34	293.66	698.46
18.35	293.66	698.46
18.36	293.66	698.46	77.78
18.37	698.46	77.78
18.38	698.46	77.78	622.25
18.39	698.46	77.78	622.25
18.40	698.46	77.78	622.25
18.41	698.46	77.78	622.25
18.42	698.46	77.78	622.25
18.43	698.46	77.78	622.25
18.44	77.78	622.25
18.45	77.78	622.25
18.46	77.78	622.25
18.47	77.78	622.25
18.48	77.78	622.25
18.49	77.78	622.25
18.50	77.78	622.25
18.51	77.78	622.25
18.52	77.78	622.25
18.53	77.78	622.25
18.54	77.78	622.25
18.55	77.78	622.25
18.56	77.78	622.25
18.57	77.78	622.25
18.58	77.78	622.25
18.59	77.78	622.25
18.60	77.78	622.25
18.61	77.78	622.25
18.62	77.78	622.25
18.63	77.78	622.25
18.64	77.78	622.25
18.65	77.78	622.25
18.66	77.78	622.25
18.67	77.78	622.25
18.68	77.78	622.25
18.69	77.78	622.25
18.70	77.78	622.25
18.71	77.78	622.25
18.72	77.78	622.25
18.73	77.78	622.25
18.74	77.78	622.25
18.75	77.78	622.25	155.56
18.76	77.78	622.25	155.56
18.77	77.78	622.25	155.56
18.78	77.78	622.25	155.56
18.79	77.78	622.25	155.56
18.80	77.78	622.25	155.56
18.81	77.78	622.25	155.56
18.82	622.25	155.56
18.83	622.25	155.56
18.84	622.25	155.56
18.85	622.25	155.56
18.86	622.25	155.56
18.87	622.25	155.56
18.88	622.25	155.56
18.89	622.25	155.56
18.90	622.25	155.56
18.91	622.25	155.56
18.92	622.25	155.56
18.93	622.25	155.56
18.94	622.25	155.56
18.95	622.25	155.56
18.96	622.25	155.56
18.97	622.25	155.56
18.98	622.25	155.56
18.99	622.25	155.56
19.00	622.25	155.56
19.01	622.25	155.56
19.02	622.25	155.56
19.03	622.25	155.56
19.04	622.25	155.56
19.05	622.25	155.56
19.06	622.25	155.56
19.07	622.25	155.56
19.08	622.25	155.56
19.09	622.25	155.56
19.10	622.25	155.56
19.11	622.25	155.56
19.12	622.25	155.56
19.13	622.25	155.56
19.14	622.25	155.56
19.15	622.25	155.56
19.16	622.25	155.56
19.17	622.25	155.56
19.18	622.25	155.56
19.19	622.25	155.56	466.16
19.20	622.25	155.56	466.16
19.21	622.25	155.56	466.16
19.22	622.25	155.56	466.16
19.23	622.25	155.56	466.16
19.24	155.56	466.16
19.25	155.56	466.16	233.08
19.26	466.16	233.08
19.27	466.16	233.08
19.28	466.16	233.08
19.29	466.16	233.08
19.30	466.16	233.08
19.31	466.16	233.08
19.32	466.16	233.08
19.33	466.16	233.08
19.34	466.16	233.08
19.35	466.16	233.08
19.36	466.16	233.08
19.37	466.16	233.08
19.38	466.16	233.08
19.39	466.16	233.08
19.40	466.16	233.08
19.41	466.16	233.08
19.42	466.16	233.08
19.43	466.16	233.08
19.44	466.16	233.08
19.45	466.16	233.08
19.46	466.16	233.08
19.47	466.16	233.08
19.48	466.16	233.08
19.49	466.16	233.08
19.50	466.16	233.08
19.51	466.16	233.08
19.52	466.16	233.08
19.53	466.16	233.08
19.54	466.16	233.08
19.55	466.16	233.08
19.56	466.16	233.08
19.57	466.16	233.08	311.13
19.58	466.16	233.08	311.13
19.59	466.16	233.08	311.13
19.60	466.16	233.08	311.13
19.61	466.16	311.13
19.62	466.16	311.13
19.63	466.16	311.13
19.64	466.16	311.13
19.65	466.16	311.13
19.66	466.16	311.13
19.67	466.16	311.13
19.68	466.16	311.13
19.69	466.16	311.13
19.70	466.16	311.13
19.71	466.16	311.13
19.72	466.16	311.13
19.73	466.16	311.13
19.74	466.16	311.13
19.75	466.16	311.13
19.76	466.16	311.13
19.77	466.16	311.13
19.78	466.16	311.13
19.79	466.16	311.13
19.80	466.16	311.13
19.81	466.16	311.13
19.82	466.16	311.13	554.37
19.83	466.16	311.13	554.37
19.84	466.16	311.13	554.37
19.85	466.16	311.13	554.37	82.41
19.86	466.16	554.37	82.41
19.87	466.16	554.37	82.41
19.88	554.37	82.41
19.89	554.37	82.41
19.90	554.37	82.41
19.91	554.37	82.41
19.92	554.37	82.41
19.93	554.37	82.41
19.94	554.37	82.41
19.95	554.37	82.41
19.96	554.37	82.41
19.97	554.37	82.41
19.98	554.37	82.41
19.99	554.37	82.41
20.00	554.37	82.41
20.01	554.37	82.41
20.02	554.37	82.41
20.03	554.37	82.41
20.04	554.37	82.41
20.05	554.37	82.41
20.06	554.37	82.41
20.07	554.37	82.41
20.08	554.37	82.41
20.09	554.37	82.41
20.10	554.37	82.41
20.11	554.37	82.41
20.12	554.37	82.41
20.13	554.37	82.41
20.14	554.37	82.41
20.15	554.37	82.41
20.16	554.37	82.41	164.81
20.17	554.37	82.41	164.81
20.18	554.37	82.41	164.81
20.19	554.37	82.41	164.81
20.20	554.37	82.41	164.81
20.21	554.37	164.81
20.22	554.37	164.81
20.23	554.37	164.81
20.24	554.37	164.81
20.25	554.37	164.81
20.26	554.37	164.81
20.27	554.37	164.81
20.28	554.37	164.81
20.29	554.37	164.81
20.30	554.37	164.81
20.31	554.37	164.81
20.32	554.37	164.81
20.33	554.37	164.81
20.34	554.37	164.81
20.35	554.37	164.81
20.36	554.37	164.81
20.37	554.37	164.81
20.38	554.37	164.81
20.39	554.37	164.81
20.40	554.37	164.81
20.41	554.37	164.81
20.42	554.37	164.81
20.43	554.37	164.81
20.44	554.37	164.81
20.45	554.37	164.81
20.46	554.37	164.81
20.47	554.37	164.81
20.48	554.37	164.81
20.49	554.37	164.81
20.50	554.37	164.81
20.51	554.37	164.81
20.52	554.37	164.81
20.53	554.37	164.81
20.54	554.37	164.81
20.55	554.37	164.81	207.65
20.56	554.37	164.81	207.65
20.57	554.37	164.81	207.65	415.30
20.58	554.37	164.81	207.65	415.30
20.59	554.37	164.81	207.65	415.30
20.60	554.37	164.81	207.65	415.30
20.61	554.37	164.81	207.65	415.30
20.62	554.37	164.81	207.65	415.30
20.63	164.81	207.65	415.30
20.64	207.65	415.30
20.65	207.65	415.30
20.66	207.65	415.30
20.67	207.65	415.30
20.68	207.65	415.30
20.69	207.65	415.30
20.70	207.65	415.30
20.71	207.65	415.30
20.72	207.65	415.30
20.73	207.65	415.30
20.74	207.65	415.30
20.75	207.65	415.30
20.76	207.65	415.30
20.77	207.65	415.30
20.78	207.65	415.30
20.79	207.65	415.30
20.80	207.65	415.30
20.81	207.65	415.30
20.82	207.65	415.30
20.83	207.65	415.30
20.84	207.65	415.30
20.85	207.65	415.30
20.86	207.65	415.30
20.87	207.65	415.30
20.88	207.65	415.30
20.89	207.65	415.30
20.90	207.65	415.30
20.91	207.65	415.30
20.92	207.65	415.30
20.93	207.65	415.30
20.94	207.65	415.30
20.95	207.65	415.30
20.96	207.65	415.30
20.97	207.65	415.30
20.98	207.65	415.30
20.99	207.65	415.30
21.00	207.65	415.30
21.01	207.65	415.30
21.02	207.65	415.30
21.03	207.65
21.04	207.65	277.18
21.05	207.65	277.18
21.06	207.65	277.18
21.07	207.65	277.18
21.08	207.65	277.18
21.09	207.65	277.18
21.10	207.65	277.18
21.11	277.18
21.12	277.18
21.13	277.18
21.14	277.18
21.15	277.18
21.16	277.18
21.17	277.18
21.18	277.18
21.19	277.18
21.20	277.18
21.21	277.18
21.22	277.18
21.23	277.18
21.24	277.18
21.25	277.18
21.26	277.18
21.27	277.18
21.28	277.18
21.29	277.18
21.30	277.18
21.31	277.18
21.32	277.18
21.33	277.18
21.34	277.18
21.35	277.18
21.36	277.18
21.37	277.18
21.38	277.18
21.39	277.18
21.40	277.18
21.41	277.18
21.42	277.18
21.43	277.18
21.44	277.18
21.45	277.18
21.46	277.18
21.47	277.18
21.48	277.18
21.49	277.18
21.50	277.18
21.51	277.18
21.52	277.18
21.53	277.18
21.54	277.18
21.55	277.18
21.56	277.18
21.57	277.18
21.58	277.18
21.59	277.18
21.60	277.18
21.61	277.18
21.62	277.18
21.63	277.18
21.64	277.18
21.65	277.18
21.66	277.18
21.67	
21.68	
21.69	
21.70	
21.71	
21.72	
21.73	
21.74	
21.75	
21.76	
21.77	
21.78	
21.79	
21.80	
21.81	
21.82	
21.83	
21.84	
21.85	
21.86	
21.87	
21.88	
21.89	
21.90	
21.91	
21.92	
21.93	
21.94	
21.95	
21.96	
21.97	
21.98	
21.99	
22.00	
22.01	
22.02	
22.03	
22.04	
22.05	
22.06	
22.07	
22.08	
22.09	
22.10	
22.11	
22.12	
22.13	98.00
22.14	98.00
22.15	98.00
22.16	98.00
22.17	98.00
22.18	98.00
22.19	98.00
22.20	98.00
22.21	98.00
22.22	98.00
22.23	98.00
22.24	98.00
22.25	98.00
22.26	98.00
22.27	98.00
22.28	98.00
22.29	98.00
22.30	98.00
22.31	98.00
22.32	98.00
22.33	98.00
22.34	98.00
22.35	98.00
22.36	98.00
22.37	98.00
22.38	98.00
22.39	98.00
22.40	98.00
22.41	98.00
22.42	98.00
22.43	98.00
22.44	98.00
22.45	98.00
22.46	98.00
22.47	98.00
22.48	98.00
22.49	98.00
22.50	98.00
22.51	98.00
22.52	98.00
22.53	98.00
22.54	98.00
22.55	98.00
22.56	98.00
22.57	98.00
22.58	98.00
22.59	98.00
22.60	98.00
22.61	98.00
22.62	98.00
22.63	98.00
22.64	98.00
22.65	98.00
22.66	98.00
22.67	98.00
22.68	98.00
22.69	98.00
22.70	98.00
22.71	98.00
22.72	98.00
22.73	98.00
22.74	98.00
22.75	
22.76	
22.77	
22.78	
22.79	
22.80	164.81
22.81	164.81
22.82	164.81
22.83	164.81
22.84	164.81
22.85	164.81
22.86	164.81
22.87	164.81
22.88	164.81
22.89	164.81
22.90	164.81
22.91	164.81
22.92	164.81
22.93	164.81
22.94	164.81	493.88
22.95	164.81	493.88
22.96	164.81	493.88
22.97	164.81	493.88
22.98	164.81	493.88
22.99	164.81	493.88
23.00	164.81	493.88
23.01	164.81	493.88
23.02	164.81	493.88
23.03	164.81	493.88
23.04	164.81
23.05	164.81
23.06	164.81
23.07	164.81
23.08	164.81
23.09	164.81
23.10	164.81
23.11	164.81
23.12	164.81
23.13	164.81
23.14	164.81
23.15	164.81
23.16	164.81
23.17	164.81
23.18	164.81
23.19	164.81	493.88
23.20	164.81	493.88
23.21	164.81	493.88
23.22	164.81	493.88
23.23	164.81	493.88	246.94
23.24	164.81	493.88	246.94
23.25	164.81	493.88	246.94
23.26	164.81	493.88	246.94
23.27	164.81	493.88	246.94
23.28	164.81	493.88	246.94
23.29	164.81	493.88	246.94
23.30	164.81	493.88	246.94
23.31	164.81	493.88	246.94
23.32	164.81	493.88	246.94	554.37
23.33	164.81	246.94	554.37
23.34	164.81	246.94	554.37
23.35	164.81	246.94	554.37
23.36	164.81	246.94	554.37
23.37	164.81	246.94	554.37
23.38	164.81	246.94	554.37
23.39	164.81	246.94	554.37
23.40	164.81	246.94	554.37
23.41	164.81	246.94	554.37
23.42	164.81	246.94	554.37
23.43	164.81	246.94	554.37
23.44	164.81	246.94	493.88
23.45	164.81	246.94	493.88
23.46	164.81	246.94	493.88
23.47	164.81	246.94	493.88
23.48	164.81	246.94	493.88
23.49	164.81	246.94	493.88
23.50	164.81	246.94	493.88
23.51	164.81	246.94	493.88
23.52	164.81	246.94	493.88
23.53	164.81	246.94	493.88
23.54	164.81	246.94	493.88
23.55	246.94	493.88
23.56	246.94	493.88
23.57	246.94	493.88	466.16
23.58	246.94	493.88	466.16
23.59	493.88	466.16
23.60	493.88	466.16
23.61	493.88	466.16
23.62	493.88	466.16
23.63	493.88	466.16	329.63
23.64	466.16	329.63
23.65	466.16	329.63
23.66	466.16	329.63
23.67	466.16	329.63
23.68	466.16	329.63
23.69	466.16	329.63
23.70	466.16	329.63
23.71	466.16	329.63
23.72	466.16	329.63
23.73	466.16	329.63
23.74	466.16	329.63
23.75	466.16	329.63	493.88
23.76	466.16	329.63	493.88
23.77	466.16	329.63	493.88
23.78	466.16	329.63	493.88
23.79	329.63	493.88
23.80	329.63	493.88
23.81	329.63	493.88
23.82	329.63	493.88
23.83	329.63	493.88
23.84	329.63	493.88
23.85	329.63	493.88	92.50
23.86	329.63	493.88	92.50
23.87	329.63	493.88	92.50
23.88	329.63	493.88	92.50
23.89	329.63	493.88	92.50
23.90	493.88	92.50
23.91	493.88	92.50
23.92	493.88	92.50
23.93	493.88	92.50
23.94	493.88	92.50	622.25
23.95	493.88	92.50	622.25
23.96	493.88	92.50	622.25
23.97	493.88	92.50	622.25
23.98	493.88	92.50	622.25
23.99	92.50	622.25
24.00	92.50	622.25
24.01	92.50	622.25
24.02	92.50	622.25
24.03	92.50	622.25
24.04	92.50	622.25
24.05	92.50	622.25
24.06	92.50	622.25
24.07	92.50	622.25
24.08	92.50	622.25
24.09	92.50	622.25
24.10	92.50	622.25
24.11	92.50	622.25
24.12	92.50	622.25
24.13	92.50	622.25
24.14	92.50	622.25
24.15	92.50	622.25
24.16	92.50	622.25
24.17	92.50	622.25
24.18	92.50	622.25
24.19	92.50	622.25
24.20	92.50	622.25
24.21	92.50
24.22	92.50
24.23	92.50
24.24	92.50
24.25	92.50
24.26	92.50
24.27	92.50
24.28	92.50
24.29	92.50
24.30	92.50
24.31	92.50
24.32	92.50
24.33	92.50
24.34	92.50
24.35	92.50
24.36	92.50
24.37	92.50
24.38	92.50
24.39	92.50
24.40	92.50
24.41	92.50
24.42	92.50
24.43	92.50
24.44	92.50	622.25
24.45	92.50	622.25
24.46	92.50	622.25
24.47	92.50	622.25
24.48	92.50	622.25
24.49	622.25
24.50	622.25
24.51	622.25	185.00
24.52	622.25	185.00
24.53	622.25	185.00
24.54	622.25	185.00
24.55	622.25	185.00
24.56	622.25	185.00
24.57	622.25	185.00
24.58	622.25	185.00
24.59	622.25	185.00
24.60	622.25	185.00
24.61	622.25	185.00
24.62	622.25	185.00
24.63	622.25	185.00
24.64	622.25	185.00
24.65	622.25	185.00
24.66	622.25	185.00
24.67	622.25	185.00
24.68	622.25	185.00
24.69	622.25	185.00
24.70	622.25	185.00
24.71	622.25	185.00
24.72	622.25	185.00
24.73	622.25	185.00
24.74	622.25	185.00
24.75	622.25	185.00
24.76	622.25	185.00
24.77	622.25	185.00
24.78	622.25	185.00
24.79	622.25	185.00
24.80	622.25	185.00
24.81	622.25	185.00
24.82	622.25	185.00
24.83	622.25	185.00
24.84	622.25	185.00
24.85	622.25	185.00
24.86	622.25	185.00
24.87	622.25	185.00
24.88	622.25	185.00
24.89	622.25	185.00
24.90	622.25	185.00
24.91	622.25	185.00
24.92	622.25	185.00
24.93	622.25	185.00
24.94	622.25	185.00
24.95	622.25	185.00
24.96	622.25	185.00
24.97	622.25	185.00
24.98	622.25	185.00
24.99	622.25	185.00
25.00	622.25	185.00
25.01	622.25	185.00
25.02	622.25	185.00
25.03	622.25	185.00
25.04	622.25	185.00
25.05	622.25	185.00
25.06	622.25	185.00	233.08
25.07	622.25	185.00	233.08
25.08	622.25	185.00	233.08
25.09	622.25	185.00	233.08
25.10	622.25	185.00	233.08
25.11	622.25	185.00	233.08
25.12	622.25	185.00	233.08
25.13	622.25	185.00	233.08
25.14	622.25	185.00	233.08
25.15	622.25	185.00	233.08
25.16	622.25	185.00	233.08
25.17	622.25	185.00	233.08
25.18	622.25	185.00	233.08
25.19	622.25	185.00	233.08
25.20	622.25	185.00	233.08
25.21	622.25	185.00	233.08
25.22	622.25	185.00	233.08
25.23	622.25	185.00	233.08
25.24	622.25	185.00	233.08
25.25	622.25	185.00	233.08
25.26	622.25	185.00	233.08
25.27	622.25	185.00	233.08
25.28	622.25	185.00	233.08
25.29	622.25	185.00	233.08
25.30	622.25	185.00	233.08
25.31	622.25	185.00	233.08
25.32	622.25	185.00	233.08
25.33	622.25	185.00	233.08
25.34	622.25	185.00	233.08
25.35	622.25	185.00	233.08
25.36	622.25	185.00	233.08
25.37	622.25	185.00	233.08
25.38	622.25	185.00	233.08
25.39	622.25	185.00	233.08
25.40	622.25	185.00	233.08
25.41	622.25	185.00	233.08
25.42	622.25	185.00	233.08
25.43	622.25	185.00	233.08
25.44	622.25	185.00	233.08	554.37
25.45	622.25	233.08	554.37
25.46	622.25	233.08	554.37
25.47	622.25	233.08	554.37
25.48	622.25	233.08	554.37
25.49	622.25	233.08	554.37
25.50	622.25	233.08	554.37
25.51	233.08	554.37
25.52	233.08	554.37
25.53	233.08	554.37
25.54	233.08	554.37
25.55	233.08	554.37
25.56	233.08	554.37
25.57	233.08	554.37
25.58	233.08	554.37
25.59	233.08	554.37	329.63
25.60	233.08	554.37	329.63
25.61	233.08	554.37	329.63
25.62	554.37	329.63
25.63	554.37	329.63
25.64	554.37	329.63
25.65	554.37	329.63
25.66	554.37	329.63
25.67	554.37	329.63
25.68	554.37	329.63
25.69	554.37	329.63
25.70	554.37	329.63
25.71	554.37	329.63
25.72	554.37	329.63
25.73	554.37	329.63
25.74	554.37	329.63
25.75	554.37	329.63
25.76	554.37	329.63
25.77	554.37	329.63
25.78	554.37	329.63
25.79	554.37	329.63
25.80	554.37	329.63
25.81	554.37	329.63
25.82	554.37	329.63
25.83	554.37	329.63
25.84	554.37	329.63
25.85	554.37	329.63
25.86	554.37	329.63
25.87	554.37	329.63
25.88	554.37	329.63
25.89	554.37	329.63
25.90	554.37	329.63
25.91	554.37	329.63
25.92	554.37	329.63
25.93	554.37	329.63
25.94	554.37	329.63
25.95	554.37	329.63
25.96	554.37	329.63
25.97	554.37	329.63
25.98	554.37	329.63
25.99	554.37	329.63
26.00	554.37	329.63	493.88
26.01	554.37	329.63	493.88
26.02	554.37	329.63	493.88
26.03	554.37	329.63	493.88
26.04	554.37	329.63	493.88
26.05	554.37	329.63	493.88
26.06	554.37	329.63	493.88
26.07	554.37	329.63	493.88	123.47
26.08	554.37	329.63	493.88	123.47
26.09	493.88	123.47
26.10	493.88	123.47
26.11	493.88	123.47
26.12	493.88	123.47
26.13	493.88	123.47
26.14	493.88	123.47
26.15	493.88	123.47
26.16	493.88	123.47
26.17	493.88	123.47
26.18	493.88	123.47
26.19	493.88	123.47
26.20	493.88	123.47
26.21	493.88	123.47
26.22	493.88	123.47
26.23	493.88	123.47