0.01	
0.02	
0.03	
0.04	
0.05	
0.06	
0.07	
0.08	
0.09	
0.10	
0.11	
0.12	
0.13	
0.14	
0.15	
0.16	
0.17	
0.18	
0.19	
0.20	
0.21	
0.22	
0.23	
0.24	
0.25	
0.26	
0.27	
0.28	
0.29	
0.30	
0.31	
0.32	
0.33	
0.34	
0.35	
0.36	
0.37	
0.38	
0.39	
0.40	
0.41	
0.42	
0.43	
0.44	
0.45	
0.46	
0.47	
0.48	
0.49	
0.50	
0.51	
0.52	
0.53	
0.54	
0.55	
0.56	
0.57	
0.58	
0.59	
0.60	
0.61	
0.62	
0.63	
0.64	
0.65	
0.66	
0.67	
0.68	
0.69	
0.70	
0.71	
0.72	
0.73	
0.74	
0.75	
0.76	
0.77	
0.78	
0.79	
0.80	
0.81	
0.82	
0.83	
0.84	
0.85	
0.86	
0.87	
0.88	
0.89	
0.90	
0.91	
0.92	
0.93	
0.94	
0.95	
0.96	
0.97	
0.98	
0.99	
1.00	
1.01	
1.02	
1.03	
1.04	
1.05	
1.06	
1.07	
1.08	
1.09	
1.10	
1.11	
1.12	
1.13	
1.14	
1.15	
1.16	
1.17	
1.18	
1.19	
1.20	
1.21	
1.22	
1.23	
1.24	
1.25	
1.26	
1.27	
1.28	
1.29	
1.30	
1.31	
1.32	
1.33	
1.34	
1.35	
1.36	
1.37	
1.38	
1.39	
1.40	
1.41	
1.42	
1.43	
1.44	
1.45	
1.46	
1.47	
1.48	
1.49	
1.50	
1.51	
1.52	
1.53	
1.54	
1.55	
1.56	
1.57	
1.58	
1.59	
1.60	
1.61	
1.62	
1.63	
1.64	
1.65	
1.66	
1.67	
1.68	
1.69	
1.70	
1.71	
1.72	
1.73	
1.74	
1.75	
1.76	
1.77	
1.78	
1.79	
1.80	
1.81	
1.82	
1.83	
1.84	
1.85	
1.86	
1.87	
1.88	
1.89	
1.90	
1.91	
1.92	
1.93	
1.94	
1.95	
1.96	
1.97	
1.98	
1.99	
2.00	
2.01	
2.02	
2.03	
2.04	261.63	523.25
2.05	261.63	523.25
2.06	261.63	523.25
2.07	261.63	523.25
2.08	261.63	523.25
2.09	261.63	523.25
2.10	261.63	523.25
2.11	261.63	523.25
2.12	261.63	523.25
2.13	261.63	523.25
2.14	261.63	523.25
2.15	261.63	523.25
2.16	261.63	523.25
2.17	261.63	523.25
2.18	261.63	523.25
2.19	261.63	523.25
2.20	261.63	523.25
2.21	261.63	523.25
2.22	261.63	523.25
2.23	261.63	523.25
2.24	261.63	523.25
2.25	261.63	523.25
2.26	261.63	523.25
2.27	261.63	523.25
2.28	261.63	523.25
2.29	261.63	523.25
2.30	261.63	523.25
2.31	261.63	523.25
2.32	261.63	523.25
2.33	261.63	523.25	392.00
2.34	261.63	523.25	392.00
2.35	261.63	523.25	392.00
2.36	523.25	392.00
2.37	523.25	392.00
2.38	523.25	392.00
2.39	523.25	392.00
2.40	523.25	392.00
2.41	523.25	392.00
2.42	523.25	392.00
2.43	523.25	392.00
2.44	523.25	392.00
2.45	523.25	392.00
2.46	523.25	392.00
2.47	523.25	392.00
2.48	523.25	392.00
2.49	523.25	392.00
2.50	523.25	392.00
2.51	523.25	392.00
2.52	523.25	392.00
2.53	523.25	392.00
2.54	523.25	392.00
2.55	523.25	392.00
2.56	523.25	392.00	329.63
2.57	523.25	392.00	329.63
2.58	523.25	392.00	329.63
2.59	523.25	392.00	329.63
2.60	523.25	392.00	329.63
2.61	523.25	329.63
2.62	523.25	329.63
2.63	523.25	329.63
2.64	523.25	329.63
2.65	523.25	329.63
2.66	523.25	329.63
2.67	523.25	329.63
2.68	523.25	329.63
2.69	523.25	329.63
2.70	523.25	329.63
2.71	523.25	329.63
2.72	523.25	329.63
2.73	523.25	329.63
2.74	523.25	329.63
2.75	523.25	329.63
2.76	523.25	329.63
2.77	523.25	329.63
2.78	523.25	329.63
2.79	523.25	329.63	392.00
2.80	523.25	329.63	392.00
2.81	523.25	392.00
2.82	523.25	392.00
2.83	523.25	392.00
2.84	523.25	392.00
2.85	523.25	392.00
2.86	523.25	392.00
2.87	523.25	392.00
2.88	523.25	392.00
2.89	523.25	392.00
2.90	523.25	392.00
2.91	523.25	392.00
2.92	523.25	392.00
2.93	523.25	392.00
2.94	523.25	392.00
2.95	523.25	392.00
2.96	523.25	392.00
2.97	523.25	392.00
2.98	523.25	392.00
2.99	523.25	392.00	659.26
3.00	523.25	392.00	659.26
3.01	523.25	392.00	659.26
3.02	523.25	392.00	659.26
3.03	392.00	659.26	261.63
3.04	392.00	659.26	261.63
3.05	392.00	659.26	261.63
3.06	392.00	659.26	261.63
3.07	659.26	261.63
3.08	659.26	261.63
3.09	659.26	261.63
3.10	659.26	261.63
3.11	659.26	261.63
3.12	659.26	261.63
3.13	659.26	261.63
3.14	659.26	261.63
3.15	659.26	261.63
3.16	659.26	261.63
3.17	659.26	261.63
3.18	659.26	261.63
3.19	659.26	261.63
3.20	659.26	261.63
3.21	659.26	261.63
3.22	659.26	261.63
3.23	659.26	261.63
3.24	659.26	261.63
3.25	659.26	261.63
3.26	659.26	261.63
3.27	659.26	261.63	392.00
3.28	659.26	261.63	392.00
3.29	659.26	392.00
3.30	659.26	392.00
3.31	659.26	392.00
3.32	659.26	392.00
3.33	659.26	392.00
3.34	659.26	392.00
3.35	659.26	392.00
3.36	659.26	392.00
3.37	659.26	392.00
3.38	659.26	392.00
3.39	659.26	392.00
3.40	659.26	392.00
3.41	659.26	392.00
3.42	659.26	392.00
3.43	659.26	392.00
3.44	659.26	392.00
3.45	659.26	392.00
3.46	659.26	392.00
3.47	659.26	392.00
3.48	659.26	392.00	783.99
3.49	659.26	392.00	783.99
3.50	392.00	783.99
3.51	392.00	783.99
3.52	392.00	783.99	329.63
3.53	392.00	783.99	329.63
3.54	392.00	783.99	329.63
3.55	392.00	783.99	329.63
3.56	783.99	329.63
3.57	783.99	329.63
3.58	783.99	329.63
3.59	783.99	329.63
3.60	783.99	329.63
3.61	783.99	329.63
3.62	783.99	329.63
3.63	783.99	329.63
3.64	783.99	329.63
3.65	783.99	329.63
3.66	783.99	329.63
3.67	783.99	329.63
3.68	783.99	329.63
3.69	783.99	329.63
3.70	783.99	329.63
3.71	783.99	329.63
3.72	783.99	329.63
3.73	783.99	329.63
3.74	783.99	329.63
3.75	783.99	329.63	392.00
3.76	783.99	392.00
3.77	783.99	392.00
3.78	783.99	392.00
3.79	783.99	392.00
3.80	783.99	392.00
3.81	783.99	392.00
3.82	783.99	392.00
3.83	783.99	392.00
3.84	783.99	392.00
3.85	783.99	392.00
3.86	783.99	392.00
3.87	783.99	392.00
3.88	783.99	392.00
3.89	783.99	392.00
3.90	783.99	392.00
3.91	783.99	392.00
3.92	783.99	392.00
3.93	783.99	392.00
3.94	783.99	392.00
3.95	783.99	392.00
3.96	783.99	392.00
3.97	783.99	392.00
3.98	392.00	493.88
3.99	392.00	493.88
4.00	392.00	493.88	293.66
4.01	392.00	493.88	293.66
4.02	392.00	493.88	293.66
4.03	392.00	493.88	293.66
4.04	493.88	293.66
4.05	493.88	293.66
4.06	493.88	293.66
4.07	493.88	293.66
4.08	493.88	293.66
4.09	493.88	293.66
4.10	493.88	293.66
4.11	493.88	293.66
4.12	493.88	293.66
4.13	493.88	293.66
4.14	493.88	293.66
4.15	493.88	293.66
4.16	493.88	293.66
4.17	493.88	293.66
4.18	493.88	293.66
4.19	493.88	293.66
4.20	493.88	293.66
4.21	493.88	293.66
4.22	493.88	293.66
4.23	493.88	293.66
4.24	493.88	392.00
4.25	493.88	392.00
4.26	493.88	392.00
4.27	493.88	392.00
4.28	493.88	392.00
4.29	493.88	392.00
4.30	493.88	392.00
4.31	493.88	392.00
4.32	493.88	392.00
4.33	493.88	392.00
4.34	493.88	392.00
4.35	493.88	392.00
4.36	493.88	392.00
4.37	493.88	392.00
4.38	493.88	392.00
4.39	493.88	392.00
4.40	493.88	392.00
4.41	493.88	392.00
4.42	493.88	392.00
4.43	493.88	392.00
4.44	493.88	392.00
4.45	493.88	392.00
4.46	493.88	392.00
4.47	493.88	392.00	349.23
4.48	493.88	392.00	349.23
4.49	493.88	349.23
4.50	493.88	349.23
4.51	493.88	349.23
4.52	493.88	349.23
4.53	493.88	349.23
4.54	493.88	349.23
4.55	493.88	349.23
4.56	493.88	349.23
4.57	493.88	349.23
4.58	493.88	349.23
4.59	493.88	349.23
4.60	493.88	349.23
4.61	493.88	349.23
4.62	493.88	349.23
4.63	493.88	349.23
4.64	493.88	349.23
4.65	493.88	349.23
4.66	493.88	349.23
4.67	493.88	349.23
4.68	493.88	349.23
4.69	493.88	349.23
4.70	493.88	349.23
4.71	493.88	349.23	392.00
4.72	493.88	349.23	392.00
4.73	493.88	392.00
4.74	493.88	392.00	523.25
4.75	493.88	392.00	523.25
4.76	392.00	523.25
4.77	392.00	523.25
4.78	392.00	523.25
4.79	392.00	523.25
4.80	392.00	523.25
4.81	392.00	523.25
4.82	392.00	523.25
4.83	392.00	523.25	587.33
4.84	392.00	523.25	587.33
4.85	392.00	587.33
4.86	392.00	587.33
4.87	392.00	587.33
4.88	392.00	587.33
4.89	392.00	587.33
4.90	392.00	587.33
4.91	392.00	587.33
4.92	392.00	587.33
4.93	392.00	587.33
4.94	392.00	587.33	523.25
4.95	392.00	587.33	523.25
4.96	392.00	523.25
4.97	392.00	523.25	261.63
4.98	392.00	523.25	261.63
4.99	523.25	261.63
5.00	523.25	261.63
5.01	523.25	261.63
5.02	523.25	261.63
5.03	523.25	261.63
5.04	523.25	261.63
5.05	523.25	261.63
5.06	523.25	261.63
5.07	523.25	261.63
5.08	523.25	261.63
5.09	523.25	261.63
5.10	523.25	261.63
5.11	523.25	261.63
5.12	523.25	261.63
5.13	523.25	261.63
5.14	523.25	261.63
5.15	523.25	261.63
5.16	523.25	261.63
5.17	523.25	261.63
5.18	523.25	261.63
5.19	523.25
5.20	523.25	392.00
5.21	523.25	392.00
5.22	523.25	392.00
5.23	523.25	392.00
5.24	523.25	392.00
5.25	523.25	392.00
5.26	523.25	392.00
5.27	523.25	392.00
5.28	523.25	392.00
5.29	523.25	392.00
5.30	523.25	392.00
5.31	523.25	392.00
5.32	523.25	392.00
5.33	523.25	392.00
5.34	523.25	392.00
5.35	523.25	392.00
5.36	523.25	392.00
5.37	523.25	392.00
5.38	523.25	392.00
5.39	523.25	392.00
5.40	523.25	392.00
5.41	523.25	392.00
5.42	523.25	392.00
5.43	523.25	392.00
5.44	523.25	392.00
5.45	523.25	392.00
5.46	523.25	392.00	329.63
5.47	523.25	392.00	329.63
5.48	523.25	392.00	329.63
5.49	523.25	329.63
5.50	523.25	329.63
5.51	523.25	329.63
5.52	523.25	329.63
5.53	523.25	329.63
5.54	523.25	329.63
5.55	523.25	329.63
5.56	523.25	329.63
5.57	523.25	329.63
5.58	523.25	329.63
5.59	523.25	329.63
5.60	329.63
5.61	329.63
5.62	329.63
5.63	329.63
5.64	329.63
5.65	329.63
5.66	329.63
5.67	329.63
5.68	329.63
5.69	329.63
5.70	329.63
5.71	329.63
5.72	329.63
5.73	392.00
5.74	392.00
5.75	392.00
5.76	392.00
5.77	392.00
5.78	392.00
5.79	392.00
5.80	392.00
5.81	392.00
5.82	392.00
5.83	392.00
5.84	392.00
5.85	392.00
5.86	392.00
5.87	392.00
5.88	392.00
5.89	392.00
5.90	392.00
5.91	392.00
5.92	392.00
5.93	392.00
5.94	392.00
5.95	392.00
5.96	392.00
5.97	392.00
5.98	392.00
5.99	392.00	880.00	261.63
6.00	392.00	880.00	261.63
6.01	880.00	261.63
6.02	880.00	261.63
6.03	880.00	261.63
6.04	880.00	261.63
6.05	880.00	261.63
6.06	880.00	261.63
6.07	880.00	261.63
6.08	880.00	261.63
6.09	880.00	261.63
6.10	880.00	261.63
6.11	880.00	261.63
6.12	880.00	261.63
6.13	880.00	261.63
6.14	880.00	261.63
6.15	880.00	261.63
6.16	880.00	261.63
6.17	880.00	261.63
6.18	880.00	261.63
6.19	880.00	261.63
6.20	880.00
6.21	880.00
6.22	880.00
6.23	880.00	440.00
6.24	880.00	440.00
6.25	880.00	440.00
6.26	880.00	440.00
6.27	880.00	440.00
6.28	880.00	440.00
6.29	880.00	440.00
6.30	880.00	440.00
6.31	880.00	440.00
6.32	880.00	440.00
6.33	880.00	440.00
6.34	880.00	440.00
6.35	880.00	440.00
6.36	880.00	440.00
6.37	880.00	440.00
6.38	880.00	440.00
6.39	880.00	440.00
6.40	880.00	440.00
6.41	880.00	440.00
6.42	880.00	440.00
6.43	880.00	440.00
6.44	880.00	440.00
6.45	880.00	440.00
6.46	880.00	440.00
6.47	880.00	440.00
6.48	880.00	440.00
6.49	880.00	440.00
6.50	880.00	440.00	349.23
6.51	880.00	440.00	349.23
6.52	880.00	440.00	349.23
6.53	880.00	440.00	349.23
6.54	880.00	349.23
6.55	880.00	349.23
6.56	880.00	349.23
6.57	880.00	349.23
6.58	880.00	349.23
6.59	880.00	349.23
6.60	880.00	349.23
6.61	880.00	349.23
6.62	880.00	349.23
6.63	880.00	349.23
6.64	880.00	349.23
6.65	880.00	349.23
6.66	880.00	349.23
6.67	880.00	349.23
6.68	880.00	349.23
6.69	880.00	349.23
6.70	880.00	349.23
6.71	880.00	349.23
6.72	880.00	349.23
6.73	880.00	349.23
6.74	880.00
6.75	880.00	440.00
6.76	880.00	440.00
6.77	880.00	440.00
6.78	880.00	440.00
6.79	880.00	440.00
6.80	880.00	440.00
6.81	880.00	440.00
6.82	880.00	440.00
6.83	880.00	440.00
6.84	880.00	440.00
6.85	880.00	440.00
6.86	880.00	440.00
6.87	880.00	440.00
6.88	880.00	440.00
6.89	880.00	440.00
6.90	880.00	440.00
6.91	880.00	440.00
6.92	880.00	440.00
6.93	880.00	440.00
6.94	880.00	440.00
6.95	880.00	440.00
6.96	880.00	440.00
6.97	880.00	440.00	783.99
6.98	880.00	440.00	783.99
6.99	880.00	440.00	783.99
7.00	880.00	440.00	783.99
7.01	440.00	783.99	261.63
7.02	440.00	783.99	261.63
7.03	783.99	261.63
7.04	783.99	261.63
7.05	783.99	261.63
7.06	783.99	261.63
7.07	783.99	261.63
7.08	783.99	261.63
7.09	783.99	261.63
7.10	783.99	261.63
7.11	783.99	261.63
7.12	783.99	261.63
7.13	783.99	261.63
7.14	783.99	261.63
7.15	783.99	261.63
7.16	783.99	261.63
7.17	783.99	261.63
7.18	783.99	261.63
7.19	783.99	261.63
7.20	783.99	261.63
7.21	783.99	261.63
7.22	783.99	261.63
7.23	783.99	392.00
7.24	783.99	392.00
7.25	783.99	392.00
7.26	783.99	392.00
7.27	783.99	392.00
7.28	783.99	392.00
7.29	783.99	392.00
7.30	783.99	392.00
7.31	783.99	392.00
7.32	783.99	392.00
7.33	783.99	392.00
7.34	783.99	392.00
7.35	783.99	392.00
7.36	783.99	392.00
7.37	783.99	392.00
7.38	783.99	392.00
7.39	783.99	392.00
7.40	783.99	392.00
7.41	783.99	392.00
7.42	783.99	392.00
7.43	783.99	392.00
7.44	392.00
7.45	392.00
7.46	392.00	1046.50
7.47	392.00	1046.50
7.48	392.00	1046.50	329.63
7.49	392.00	1046.50	329.63
7.50	392.00	1046.50	329.63
7.51	1046.50	329.63
7.52	1046.50	329.63
7.53	1046.50	329.63
7.54	1046.50	329.63
7.55	1046.50	329.63
7.56	1046.50	329.63
7.57	1046.50	329.63
7.58	1046.50	329.63
7.59	1046.50	329.63
7.60	1046.50	329.63
7.61	1046.50	329.63
7.62	1046.50	329.63
7.63	1046.50	329.63
7.64	1046.50	329.63
7.65	1046.50	329.63
7.66	1046.50	329.63
7.67	1046.50	329.63
7.68	1046.50	329.63
7.69	1046.50	329.63
7.70	1046.50	329.63
7.71	1046.50
7.72	1046.50	392.00
7.73	1046.50	392.00
7.74	1046.50	392.00
7.75	1046.50	392.00
7.76	1046.50	392.00
7.77	1046.50	392.00
7.78	1046.50	392.00
7.79	1046.50	392.00
7.80	1046.50	392.00
7.81	1046.50	392.00
7.82	1046.50	392.00
7.83	1046.50	392.00
7.84	1046.50	392.00
7.85	1046.50	392.00
7.86	1046.50	392.00
7.87	1046.50	392.00
7.88	1046.50	392.00
7.89	1046.50	392.00
7.90	1046.50	392.00
7.91	1046.50	392.00
7.92	1046.50	392.00
7.93	1046.50	392.00
7.94	1046.50	392.00
7.95	1046.50	392.00	246.94
7.96	1046.50	392.00	246.94
7.97	1046.50	392.00	246.94
7.98	1046.50	246.94
7.99	1046.50	246.94
8.00	1046.50	246.94	783.99
8.01	1046.50	246.94	783.99
8.02	246.94	783.99
8.03	246.94	783.99
8.04	246.94	783.99
8.05	246.94	783.99
8.06	246.94	783.99
8.07	246.94	783.99
8.08	246.94	783.99
8.09	246.94	783.99
8.10	246.94	783.99
8.11	246.94	783.99
8.12	246.94	783.99
8.13	246.94	783.99
8.14	246.94	783.99
8.15	246.94	783.99
8.16	246.94	783.99
8.17	246.94	783.99
8.18	246.94	783.99
8.19	246.94	783.99
8.20	246.94	783.99
8.21	783.99
8.22	783.99	392.00
8.23	783.99	392.00
8.24	783.99	392.00
8.25	783.99	392.00
8.26	783.99	392.00
8.27	783.99	392.00
8.28	783.99	392.00
8.29	783.99	392.00
8.30	783.99	392.00
8.31	783.99	392.00
8.32	783.99	392.00
8.33	783.99	392.00
8.34	783.99	392.00
8.35	783.99	392.00
8.36	783.99	392.00
8.37	783.99	392.00
8.38	783.99	392.00
8.39	783.99	392.00
8.40	783.99	392.00
8.41	783.99	392.00
8.42	392.00
8.43	392.00
8.44	392.00	698.46
8.45	392.00	698.46
8.46	392.00	698.46
8.47	392.00	698.46	293.66
8.48	392.00	698.46	293.66
8.49	392.00	698.46	293.66
8.50	392.00	698.46	293.66
8.51	392.00	698.46	293.66
8.52	698.46	293.66	783.99
8.53	293.66	783.99
8.54	293.66	783.99
8.55	293.66	783.99
8.56	293.66	783.99
8.57	293.66	783.99
8.58	293.66	783.99
8.59	293.66	783.99
8.60	293.66	783.99
8.61	293.66	783.99
8.62	293.66	783.99	698.46
8.63	293.66	783.99	698.46
8.64	293.66	783.99	698.46
8.65	293.66	783.99	698.46
8.66	293.66	698.46
8.67	293.66	698.46
8.68	293.66	698.46
8.69	293.66	698.46
8.70	293.66	698.46
8.71	698.46
8.72	698.46	392.00
8.73	698.46	392.00
8.74	698.46	392.00
8.75	698.46	392.00
8.76	698.46	392.00
8.77	698.46	392.00
8.78	698.46	392.00
8.79	392.00	659.26
8.80	392.00	659.26
8.81	392.00	659.26
8.82	392.00	659.26
8.83	392.00	659.26
8.84	392.00	659.26
8.85	392.00	659.26
8.86	392.00	659.26
8.87	392.00	659.26
8.88	392.00	659.26
8.89	392.00	659.26
8.90	392.00	698.46
8.91	392.00	698.46
8.92	392.00	698.46
8.93	392.00	698.46
8.94	392.00	698.46
8.95	392.00	698.46
8.96	392.00	698.46
8.97	392.00	698.46
8.98	392.00	698.46	261.63
8.99	392.00	698.46	261.63
9.00	392.00	698.46	261.63	659.26
9.01	261.63	659.26
9.02	261.63	659.26
9.03	261.63	659.26
9.04	261.63	659.26
9.05	261.63	659.26
9.06	261.63	659.26
9.07	261.63	659.26
9.08	261.63	659.26
9.09	261.63	659.26
9.10	261.63	659.26
9.11	261.63	659.26
9.12	261.63	659.26
9.13	261.63	659.26
9.14	261.63	659.26
9.15	261.63	659.26
9.16	261.63	659.26
9.17	261.63	659.26
9.18	261.63	659.26
9.19	261.63	659.26
9.20	261.63	659.26
9.21	261.63	659.26
9.22	659.26
9.23	659.26	392.00
9.24	659.26	392.00
9.25	659.26	392.00
9.26	659.26	392.00
9.27	659.26	392.00
9.28	659.26	392.00
9.29	659.26	392.00
9.30	659.26	392.00
9.31	659.26	392.00
9.32	659.26	392.00
9.33	659.26	392.00
9.34	659.26	392.00
9.35	659.26	392.00
9.36	659.26	392.00
9.37	659.26	392.00
9.38	659.26	392.00
9.39	659.26	392.00
9.40	659.26	392.00
9.41	659.26	392.00
9.42	659.26	392.00
9.43	659.26	392.00
9.44	659.26	392.00
9.45	659.26	392.00
9.46	659.26	392.00
9.47	659.26	392.00
9.48	659.26	392.00
9.49	659.26	392.00	329.63
9.50	659.26	392.00	329.63
9.51	659.26	392.00	329.63
9.52	659.26	329.63
9.53	659.26	329.63
9.54	659.26	329.63
9.55	659.26	329.63
9.56	329.63
9.57	329.63
9.58	329.63
9.59	329.63
9.60	329.63
9.61	329.63
9.62	329.63
9.63	329.63
9.64	329.63
9.65	329.63
9.66	329.63
9.67	329.63
9.68	329.63
9.69	329.63
9.70	329.63
9.71	329.63
9.72	329.63
9.73	329.63
9.74	329.63	392.00
9.75	329.63	392.00
9.76	392.00
9.77	392.00
9.78	392.00
9.79	392.00
9.80	392.00
9.81	392.00
9.82	392.00
9.83	392.00
9.84	392.00
9.85	392.00
9.86	392.00
9.87	392.00
9.88	392.00
9.89	392.00
9.90	392.00
9.91	392.00
9.92	392.00
9.93	392.00
9.94	392.00
9.95	392.00
9.96	392.00
9.97	392.00
9.98	392.00
9.99	392.00
10.00	392.00	440.00	349.23
10.01	392.00	440.00	349.23
10.02	392.00	440.00	349.23
10.03	440.00	349.23
10.04	440.00	349.23
10.05	440.00	349.23
10.06	440.00	349.23
10.07	440.00	349.23
10.08	440.00	349.23
10.09	440.00	349.23
10.10	440.00	349.23
10.11	440.00	349.23
10.12	440.00	349.23
10.13	440.00	349.23
10.14	440.00	349.23
10.15	440.00	349.23
10.16	440.00	349.23
10.17	440.00	349.23
10.18	440.00	349.23
10.19	440.00	349.23
10.20	440.00	349.23
10.21	440.00	349.23
10.22	440.00	349.23
10.23	440.00	349.23
10.24	440.00	349.23
10.25	440.00	349.23
10.26	349.23	493.88
10.27	349.23	493.88
10.28	349.23	493.88
10.29	349.23	493.88
10.30	349.23	493.88
10.31	349.23	493.88
10.32	349.23	493.88
10.33	349.23	493.88
10.34	349.23	493.88
10.35	349.23	493.88
10.36	349.23	493.88
10.37	349.23	493.88
10.38	349.23	523.25
10.39	523.25
10.40	523.25
10.41	523.25
10.42	523.25
10.43	523.25
10.44	523.25
10.45	523.25
10.46	523.25
10.47	
10.48	587.33
10.49	587.33
10.50	587.33
10.51	587.33
10.52	587.33
10.53	587.33
10.54	587.33
10.55	587.33
10.56	587.33
10.57	587.33
10.58	
10.59	659.26
10.60	659.26
10.61	659.26
10.62	659.26
10.63	659.26
10.64	659.26
10.65	659.26
10.66	659.26
10.67	659.26
10.68	659.26
10.69	659.26
10.70	659.26	698.46
10.71	659.26	698.46
10.72	659.26	698.46
10.73	698.46
10.74	698.46
10.75	698.46
10.76	698.46
10.77	698.46
10.78	698.46
10.79	698.46
10.80	698.46
10.81	
10.82	783.99
10.83	783.99
10.84	783.99
10.85	783.99
10.86	783.99
10.87	783.99
10.88	783.99
10.89	783.99
10.90	783.99
10.91	783.99
10.92	783.99
10.93	783.99
10.94	783.99
10.95	783.99
10.96	783.99	880.00
10.97	880.00
10.98	880.00
10.99	880.00
11.00	880.00
11.01	880.00
11.02	880.00
11.03	880.00
11.04	880.00
11.05	880.00
11.06	880.00
11.07	880.00
11.08	880.00
11.09	880.00	783.99
11.10	880.00	783.99
11.11	783.99
11.12	783.99
11.13	783.99
11.14	783.99
11.15	783.99
11.16	783.99
11.17	783.99
11.18	783.99
11.19	783.99
11.20	783.99
11.21	783.99
11.22	783.99	698.46
11.23	783.99	698.46
11.24	698.46
11.25	698.46
11.26	698.46
11.27	698.46
11.28	698.46
11.29	698.46
11.30	698.46
11.31	698.46
11.32	698.46
11.33	698.46
11.34	698.46
11.35	698.46	659.26
11.36	698.46	659.26
11.37	698.46	659.26
11.38	698.46	659.26
11.39	698.46	659.26
11.40	659.26
11.41	659.26
11.42	659.26
11.43	659.26
11.44	659.26
11.45	659.26	261.63
11.46	261.63	174.61
11.47	261.63	174.61	587.33
11.48	261.63	174.61	587.33
11.49	261.63	174.61	587.33
11.50	261.63	174.61	587.33
11.51	261.63	174.61	587.33
11.52	261.63	174.61	587.33
11.53	261.63	174.61	587.33
11.54	261.63	174.61	587.33
11.55	261.63	174.61	587.33
11.56	261.63	174.61	587.33
11.57	261.63	174.61	587.33
11.58	261.63	174.61	587.33
11.59	261.63	174.61	587.33	523.25
11.60	261.63	174.61	587.33	523.25
11.61	261.63	174.61	523.25
11.62	261.63	174.61	523.25
11.63	261.63	174.61	523.25
11.64	261.63	174.61	523.25
11.65	261.63	174.61	523.25
11.66	261.63	174.61	523.25
11.67	261.63	174.61	523.25
11.68	261.63	174.61	523.25
11.69	261.63	174.61	523.25
11.70	261.63	174.61	523.25
11.71	261.63	174.61	523.25
11.72	261.63	174.61	523.25
11.73	174.61	523.25
11.74	174.61	523.25
11.75	174.61	523.25	493.88
11.76	523.25	493.88
11.77	523.25	493.88
11.78	493.88
11.79	493.88
11.80	493.88
11.81	493.88
11.82	493.88
11.83	493.88
11.84	493.88
11.85	493.88
11.86	493.88
11.87	493.88	440.00
11.88	440.00
11.89	440.00
11.90	440.00
11.91	440.00
11.92	440.00
11.93	440.00
11.94	440.00
11.95	440.00
11.96	440.00
11.97	440.00
11.98	440.00
11.99	440.00
12.00	164.81	261.63
12.01	164.81	261.63	392.00
12.02	164.81	261.63	392.00
12.03	164.81	261.63	392.00
12.04	164.81	261.63	392.00
12.05	164.81	261.63	392.00
12.06	164.81	261.63	392.00
12.07	164.81	261.63	392.00
12.08	164.81	261.63	392.00
12.09	164.81	261.63	392.00
12.10	164.81	261.63	392.00
12.11	164.81	261.63	392.00
12.12	164.81	261.63	392.00
12.13	164.81	261.63	392.00
12.14	164.81	261.63	392.00
12.15	164.81	261.63	392.00
12.16	164.81	261.63	392.00
12.17	164.81	261.63	392.00
12.18	164.81	261.63	392.00
12.19	164.81	261.63	392.00
12.20	164.81	261.63	392.00
12.21	164.81	261.63	392.00
12.22	164.81	261.63	392.00
12.23	164.81	261.63	392.00
12.24	164.81	261.63	392.00
12.25	164.81	261.63	392.00
12.26	164.81	261.63	392.00
12.27	164.81	261.63	440.00
12.28	164.81	261.63	440.00
12.29	164.81	261.63	440.00
12.30	164.81	261.63	440.00
12.31	164.81	261.63	440.00
12.32	164.81	261.63	440.00
12.33	164.81	261.63	440.00
12.34	164.81	261.63	440.00
12.35	164.81	261.63	440.00
12.36	164.81	261.63	440.00
12.37	164.81	261.63	440.00
12.38	164.81	261.63	440.00
12.39	164.81	261.63	440.00	493.88
12.40	164.81	261.63	493.88
12.41	164.81	261.63	493.88
12.42	164.81	261.63	493.88
12.43	164.81	261.63	493.88
12.44	164.81	261.63	493.88
12.45	164.81	493.88
12.46	493.88
12.47	493.88
12.48	
12.49	
12.50	523.25
12.51	523.25
12.52	523.25
12.53	523.25
12.54	523.25
12.55	523.25
12.56	523.25
12.57	523.25
12.58	523.25
12.59	523.25
12.60	523.25
12.61	
12.62	587.33
12.63	587.33
12.64	587.33
12.65	587.33
12.66	587.33
12.67	587.33
12.68	587.33
12.69	587.33
12.70	587.33
12.71	587.33
12.72	587.33
12.73	587.33
12.74	587.33	659.26
12.75	587.33	659.26
12.76	659.26
12.77	659.26
12.78	659.26
12.79	659.26
12.80	659.26
12.81	659.26
12.82	659.26
12.83	659.26
12.84	659.26
12.85	659.26
12.86	659.26	698.46
12.87	698.46
12.88	698.46
12.89	698.46
12.90	698.46
12.91	698.46
12.92	698.46
12.93	698.46
12.94	698.46
12.95	698.46
12.96	698.46
12.97	698.46
12.98	698.46
12.99	698.46
13.00	
13.01	783.99
13.02	783.99
13.03	783.99
13.04	783.99
13.05	783.99
13.06	783.99
13.07	783.99
13.08	783.99
13.09	783.99
13.10	783.99
13.11	783.99
13.12	783.99	698.46
13.13	783.99	698.46
13.14	783.99	698.46
13.15	698.46
13.16	698.46
13.17	698.46
13.18	698.46
13.19	698.46
13.20	698.46
13.21	698.46
13.22	698.46
13.23	698.46
13.24	698.46
13.25	698.46
13.26	698.46	659.26
13.27	698.46	659.26
13.28	698.46	659.26
13.29	659.26
13.30	659.26
13.31	659.26
13.32	659.26
13.33	659.26
13.34	659.26
13.35	659.26
13.36	659.26
13.37	659.26
13.38	659.26
13.39	659.26	587.33
13.40	659.26	587.33
13.41	659.26	587.33
13.42	659.26	587.33
13.43	659.26	587.33
13.44	587.33
13.45	587.33
13.46	587.33
13.47	587.33
13.48	587.33
13.49	587.33
13.50	587.33
13.51	587.33	164.81	261.63
13.52	164.81	261.63	523.25
13.53	164.81	261.63	523.25
13.54	164.81	261.63	523.25
13.55	164.81	261.63	523.25
13.56	164.81	261.63	523.25
13.57	164.81	261.63	523.25
13.58	164.81	261.63	523.25
13.59	164.81	261.63	523.25
13.60	164.81	261.63	523.25
13.61	164.81	261.63	523.25
13.62	164.81	261.63
13.63	164.81	261.63	493.88
13.64	164.81	261.63	493.88
13.65	164.81	261.63	493.88
13.66	164.81	261.63	493.88
13.67	164.81	261.63	493.88
13.68	164.81	261.63	493.88
13.69	164.81	261.63	493.88
13.70	164.81	261.63	493.88
13.71	164.81	261.63	493.88
13.72	164.81	261.63	493.88
13.73	164.81	261.63	493.88
13.74	164.81	261.63	493.88
13.75	164.81	261.63	493.88
13.76	164.81	261.63	493.88
13.77	164.81	261.63	493.88
13.78	164.81	261.63	493.88	440.00
13.79	164.81	261.63	493.88	440.00
13.80	164.81	261.63	493.88	440.00
13.81	164.81	440.00
13.82	164.81	440.00
13.83	164.81	440.00
13.84	164.81	440.00
13.85	440.00
13.86	440.00
13.87	440.00
13.88	440.00	392.00
13.89	440.00	392.00
13.90	392.00
13.91	392.00
13.92	392.00
13.93	392.00
13.94	392.00
13.95	392.00
13.96	392.00
13.97	392.00
13.98	392.00
13.99	392.00
14.00	392.00
14.01	261.63	146.83
14.02	261.63	146.83	349.23
14.03	261.63	146.83	349.23
14.04	261.63	146.83	349.23
14.05	261.63	146.83	349.23
14.06	261.63	146.83	349.23
14.07	261.63	146.83	349.23
14.08	261.63	146.83	349.23
14.09	261.63	146.83	349.23
14.10	261.63	146.83	349.23
14.11	261.63	146.83	349.23
14.12	261.63	146.83	349.23
14.13	261.63	146.83	349.23
14.14	261.63	146.83	349.23
14.15	261.63	146.83	349.23
14.16	261.63	146.83	349.23
14.17	261.63	146.83	349.23
14.18	261.63	146.83	349.23
14.19	261.63	146.83	349.23
14.20	261.63	146.83	349.23
14.21	261.63	146.83	349.23
14.22	261.63	146.83	349.23
14.23	261.63	146.83	349.23
14.24	261.63	146.83
14.25	261.63	146.83
14.26	261.63	146.83	392.00
14.27	261.63	146.83	392.00
14.28	261.63	146.83	392.00
14.29	261.63	146.83	392.00
14.30	261.63	146.83	392.00
14.31	261.63	146.83	392.00
14.32	261.63	146.83	392.00
14.33	261.63	146.83	392.00
14.34	261.63	146.83	392.00
14.35	261.63	146.83	392.00
14.36	261.63	146.83	392.00
14.37	261.63	146.83	392.00
14.38	261.63	146.83	392.00
14.39	261.63	146.83	440.00
14.40	261.63	146.83	440.00
14.41	261.63	146.83	440.00
14.42	261.63	146.83	440.00
14.43	261.63	146.83	440.00
14.44	261.63	146.83	440.00
14.45	261.63	146.83	440.00
14.46	440.00
14.47	440.00
14.48	440.00
14.49	
14.50	493.88
14.51	493.88
14.52	493.88
14.53	493.88
14.54	493.88
14.55	493.88
14.56	493.88
14.57	493.88
14.58	493.88
14.59	493.88
14.60	
14.61	
14.62	523.25
14.63	523.25
14.64	523.25
14.65	523.25
14.66	523.25
14.67	523.25
14.68	523.25
14.69	523.25
14.70	523.25
14.71	523.25
14.72	523.25
14.73	523.25
14.74	523.25	587.33
14.75	523.25	587.33
14.76	523.25	587.33
14.77	587.33
14.78	587.33
14.79	587.33
14.80	587.33
14.81	587.33
14.82	587.33
14.83	587.33
14.84	587.33
14.85	587.33
14.86	587.33	659.26
14.87	587.33	659.26
14.88	587.33	659.26
14.89	659.26
14.90	659.26
14.91	659.26
14.92	659.26
14.93	659.26
14.94	659.26
14.95	659.26
14.96	659.26
14.97	659.26
14.98	659.26
14.99	659.26
15.00	659.26	698.46
15.01	659.26	698.46
15.02	698.46
15.03	698.46
15.04	698.46
15.05	698.46
15.06	698.46
15.07	698.46
15.08	698.46
15.09	698.46
15.10	698.46
15.11	698.46	659.26
15.12	698.46	659.26
15.13	659.26
15.14	659.26
15.15	659.26
15.16	659.26
15.17	659.26
15.18	659.26
15.19	659.26
15.20	659.26
15.21	659.26
15.22	659.26
15.23	659.26
15.24	659.26
15.25	659.26	587.33
15.26	659.26	587.33
15.27	659.26	587.33
15.28	587.33
15.29	587.33
15.30	587.33
15.31	587.33
15.32	587.33
15.33	587.33
15.34	587.33
15.35	587.33
15.36	587.33
15.37	587.33
15.38	587.33	523.25
15.39	587.33	523.25
15.40	587.33	523.25
15.41	523.25
15.42	523.25
15.43	523.25
15.44	523.25
15.45	523.25
15.46	523.25
15.47	523.25
15.48	523.25
15.49	523.25
15.50	
15.51	493.88	246.94
15.52	493.88	246.94	146.83
15.53	493.88	246.94	146.83
15.54	493.88	246.94	146.83
15.55	493.88	246.94	146.83
15.56	493.88	246.94	146.83
15.57	493.88	246.94	146.83
15.58	493.88	246.94	146.83
15.59	493.88	246.94	146.83
15.60	493.88	246.94	146.83
15.61	493.88	246.94	146.83
15.62	493.88	246.94	146.83
15.63	493.88	246.94	146.83	440.00
15.64	493.88	246.94	146.83	440.00
15.65	246.94	146.83	440.00
15.66	246.94	146.83	440.00
15.67	246.94	146.83	440.00
15.68	246.94	146.83	440.00
15.69	246.94	146.83	440.00
15.70	246.94	146.83	440.00
15.71	246.94	146.83	440.00
15.72	246.94	146.83	440.00
15.73	246.94	146.83	440.00
15.74	246.94	146.83	440.00
15.75	246.94	146.83	440.00
15.76	246.94	146.83	440.00	392.00
15.77	246.94	146.83	440.00	392.00
15.78	246.94	146.83	392.00
15.79	246.94	146.83	392.00
15.80	246.94	146.83	392.00
15.81	246.94	146.83	392.00
15.82	246.94	146.83	392.00
15.83	246.94	146.83	392.00
15.84	246.94	146.83	392.00
15.85	146.83	392.00
15.86	392.00
15.87	349.23
15.88	349.23
15.89	349.23
15.90	349.23
15.91	349.23
15.92	349.23
15.93	349.23
15.94	349.23
15.95	349.23
15.96	349.23
15.97	349.23
15.98	349.23
15.99	349.23	329.63
16.00	349.23	329.63
16.01	329.63
16.02	329.63
16.03	329.63	261.63	130.81
16.04	329.63	261.63	130.81
16.05	329.63	261.63	130.81
16.06	329.63	261.63	130.81
16.07	329.63	261.63	130.81
16.08	329.63	261.63	130.81
16.09	329.63	261.63	130.81
16.10	329.63	261.63	130.81
16.11	329.63	261.63	130.81
16.12	329.63	261.63	130.81
16.13	329.63	261.63	130.81
16.14	329.63	261.63	130.81
16.15	329.63	261.63	130.81
16.16	329.63	261.63	130.81
16.17	329.63	261.63	130.81
16.18	329.63	261.63	130.81
16.19	329.63	261.63	130.81
16.20	329.63	261.63	130.81
16.21	329.63	261.63	130.81
16.22	329.63	261.63	130.81
16.23	329.63	261.63	130.81
16.24	329.63	261.63	130.81
16.25	329.63	261.63	130.81
16.26	261.63	130.81
16.27	261.63	130.81	349.23
16.28	261.63	130.81	349.23
16.29	261.63	130.81	349.23
16.30	261.63	130.81	349.23
16.31	261.63	130.81	349.23
16.32	261.63	130.81	349.23
16.33	261.63	130.81	349.23
16.34	261.63	130.81	349.23
16.35	261.63	130.81	349.23
16.36	261.63	130.81	349.23
16.37	261.63	130.81	349.23
16.38	261.63	130.81	349.23
16.39	261.63	130.81	349.23	392.00
16.40	261.63	130.81	392.00
16.41	261.63	130.81	392.00
16.42	261.63	130.81	392.00
16.43	261.63	130.81	392.00
16.44	130.81	392.00
16.45	392.00
16.46	392.00
16.47	392.00
16.48	392.00
16.49	392.00
16.50	392.00
16.51	
16.52	440.00
16.53	440.00
16.54	440.00
16.55	440.00
16.56	440.00
16.57	440.00
16.58	440.00
16.59	440.00
16.60	440.00
16.61	
16.62	
16.63	493.88
16.64	493.88
16.65	493.88
16.66	493.88
16.67	493.88
16.68	493.88
16.69	493.88
16.70	493.88
16.71	493.88
16.72	493.88
16.73	493.88
16.74	493.88
16.75	493.88	523.25
16.76	523.25
16.77	523.25
16.78	523.25
16.79	523.25
16.80	523.25
16.81	523.25
16.82	523.25
16.83	523.25
16.84	523.25
16.85	523.25
16.86	523.25
16.87	523.25
16.88	523.25
16.89	523.25	587.33
16.90	523.25	587.33
16.91	523.25	587.33
16.92	523.25	587.33
16.93	523.25	587.33
16.94	523.25	587.33
16.95	587.33
16.96	587.33
16.97	587.33
16.98	587.33
16.99	587.33
17.00	587.33
17.01	587.33	659.26
17.02	659.26
17.03	659.26
17.04	659.26
17.05	659.26
17.06	659.26
17.07	659.26
17.08	659.26
17.09	659.26
17.10	659.26
17.11	659.26
17.12	659.26
17.13	659.26
17.14	659.26	587.33
17.15	659.26	587.33
17.16	659.26	587.33
17.17	587.33
17.18	587.33
17.19	587.33
17.20	587.33
17.21	587.33
17.22	587.33
17.23	587.33
17.24	587.33
17.25	587.33
17.26	587.33
17.27	587.33	523.25
17.28	587.33	523.25
17.29	587.33	523.25
17.30	523.25
17.31	523.25
17.32	523.25
17.33	523.25
17.34	523.25
17.35	523.25
17.36	523.25
17.37	523.25
17.38	523.25	493.88
17.39	523.25	493.88
17.40	523.25	493.88
17.41	523.25	493.88
17.42	523.25	493.88
17.43	523.25	493.88
17.44	493.88
17.45	493.88
17.46	493.88
17.47	493.88
17.48	493.88	130.81
17.49	493.88	130.81	164.81
17.50	130.81	164.81	440.00
17.51	130.81	164.81	440.00
17.52	130.81	164.81	440.00
17.53	130.81	164.81	440.00
17.54	130.81	164.81	440.00
17.55	130.81	164.81	440.00
17.56	130.81	164.81	440.00
17.57	130.81	164.81	440.00
17.58	130.81	164.81	440.00
17.59	130.81	164.81	440.00
17.60	130.81	164.81	440.00
17.61	130.81	164.81	392.00
17.62	130.81	164.81	392.00
17.63	130.81	164.81	392.00
17.64	130.81	164.81	392.00
17.65	130.81	164.81	392.00
17.66	130.81	164.81	392.00
17.67	130.81	164.81	392.00
17.68	130.81	164.81	392.00
17.69	130.81	164.81	392.00
17.70	130.81	164.81	392.00
17.71	130.81	164.81	392.00
17.72	130.81	164.81	392.00
17.73	130.81	164.81	392.00
17.74	130.81	164.81	392.00
17.75	130.81	164.81	392.00
17.76	130.81	164.81	392.00	349.23
17.77	130.81	164.81	392.00	349.23
17.78	130.81	164.81	349.23
17.79	130.81	164.81	349.23
17.80	130.81	164.81	349.23
17.81	130.81	164.81	349.23
17.82	130.81	164.81	349.23
17.83	130.81	164.81	349.23
17.84	130.81	164.81	349.23
17.85	130.81	164.81	349.23
17.86	130.81	164.81	349.23	329.63
17.87	130.81	164.81	349.23	329.63
17.88	130.81	164.81	349.23	329.63
17.89	130.81	164.81	329.63
17.90	130.81	164.81	329.63
17.91	130.81	164.81	329.63
17.92	130.81	164.81	329.63
17.93	130.81	164.81	329.63
17.94	130.81	164.81	329.63
17.95	130.81	164.81	329.63
17.96	130.81	164.81	329.63
17.97	130.81	164.81
17.98	130.81	174.61
17.99	174.61	220.00
18.00	174.61	220.00
18.01	174.61	220.00	293.66
18.02	174.61	220.00	293.66
18.03	174.61	220.00	293.66
18.04	174.61	220.00	293.66
18.05	174.61	220.00	293.66
18.06	174.61	220.00	293.66
18.07	174.61	220.00	293.66
18.08	174.61	220.00	293.66
18.09	174.61	220.00	293.66
18.10	174.61	220.00	293.66
18.11	174.61	220.00	293.66
18.12	174.61	220.00	293.66
18.13	174.61	220.00	293.66
18.14	174.61	220.00	293.66
18.15	174.61	220.00	293.66
18.16	174.61	220.00	293.66
18.17	174.61	220.00	293.66
18.18	174.61	220.00	293.66
18.19	174.61	220.00	293.66
18.20	174.61	220.00	293.66
18.21	174.61	220.00	293.66
18.22	174.61	220.00	293.66
18.23	174.61	220.00	293.66
18.24	174.61	220.00	293.66
18.25	174.61	220.00	293.66
18.26	174.61	220.00	293.66	329.63
18.27	174.61	220.00	293.66	329.63
18.28	174.61	220.00	293.66	329.63
18.29	174.61	220.00	329.63
18.30	174.61	220.00	329.63
18.31	174.61	220.00	329.63
18.32	174.61	220.00	329.63
18.33	174.61	220.00	329.63
18.34	174.61	220.00	329.63
18.35	174.61	220.00	329.63
18.36	174.61	220.00	329.63
18.37	174.61	220.00	329.63
18.38	174.61	220.00	329.63
18.39	174.61	220.00	329.63	349.23
18.40	174.61	220.00	349.23
18.41	174.61	220.00	349.23
18.42	174.61	220.00	349.23
18.43	174.61	220.00	349.23
18.44	174.61	220.00	349.23
18.45	174.61	220.00	349.23
18.46	174.61	220.00	349.23
18.47	174.61	220.00	349.23
18.48	174.61	220.00	349.23
18.49	174.61	220.00	349.23
18.50	174.61	220.00
18.51	174.61	220.00	392.00
18.52	174.61	220.00	392.00
18.53	174.61	220.00	392.00
18.54	174.61	220.00	392.00
18.55	174.61	220.00	392.00
18.56	174.61	220.00	392.00
18.57	174.61	220.00	392.00
18.58	174.61	220.00	392.00
18.59	174.61	220.00	392.00
18.60	174.61	220.00	392.00
18.61	174.61	220.00	392.00
18.62	174.61	220.00
18.63	174.61	220.00	440.00
18.64	174.61	220.00	440.00
18.65	174.61	220.00	440.00
18.66	174.61	220.00	440.00
18.67	174.61	220.00	440.00
18.68	174.61	220.00	440.00
18.69	174.61	220.00	440.00
18.70	174.61	220.00	440.00
18.71	174.61	220.00	440.00
18.72	174.61	220.00	440.00
18.73	174.61	220.00	440.00
18.74	174.61	220.00	440.00
18.75	174.61	220.00	440.00
18.76	174.61	220.00	440.00	493.88
18.77	174.61	220.00	493.88
18.78	174.61	220.00	493.88
18.79	174.61	220.00	493.88
18.80	174.61	220.00	493.88
18.81	174.61	220.00	493.88
18.82	174.61	220.00	493.88
18.83	174.61	220.00	493.88
18.84	174.61	220.00	493.88
18.85	174.61	220.00	493.88
18.86	174.61	220.00	493.88
18.87	174.61	220.00	493.88
18.88	174.61	220.00	493.88	554.37
18.89	174.61	220.00	554.37
18.90	174.61	220.00	554.37
18.91	174.61	220.00	554.37
18.92	174.61	220.00	554.37
18.93	174.61	220.00	554.37
18.94	174.61	220.00	554.37
18.95	174.61	220.00	554.37
18.96	174.61	220.00	554.37
18.97	174.61	220.00	554.37
18.98	174.61	220.00	554.37
18.99	174.61	220.00
19.00	174.61	220.00
19.01	174.61	220.00	587.33
19.02	174.61	220.00	587.33
19.03	174.61	220.00	587.33
19.04	174.61	220.00	587.33
19.05	174.61	220.00	587.33
19.06	174.61	220.00	587.33
19.07	174.61	220.00	587.33
19.08	174.61	220.00	587.33
19.09	174.61	220.00	587.33
19.10	174.61	220.00	587.33
19.11	174.61	220.00	587.33
19.12	174.61	220.00	587.33
19.13	174.61	220.00	440.00
19.14	174.61	220.00	440.00
19.15	174.61	220.00	440.00
19.16	174.61	220.00	440.00
19.17	174.61	220.00	440.00
19.18	174.61	220.00	440.00
19.19	174.61	220.00	440.00
19.20	174.61	220.00	440.00
19.21	174.61	220.00	440.00
19.22	174.61	220.00	440.00
19.23	174.61	220.00	440.00
19.24	174.61	220.00	440.00
19.25	174.61	220.00	440.00
19.26	174.61	220.00	440.00
19.27	174.61	220.00	440.00	493.88
19.28	174.61	220.00	440.00	493.88
19.29	174.61	220.00	493.88
19.30	174.61	220.00	493.88
19.31	174.61	220.00	493.88
19.32	174.61	220.00	493.88
19.33	174.61	220.00	493.88
19.34	174.61	220.00	493.88
19.35	174.61	220.00	493.88
19.36	174.61	220.00	493.88
19.37	174.61	220.00	493.88
19.38	174.61	220.00	493.88
19.39	174.61	220.00	493.88
19.40	174.61	220.00	493.88
19.41	174.61	220.00	554.37
19.42	174.61	220.00	554.37
19.43	174.61	220.00	554.37
19.44	174.61	220.00	554.37
19.45	174.61	220.00	554.37
19.46	174.61	220.00	554.37
19.47	174.61	220.00	554.37
19.48	174.61	220.00	554.37
19.49	174.61	220.00	554.37
19.50	174.61	220.00	554.37
19.51	174.61	220.00	554.37
19.52	174.61	220.00	587.33
19.53	174.61	220.00	587.33
19.54	174.61	220.00	587.33
19.55	174.61	220.00	587.33
19.56	174.61	220.00	587.33
19.57	174.61	220.00	587.33
19.58	174.61	220.00	587.33
19.59	174.61	220.00	587.33
19.60	174.61	220.00	587.33
19.61	174.61	220.00	587.33
19.62	174.61	220.00	587.33
19.63	174.61	220.00
19.64	174.61	220.00	659.26
19.65	174.61	220.00	659.26
19.66	174.61	220.00	659.26
19.67	174.61	220.00	659.26
19.68	174.61	220.00	659.26
19.69	174.61	220.00	659.26
19.70	174.61	220.00	659.26
19.71	220.00	659.26
19.72	220.00	659.26
19.73	220.00	659.26
19.74	220.00	659.26
19.75	220.00	659.26
19.76	220.00	659.26
19.77	220.00	659.26	698.46
19.78	220.00	659.26	698.46
19.79	220.00	659.26	698.46
19.80	220.00	659.26	698.46
19.81	220.00	659.26	698.46
19.82	220.00	659.26	698.46
19.83	220.00	698.46
19.84	220.00	698.46
19.85	220.00	698.46
19.86	220.00	698.46
19.87	220.00	698.46
19.88	220.00	698.46	783.99
19.89	220.00	698.46	783.99
19.90	220.00	698.46	783.99
19.91	220.00	698.46	783.99
19.92	220.00	783.99
19.93	220.00	783.99
19.94	220.00	783.99
19.95	220.00	783.99
19.96	220.00	783.99
19.97	220.00	783.99
19.98	220.00	783.99
19.99	220.00	783.99	174.61
20.00	220.00	783.99	174.61
20.01	783.99	174.61	880.00
20.02	783.99	174.61	880.00
20.03	783.99	174.61	880.00
20.04	783.99	174.61	880.00
20.05	783.99	174.61	880.00
20.06	783.99	174.61	880.00
20.07	174.61	880.00
20.08	174.61	880.00
20.09	174.61	880.00
20.10	174.61	880.00
20.11	174.61	880.00
20.12	174.61	880.00
20.13	174.61	987.77
20.14	174.61	987.77
20.15	174.61	987.77
20.16	174.61	987.77
20.17	174.61	987.77
20.18	174.61	987.77
20.19	174.61	987.77
20.20	174.61	987.77
20.21	174.61	987.77
20.22	174.61	987.77
20.23	174.61	987.77
20.24	174.61	987.77
20.25	174.61
20.26	174.61	1046.50
20.27	174.61	1046.50
20.28	174.61	1046.50
20.29	174.61	1046.50
20.30	174.61	1046.50
20.31	174.61	1046.50
20.32	174.61	1046.50
20.33	174.61	1046.50
20.34	174.61	1046.50
20.35	174.61	1046.50
20.36	174.61	1046.50
20.37	174.61	1046.50
20.38	174.61	1046.50	987.77
20.39	174.61	987.77
20.40	174.61	987.77
20.41	174.61	987.77
20.42	174.61	987.77
20.43	174.61	987.77
20.44	174.61	987.77
20.45	174.61	987.77
20.46	174.61	987.77
20.47	174.61	987.77
20.48	174.61	987.77
20.49	174.61	987.77
20.50	174.61	987.77
20.51	174.61	987.77	880.00
20.52	174.61	987.77	880.00
20.53	174.61	880.00
20.54	174.61	880.00
20.55	174.61	880.00
20.56	174.61	880.00
20.57	174.61	880.00
20.58	174.61	880.00
20.59	174.61	880.00
20.60	174.61	880.00
20.61	174.61	880.00
20.62	174.61	880.00
20.63	174.61	880.00	783.99
20.64	174.61	880.00	783.99
20.65	174.61	880.00	783.99
20.66	174.61	880.00	783.99
20.67	174.61	880.00	783.99
20.68	174.61	880.00	783.99
20.69	174.61	783.99
20.70	174.61	783.99
20.71	174.61	783.99
20.72	174.61	783.99
20.73	174.61
20.74	174.61
20.75	174.61
20.76	174.61	698.46	196.00
20.77	174.61	698.46	196.00
20.78	174.61	698.46	196.00
20.79	174.61	698.46	196.00
20.80	698.46	196.00
20.81	698.46	196.00
20.82	698.46	196.00
20.83	698.46	196.00
20.84	698.46	196.00
20.85	698.46	196.00
20.86	698.46	196.00
20.87	698.46	196.00
20.88	196.00	659.26
20.89	196.00	659.26
20.90	196.00	659.26
20.91	196.00	659.26
20.92	196.00	659.26
20.93	196.00	659.26
20.94	196.00	659.26
20.95	196.00	659.26
20.96	196.00	659.26
20.97	196.00	659.26
20.98	196.00	659.26
20.99	196.00	659.26
21.00	196.00	659.26
21.01	196.00	698.46
21.02	196.00	698.46
21.03	196.00	698.46	220.00
21.04	698.46	220.00
21.05	698.46	220.00
21.06	698.46	220.00
21.07	698.46	220.00	783.99
21.08	698.46	220.00	783.99
21.09	698.46	220.00	783.99
21.10	698.46	220.00	783.99
21.11	698.46	220.00	783.99
21.12	698.46	220.00	783.99
21.13	698.46	220.00	783.99
21.14	698.46	220.00	783.99
21.15	698.46	220.00	783.99
21.16	220.00	783.99
21.17	220.00	783.99	880.00
21.18	220.00	783.99	880.00
21.19	220.00	783.99	880.00
21.20	220.00	880.00
21.21	220.00	880.00
21.22	220.00	880.00
21.23	220.00	880.00
21.24	220.00	880.00
21.25	220.00	880.00
21.26	220.00	880.00
21.27	220.00	880.00
21.28	220.00	880.00
21.29	220.00	880.00
21.30	220.00	880.00	783.99
21.31	220.00	880.00	783.99
21.32	220.00	880.00	783.99
21.33	220.00	783.99
21.34	220.00	783.99
21.35	220.00	783.99
21.36	220.00	783.99
21.37	220.00	783.99
21.38	220.00	783.99
21.39	220.00	783.99
21.40	220.00	783.99
21.41	220.00	783.99
21.42	220.00	783.99
21.43	220.00	783.99
21.44	220.00	783.99
21.45	220.00	783.99	698.46
21.46	220.00	783.99	698.46
21.47	220.00	783.99	698.46
21.48	220.00	783.99	698.46
21.49	220.00	698.46
21.50	220.00	698.46
21.51	220.00	698.46
21.52	220.00	698.46
21.53	220.00	698.46
21.54	220.00	698.46
21.55	220.00	698.46
21.56	220.00	698.46
21.57	220.00	698.46	659.26
21.58	220.00	698.46	659.26
21.59	220.00	698.46	659.26
21.60	220.00	659.26
21.61	220.00	659.26
21.62	220.00	659.26
21.63	220.00	659.26
21.64	220.00	659.26
21.65	220.00	659.26
21.66	220.00	659.26
21.67	220.00	659.26
21.68	220.00	659.26
21.69	220.00	587.33
21.70	220.00	587.33
21.71	220.00	587.33
21.72	220.00	587.33
21.73	220.00	587.33
21.74	587.33
21.75	587.33
21.76	587.33	185.00
21.77	587.33	185.00
21.78	185.00
21.79	185.00
21.80	185.00
21.81	185.00
21.82	185.00
21.83	185.00	523.25
21.84	185.00	523.25
21.85	185.00	523.25
21.86	185.00	523.25
21.87	185.00	523.25
21.88	185.00	523.25
21.89	185.00	523.25
21.90	185.00	523.25
21.91	185.00	523.25
21.92	185.00	523.25
21.93	185.00	523.25
21.94	
21.95	
21.96	493.88
21.97	493.88
21.98	493.88
21.99	493.88
22.00	493.88
22.01	493.88
22.02	493.88
22.03	493.88
22.04	493.88
22.05	493.88	98.00
22.06	493.88	98.00
22.07	493.88	98.00
22.08	98.00
22.09	98.00
22.10	98.00
22.11	98.00
22.12	98.00
22.13	98.00
22.14	98.00
22.15	98.00
22.16	98.00
22.17	98.00
22.18	98.00	123.47
22.19	98.00	123.47
22.20	123.47
22.21	123.47
22.22	123.47
22.23	123.47
22.24	123.47	783.99
22.25	123.47	783.99
22.26	123.47	783.99
22.27	123.47	783.99
22.28	123.47	783.99
22.29	123.47	783.99	146.83
22.30	123.47	783.99	146.83
22.31	783.99	146.83
22.32	783.99	146.83
22.33	783.99	146.83
22.34	783.99	146.83
22.35	783.99	146.83
22.36	146.83
22.37	146.83
22.38	146.83
22.39	146.83
22.40	146.83
22.41	146.83
22.42	196.00
22.43	196.00
22.44	196.00
22.45	196.00
22.46	196.00
22.47	196.00
22.48	196.00
22.49	196.00	659.26
22.50	196.00	659.26
22.51	196.00	659.26
22.52	196.00	659.26	98.00
22.53	659.26	98.00
22.54	659.26	98.00
22.55	659.26	98.00
22.56	659.26	98.00
22.57	659.26	98.00
22.58	659.26	98.00
22.59	659.26	98.00
22.60	659.26	98.00
22.61	98.00
22.62	98.00
22.63	98.00
22.64	98.00
22.65	98.00
22.66	130.81
22.67	130.81
22.68	130.81
22.69	130.81
22.70	130.81
22.71	130.81
22.72	130.81
22.73	130.81	523.25
22.74	130.81	523.25
22.75	130.81	523.25
22.76	130.81	523.25
22.77	523.25
22.78	523.25
22.79	523.25	164.81
22.80	523.25	164.81
22.81	523.25	164.81
22.82	523.25	164.81
22.83	523.25	164.81
22.84	523.25	164.81
22.85	523.25	164.81
22.86	164.81
22.87	164.81
22.88	164.81
22.89	164.81
22.90	164.81
22.91	164.81	196.00
22.92	164.81	196.00
22.93	196.00
22.94	196.00
22.95	196.00
22.96	196.00
22.97	196.00
22.98	196.00
22.99	196.00	587.33
23.00	196.00	587.33
23.01	196.00	587.33	98.00
23.02	196.00	587.33	98.00
23.03	196.00	587.33	98.00
23.04	587.33	98.00
23.05	587.33	98.00
23.06	587.33	98.00
23.07	587.33	98.00
23.08	587.33	98.00
23.09	587.33	98.00
23.10	587.33	98.00
23.11	587.33	98.00
23.12	98.00
23.13	98.00
23.14	98.00	123.47
23.15	123.47
23.16	123.47
23.17	123.47
23.18	123.47
23.19	123.47
23.20	123.47
23.21	123.47
23.22	123.47
23.23	123.47
23.24	123.47	783.99
23.25	123.47	783.99
23.26	123.47	783.99
23.27	123.47	783.99
23.28	123.47	783.99	146.83
23.29	123.47	783.99	146.83
23.30	123.47	783.99	146.83
23.31	783.99	146.83
23.32	783.99	146.83
23.33	783.99	146.83
23.34	783.99	146.83
23.35	783.99	146.83
23.36	146.83
23.37	146.83
23.38	146.83
23.39	146.83	196.00
23.40	146.83	196.00
23.41	196.00
23.42	196.00
23.43	196.00
23.44	196.00
23.45	196.00
23.46	196.00
23.47	196.00
23.48	196.00
23.49	196.00	659.26
23.50	659.26	98.00
23.51	659.26	98.00
23.52	659.26	98.00
23.53	659.26	98.00
23.54	659.26	98.00
23.55	659.26	98.00
23.56	659.26	98.00
23.57	659.26	98.00
23.58	659.26	98.00
23.59	659.26	98.00
23.60	659.26	98.00
23.61	98.00
23.62	98.00
23.63	98.00	130.81
23.64	130.81
23.65	130.81
23.66	130.81
23.67	130.81
23.68	130.81
23.69	130.81
23.70	130.81
23.71	130.81
23.72	130.81
23.73	130.81	523.25
23.74	130.81	523.25
23.75	130.81	523.25	164.81
23.76	130.81	523.25	164.81
23.77	523.25	164.81
23.78	523.25	164.81
23.79	523.25	164.81
23.80	523.25	164.81
23.81	523.25	164.81
23.82	523.25	164.81
23.83	523.25	164.81
23.84	523.25	164.81
23.85	523.25	164.81
23.86	164.81
23.87	164.81	196.00
23.88	164.81	196.00
23.89	196.00
23.90	196.00
23.91	196.00
23.92	196.00
23.93	196.00
23.94	196.00
23.95	196.00
23.96	196.00
23.97	196.00
23.98	196.00
23.99	
24.00	98.00
24.01	98.00	587.33
24.02	98.00	587.33
24.03	98.00	587.33
24.04	98.00	587.33
24.05	98.00	587.33
24.06	98.00	587.33
24.07	98.00	587.33
24.08	98.00	587.33
24.09	98.00	587.33
24.10	98.00	587.33
24.11	98.00	587.33
24.12	587.33
24.13	
24.14	
24.15	
24.16	
24.17	
24.18	
24.19	
24.20	
24.21	
24.22	
24.23	
24.24	
24.25	
24.26	
24.27	
24.28	
24.29	
24.30	
24.31	
24.32	
24.33	
24.34	
24.35	
24.36	
24.37	
24.38	
24.39	
24.40	
24.41	
24.42	
24.43	
24.44	
24.45	
24.46	
24.47	
24.48	
24.49	
24.50	
24.51	
24.52	783.99	587.33	493.88
24.53	783.99	587.33	493.88	196.00
24.54	783.99	587.33	493.88	196.00
24.55	783.99	587.33	493.88	196.00
24.56	783.99	587.33	493.88	196.00
24.57	783.99	587.33	493.88	196.00
24.58	783.99	587.33	493.88	196.00
24.59	783.99	587.33	493.88	196.00
24.60	783.99	587.33	493.88	196.00
24.61	783.99	587.33	493.88	196.00
24.62	783.99	587.33	493.88	196.00
24.63	783.99	587.33	493.88	196.00
24.64	493.88	196.00
24.65	
24.66	
24.67	
24.68	
24.69	
24.70	
24.71	
24.72	
24.73	
24.74	
24.75	
24.76	
24.77	
24.78	
24.79	
24.80	
24.81	
24.82	
24.83	
24.84	
24.85	
24.86	
24.87	
24.88	
24.89	
24.90	
24.91	
24.92	
24.93	
24.94	
24.95	
24.96	
24.97	
24.98	
24.99	
25.00	
25.01	
25.02	98.00
25.03	98.00	392.00
25.04	98.00	392.00
25.05	98.00	392.00
25.06	98.00	392.00
25.07	98.00	392.00
25.08	98.00	392.00
25.09	98.00	392.00
25.10	98.00	392.00
25.11	98.00	392.00
25.12	98.00	392.00
25.13	98.00	392.00
25.14	392.00
25.15	392.00