0.01
0.02
0.03
0.04
0.05
0.06
0.07
0.08
0.09
0.10
0.11	115.20
0.12	115.20
0.13	117.90
0.14	117.90
0.15	116.54	293.66
0.16	116.54	293.66
0.17	116.54	290.29
0.18	116.54	290.29
0.19	116.54	293.66
0.20	116.54	293.66
0.21	117.90	293.66
0.22	117.90	293.66
0.23	117.90	297.08	587.33
0.24	117.90	297.08	587.33
0.25	116.54	293.66	587.33
0.26	116.54	293.66	587.33
0.27	117.90	293.66	594.15
0.28	117.90	293.66	594.15
0.29	116.54	297.08	587.33
0.30	116.54	297.08	587.33
0.31	116.54	293.66	387.49	580.58
0.32	116.54	293.66	387.49	580.58
0.33	116.54	293.66	392.00	580.58
0.34	116.54	293.66	392.00	580.58
0.35	119.26	297.08	392.00	580.58
0.36	119.26	297.08	392.00	580.58
0.37	117.90	297.08	392.00	580.58
0.38	117.90	297.08	392.00
0.39	112.57	113.88	297.08	396.55
0.40	112.57	297.08	396.55
0.41	111.28	297.08	396.55
0.42	111.28	297.08	396.55
0.43	111.28	293.66	396.55
0.44	111.28	293.66	396.55
0.45	112.57	297.08	392.00
0.46	112.57	297.08	392.00
0.47	111.28	293.66	387.49
0.48	111.28	293.66	387.49
0.49	110.00	297.08	387.49
0.50	110.00	297.08	387.49
0.51	111.28	220.00	261.63	293.66	387.49	523.25
0.52	111.28	220.00	261.63	293.66	387.49	523.25
0.53	111.28	220.00	261.63	290.29	392.00	517.24
0.54	111.28	220.00	261.63	290.29	392.00	517.24
0.55	111.28	222.56	261.63	293.66	387.49	529.33
0.56	111.28	222.56	261.63	293.66	387.49	529.33
0.57	110.00	222.56	258.62	297.08	392.00	523.25
0.58	110.00	258.62	297.08	392.00	523.25
0.59	108.74	261.63	293.66	392.00	517.24
0.60	108.74	261.63	293.66	392.00	517.24
0.61	111.28	258.62	297.08	392.00	523.25
0.62	111.28	258.62	297.08	392.00	523.25
0.63	112.57	261.63	297.08	387.49	523.25
0.64	112.57	261.63	297.08	387.49	523.25
0.65	111.28	261.63	297.08	392.00	523.25
0.66	111.28	261.63	297.08	392.00	523.25
0.67	110.00	261.63	297.08	392.00	529.33
0.68	261.63	297.08	392.00	529.33
0.69	261.63	293.66	383.04	523.25
0.70	261.63	293.66	383.04	523.25
0.71	99.14	267.74	297.08	392.00	455.52	517.24
0.72	99.14	267.74	297.08	392.00	455.52	517.24
0.73	99.14	264.67	293.66	387.49	460.81	523.25
0.74	99.14	264.67	293.66	387.49	460.81
0.75	98.00	264.67	297.08	392.00	466.16
0.76	98.00	297.08	392.00	466.16
0.77	98.00	233.08	293.66	392.00	466.16
0.78	98.00	233.08	293.66	466.16
0.79	98.00	235.79	290.29	466.16
0.80	98.00	235.79	290.29	466.16
0.81	100.29	235.79	293.66	466.16
0.82	100.29	235.79	293.66	466.16
0.83	98.00	233.08	300.53	466.16
0.84	98.00	233.08	300.53	466.16
0.85	99.14	230.40	297.08	466.16
0.86	99.14	230.40	297.08	466.16
0.87	99.14	233.08	297.08	471.58
0.88	99.14	233.08	297.08	471.58
0.89	99.14	233.08	293.66	466.16
0.90	99.14	233.08	293.66	466.16
0.91	98.00	233.08	297.08	466.16
0.92	98.00	233.08	297.08	466.16
0.93	98.00	233.08	297.08	466.16
0.94	98.00	233.08	297.08	466.16
0.95	99.14	230.40	297.08	471.58
0.96	99.14	230.40	297.08	471.58
0.97	99.14	230.40	293.66	466.16
0.98	99.14	230.40	293.66	466.16
0.99	100.29	230.40	297.08	460.81
1.00	230.40	297.08	460.81
1.01	230.40	290.29	460.81
1.02	230.40	290.29	460.81
1.03	112.57	233.08	293.66	466.16
1.04	112.57	233.08	293.66	466.16
1.05	112.57	233.08	297.08	460.81
1.06	112.57	233.08	297.08	460.81
1.07	108.74	233.08	297.08	466.16
1.08	108.74	233.08	297.08	466.16
1.09	112.57	230.40	293.66	460.81
1.10	112.57	230.40	293.66	460.81
1.11	110.00	233.08	293.66	460.81
1.12	110.00	233.08	293.66	460.81
1.13	111.28	230.40	293.66	460.81
1.14	111.28	230.40	293.66	460.81
1.15	110.00	230.40	290.29	460.81
1.16	110.00	230.40	290.29	460.81
1.17	110.00	230.40	293.66	460.81
1.18	110.00	230.40	293.66	460.81
1.19	110.00	233.08	297.08	466.16
1.20	110.00	233.08	297.08	466.16
1.21	110.00	233.08	293.66	455.52
1.22	110.00	233.08	293.66	455.52
1.23	110.00	227.76	293.66	460.81
1.24	110.00	227.76	293.66
1.25	110.00	233.08	297.08
1.26	110.00	233.08	297.08
1.27	111.28	235.79	297.08
1.28	111.28	235.79	297.08
1.29	110.00	233.08	297.08	387.49
1.30	110.00	233.08	297.08	387.49
1.31	110.00	233.08	297.08	387.49
1.32	110.00	233.08	297.08	387.49
1.33	111.28	227.76	293.66	383.04
1.34	111.28	227.76	293.66	383.04
1.35	112.57	233.08	300.53	387.49
1.36	112.57	233.08	300.53	387.49
1.37	110.00	233.08	293.66	392.00
1.38	110.00	233.08	293.66	392.00
1.39	112.57	235.79	300.53	387.49
1.40	112.57	235.79	300.53	387.49
1.41	112.57	230.40	297.08	387.49
1.42	230.40	297.08	387.49
1.43	233.08	290.29	392.00
1.44	233.08	290.29	392.00
1.45	119.26	233.08	293.66	387.49	580.58
1.46	119.26	233.08	293.66	387.49	580.58
1.47	116.54	230.40	297.08	387.49	580.58
1.48	116.54	230.40	297.08	387.49	580.58
1.49	115.20	230.40	297.08	387.49	580.58
1.50	115.20	230.40	297.08	387.49	580.58
1.51	116.54	233.08	290.29	383.04	573.91
1.52	116.54	233.08	290.29	383.04	573.91
1.53	117.90	230.40	290.29	387.49	580.58
1.54	117.90	230.40	290.29	387.49
1.55	117.90	233.08	290.29	387.49
1.56	117.90	233.08	290.29	387.49
1.57	116.54	230.40	293.66	392.00
1.58	116.54	230.40	293.66	392.00
1.59	116.54	230.40	293.66	387.49
1.60	116.54	230.40	293.66	387.49
1.61	115.20	230.40	293.66	392.00
1.62	115.20	230.40	293.66	392.00
1.63	115.20	230.40	293.66	387.49
1.64	115.20	230.40	293.66	387.49
1.65	113.88	233.08	297.08	387.49
1.66	233.08	297.08	387.49
1.67	233.08	293.66	387.49
1.68	233.08	293.66	387.49
1.69	132.33	233.08	297.08	383.04
1.70	132.33	233.08	297.08	383.04
1.71	130.81	233.08	297.08	387.49
1.72	130.81	233.08	297.08	387.49
1.73	130.81	233.08	293.66	392.00
1.74	130.81	233.08	293.66	392.00
1.75	129.31	230.40	290.29	387.49
1.76	129.31	230.40	290.29	387.49
1.77	130.81	230.40	293.66	387.49
1.78	130.81	230.40	293.66	387.49
1.79	130.81	230.40	297.08	383.04
1.80	130.81	230.40	297.08	383.04
1.81	129.31	230.40	293.66	383.04
1.82	129.31	230.40	293.66	383.04
1.83	130.81	233.08	293.66	392.00
1.84	130.81	233.08	293.66	392.00
1.85	130.81	230.40	293.66	383.04
1.86	130.81	230.40	293.66	383.04
1.87	130.81	235.79	293.66	387.49
1.88	130.81	235.79	293.66	387.49
1.89	132.33	233.08	293.66	387.49
1.90	132.33	233.08	293.66	387.49
1.91	130.81	233.08	293.66	345.22	392.00
1.92	130.81	233.08	293.66	345.22
1.93	130.81	227.76	290.29	349.23
1.94	130.81	290.29	349.23
1.95	132.33	297.08	349.23
1.96	297.08	349.23
1.97	220.00	293.66	349.23
1.98	220.00	293.66	349.23
1.99	146.83	217.47	293.66	345.22
2.00	146.83	217.47	293.66	345.22
2.01	146.83	217.47	297.08	345.22
2.02	146.83	217.47	297.08	345.22
2.03	146.83	222.56	293.66	349.23
2.04	146.83	222.56	293.66	349.23
2.05	146.83	217.47	293.66	345.22
2.06	146.83	217.47	293.66	345.22
2.07	146.83	220.00	293.66	349.23
2.08	146.83	220.00	293.66	349.23
2.09	146.83	220.00	293.66	349.23
2.10	146.83	220.00	293.66	349.23
2.11	145.15	217.47	293.66	353.29
2.12	145.15	217.47	293.66	353.29
2.13	146.83	217.47	293.66	349.23
2.14	146.83	217.47	293.66	349.23
2.15	146.83	220.00	293.66	345.22
2.16	146.83	220.00	293.66	345.22
2.17	146.83	217.47	297.08	345.22
2.18	146.83	217.47	297.08	345.22
2.19	146.83	220.00	293.66	341.25
2.20	146.83	220.00	293.66	341.25
2.21	146.83	220.00	293.66	345.22
2.22	146.83	220.00	293.66	345.22
2.23	146.83	220.00	297.08	345.22
2.24	146.83	220.00	297.08	345.22
2.25	146.83	217.47	293.66	345.22
2.26	146.83	217.47	293.66	345.22
2.27	145.15	217.47	297.08	345.22
2.28	145.15	217.47	297.08	345.22
2.29	148.54	220.00	290.29	349.23
2.30	220.00	290.29	349.23
2.31	132.33	217.47	290.29	349.23
2.32	132.33	217.47	290.29	349.23
2.33	130.81	220.00	290.29	345.22
2.34	130.81	220.00	290.29	345.22
2.35	132.33	220.00	290.29	345.22	440.00
2.36	132.33	220.00	290.29	345.22	440.00
2.37	130.81	217.47	261.63	293.66	345.22	440.00
2.38	130.81	217.47	261.63	293.66	345.22	440.00
2.39	130.81	220.00	258.62	297.08	349.23	445.11
2.40	130.81	220.00	258.62	297.08	349.23	445.11
2.41	130.81	220.00	261.63	293.66	349.23	440.00
2.42	130.81	220.00	261.63	293.66	349.23	440.00
2.43	130.81	220.00	261.63	297.08	349.23	445.11
2.44	130.81	220.00	261.63	297.08	349.23
2.45	132.33	220.00	261.63	297.08	349.23
2.46	132.33	220.00	261.63	297.08	349.23
2.47	130.81	220.00	261.63	293.66	349.23
2.48	130.81	220.00	261.63	293.66	349.23
2.49	130.81	220.00	261.63	297.08	345.22
2.50	130.81	220.00	261.63	297.08
2.51	130.81	220.00	258.62	297.08	387.49
2.52	130.81	220.00	258.62	297.08	387.49
2.53	132.33	220.00	261.63	290.29	387.49
2.54	132.33	220.00	261.63	290.29	387.49
2.55	129.31	220.00	233.08	261.63	293.66	387.49
2.56	129.31	220.00	233.08	293.66	387.49
2.57	133.87	225.14	230.40	297.08	396.55
2.58	230.40	297.08	396.55
2.59	233.08	297.08	396.55
2.60	233.08	297.08	396.55
2.61	115.20	235.79	297.08	396.55
2.62	115.20	235.79	297.08	396.55
2.63	115.20	235.79	297.08	392.00
2.64	115.20	235.79	297.08	392.00
2.65	115.20	235.79	293.66	396.55
2.66	115.20	235.79	293.66	396.55
2.67	116.54	233.08	290.29	396.55	580.58
2.68	116.54	233.08	290.29	396.55	580.58
2.69	117.90	230.40	290.29	392.00	573.91
2.70	117.90	230.40	290.29	392.00	573.91
2.71	117.90	230.40	297.08	392.00	580.58
2.72	117.90	230.40	297.08	392.00	580.58
2.73	116.54	233.08	293.66	392.00	580.58
2.74	116.54	233.08	293.66	392.00	580.58
2.75	115.20	233.08	293.66	396.55	580.58
2.76	115.20	233.08	293.66	396.55	580.58
2.77	115.20	235.79	290.29	392.00	580.58
2.78	115.20	235.79	290.29	392.00	580.58
2.79	115.20	233.08	293.66	396.55	573.91
2.80	115.20	233.08	293.66	396.55	573.91
2.81	117.90	233.08	293.66	396.55	573.91
2.82	117.90	233.08	293.66	396.55
2.83	116.54	235.79	297.08	396.55
2.84	116.54	235.79	297.08	396.55
2.85	116.54	233.08	293.66	392.00
2.86	116.54	233.08	293.66
2.87	116.54	233.08	293.66
2.88	116.54	233.08	293.66
2.89	116.54	233.08	293.66
2.90	116.54	293.66
2.91	115.20	293.66	523.25
2.92	115.20	293.66	523.25
2.93	113.88	293.66	440.00	523.25
2.94	113.88	293.66	440.00	523.25
2.95	113.88	293.66	440.00	523.25
2.96	113.88	293.66	440.00	523.25
2.97	110.00	113.88	267.74	300.53	365.74	450.28	523.25
2.98	110.00	113.88	267.74	300.53	365.74	450.28	523.25
2.99	108.74	113.88	222.56	264.67	293.66	365.74	440.00	523.25
3.00	108.74	222.56	264.67	365.74	440.00	523.25
3.01	110.00	217.47	261.63	365.74	440.00	517.24
3.02	110.00	217.47	365.74	440.00	517.24
3.03	111.28	220.00	374.29	440.00	523.25
3.04	111.28	220.00	374.29	440.00	523.25
3.05	110.00	220.00	369.99	445.11	517.24
3.06	110.00	220.00	369.99	445.11	517.24
3.07	110.00	217.47	369.99	440.00	517.24
3.08	110.00	217.47	369.99	440.00	517.24
3.09	108.74	217.47	369.99	440.00	529.33
3.10	108.74	217.47	369.99	440.00	529.33
3.11	112.57	222.56	365.74	434.95	523.25
3.12	112.57	222.56	365.74	434.95	523.25
3.13	111.28	217.47	365.74	445.11	529.33
3.14	111.28	217.47	365.74	445.11	529.33
3.15	110.00	222.56	365.74	450.28	523.25
3.16	110.00	365.74	450.28	523.25
3.17	110.00	365.74	440.00	455.52	523.25
3.18	110.00	365.74	455.52
3.19	107.49	293.66	365.74	460.81
3.20	107.49	293.66	365.74	460.81
3.21	108.74	293.66	369.99	466.16
3.22	108.74	293.66	369.99	466.16
3.23	112.57	293.66	369.99	460.81
3.24	112.57	293.66	369.99	460.81
3.25	107.49	297.08	369.99	460.81
3.26	297.08	369.99	460.81
3.27	297.08	365.74	466.16
3.28	297.08	466.16
3.29	290.29	392.00	460.81
3.30	290.29	392.00	460.81
3.31	293.66	392.00	466.16
3.32	293.66	392.00	466.16
3.33	95.76	293.66	396.55	460.81
3.34	95.76	293.66	396.55	460.81
3.35	96.87	293.66	392.00	466.16
3.36	96.87	293.66	392.00	466.16
3.37	96.87	293.66	392.00	471.58
3.38	96.87	293.66	392.00	471.58
3.39	98.00	293.66	392.00	455.52
3.40	98.00	293.66	392.00	455.52
3.41	98.00	297.08	392.00	460.81
3.42	98.00	297.08	392.00	460.81
3.43	99.14	293.66	396.55	455.52
3.44	99.14	293.66	396.55	455.52
3.45	98.00	297.08	392.00	466.16
3.46	98.00	297.08	392.00	466.16
3.47	99.14	297.08	387.49	460.81
3.48	99.14	297.08	387.49	460.81
3.49	98.00	293.66	392.00	460.81
3.50	98.00	293.66	392.00	460.81
3.51	98.00	293.66	387.49	466.16
3.52	98.00	293.66	387.49	466.16
3.53	99.14	297.08	387.49	460.81
3.54	99.14	297.08	387.49	460.81
3.55	98.00	113.88	297.08	392.00	460.81
3.56	113.88	297.08	392.00	460.81
3.57	115.20	297.08	387.49	460.81
3.58	115.20	297.08	387.49	460.81
3.59	115.20	233.08	297.08	387.49	455.52
3.60	115.20	233.08	297.08	387.49	455.52
3.61	113.88	233.08	293.66	392.00	460.81
3.62	113.88	233.08	293.66	392.00	460.81
3.63	117.90	230.40	293.66	387.49	460.81
3.64	117.90	230.40	293.66	387.49	460.81
3.65	117.90	230.40	297.08	387.49	466.16
3.66	117.90	230.40	297.08	387.49	466.16
3.67	116.54	230.40	297.08	396.55	466.16
3.68	116.54	230.40	297.08	396.55	466.16
3.69	117.90	230.40	297.08	392.00	455.52
3.70	117.90	230.40	297.08	392.00	455.52
3.71	116.54	230.40	297.08	392.00	460.81
3.72	116.54	230.40	297.08	392.00	460.81
3.73	115.20	233.08	297.08	392.00	466.16
3.74	115.20	233.08	297.08	392.00	466.16
3.75	116.54	233.08	293.66	387.49	466.16
3.76	116.54	233.08	293.66	387.49	466.16
3.77	115.20	230.40	297.08	396.55	466.16
3.78	115.20	297.08	396.55	466.16
3.79	116.54	297.08	392.00	466.16
3.80	116.54	297.08	392.00
3.81	116.54	300.53	392.00
3.82	116.54	300.53	392.00
3.83	117.90	297.08	392.00
3.84	117.90	297.08	392.00
3.85	119.26	297.08	392.00	440.00
3.86	119.26	297.08	392.00	440.00
3.87	117.90	129.31	300.53	387.49	440.00
3.88	129.31	300.53	387.49	440.00
3.89	132.33	255.65	300.53	304.02	387.49	434.95
3.90	132.33	255.65	300.53	304.02	387.49	434.95
3.91	130.81	261.63	300.53	311.13	392.00	445.11
3.92	130.81	261.63	300.53	311.13	392.00	445.11
3.93	130.81	264.67	300.53	311.13	392.00	434.95
3.94	130.81	264.67	311.13	392.00	434.95
3.95	130.81	264.67	307.55	392.00	440.00
3.96	130.81	264.67	307.55	392.00	440.00
3.97	132.33	258.62	311.13	392.00	445.11
3.98	132.33	258.62	311.13	392.00	445.11
3.99	130.81	264.67	307.55	396.55	440.00
4.00	130.81	264.67	307.55	396.55	440.00
4.01	132.33	261.63	314.74	387.49	445.11
4.02	132.33	261.63	314.74	387.49	445.11
4.03	129.31	261.63	311.13	387.49	440.00
4.04	129.31	261.63	311.13	387.49	440.00
4.05	132.33	261.63	314.74	392.00	434.95
4.06	132.33	261.63	314.74	392.00	434.95
4.07	130.81	264.67	311.13	392.00	434.95
4.08	130.81	264.67	311.13	392.00	434.95
4.09	130.81	264.67	311.13	392.00	440.00
4.10	130.81	264.67	311.13	392.00	440.00
4.11	132.33	261.63	314.74	392.00	440.00
4.12	132.33	261.63	314.74	392.00	440.00
4.13	132.33	261.63	311.13	387.49	445.11
4.14	132.33	261.63	311.13	387.49	445.11
4.15	132.33	264.67	314.74	392.00	445.11
4.16	132.33	264.67	314.74	392.00	445.11
4.17	132.33	264.67	314.74	392.00	440.00	880.00
4.18	264.67	314.74	392.00	440.00	880.00
4.19	261.63	300.53	311.13	396.55	434.95	880.00
4.20	261.63	300.53	311.13	396.55	434.95	880.00
4.21	143.48	261.63	300.53	304.02	361.54	392.00	445.11	880.00
4.22	143.48	300.53	361.54	392.00	445.11	880.00
4.23	146.83	290.29	378.64	392.00	440.00	890.23
4.24	146.83	290.29	378.64	440.00	890.23
4.25	145.15	293.66	369.99	434.95	869.89
4.26	145.15	293.66	369.99	434.95
4.27	146.83	286.96	369.99	445.11
4.28	146.83	286.96	369.99	445.11
4.29	146.83	293.66	374.29	440.00
4.30	146.83	293.66	374.29	440.00
4.31	146.83	293.66	369.99	440.00	587.33
4.32	146.83	293.66	369.99	440.00	587.33
4.33	146.83	293.66	374.29	440.00	580.58
4.34	146.83	293.66	374.29	440.00	580.58
4.35	146.83	293.66	365.74	434.95	580.58
4.36	146.83	293.66	365.74	434.95	580.58
4.37	146.83	261.63	297.08	365.74	440.00	587.33
4.38	146.83	261.63	297.08	365.74	440.00	587.33
4.39	143.48	264.67	293.66	365.74	440.00	587.33
4.40	143.48	264.67	365.74	440.00
4.41	146.83	261.63	365.74	434.95	529.33
4.42	146.83	261.63	365.74	434.95	529.33
4.43	146.83	261.63	369.99	429.95	523.25
4.44	146.83	261.63	369.99	429.95	523.25
4.45	146.83	261.63	365.74	440.00	523.25
4.46	146.83	261.63	365.74	440.00	523.25
4.47	145.15	258.62	369.99	392.00	440.00	523.25
4.48	145.15	258.62	369.99	392.00	440.00	523.25
4.49	146.83	261.63	369.99	383.04	440.00	523.25
4.50	146.83	261.63	369.99	383.04	440.00	523.25
4.51	145.15	258.62	365.74	383.04	434.95	517.24
4.52	145.15	258.62	365.74	383.04	434.95	517.24
4.53	145.15	261.63	300.53	361.54	383.04	434.95	523.25
4.54	145.15	261.63	300.53	383.04	434.95	523.25
4.55	146.83	261.63	300.53	387.49	440.00	523.25
4.56	300.53	387.49	440.00	523.25
4.57	98.00	233.08	293.66	392.00	440.00	523.25
4.58	98.00	233.08	293.66	392.00	523.25
4.59	95.76	233.08	290.29	392.00	517.24
4.60	95.76	233.08	290.29	392.00
4.61	98.00	233.08	293.66	387.49
4.62	98.00	233.08	293.66	387.49
4.63	96.87	235.79	293.66	383.04
4.64	96.87	235.79	293.66	383.04
4.65	96.87	233.08	290.29	392.00
4.66	96.87	233.08	290.29
4.67	99.14	230.40	293.66
4.68	99.14	230.40	293.66
4.69	96.87	230.40	293.66
4.70	96.87	230.40	293.66
4.71	99.14	230.40	290.29
4.72	99.14	230.40	290.29
4.73	98.00	230.40	290.29
4.74	98.00	230.40	290.29
4.75	96.87	233.08	241.30	290.29
4.76	96.87	233.08	241.30	290.29
4.77	96.87	230.40	241.30	293.66
4.78	96.87	230.40	241.30	293.66
4.79	95.76	230.40	241.30	297.08
4.80	95.76	230.40	241.30	297.08
4.81	98.00	230.40	241.30	293.66
4.82	98.00	230.40	241.30	293.66
4.83	95.76	233.08	241.30	290.29
4.84	95.76	233.08	290.29
4.85	95.76	233.08	293.66
4.86	95.76	233.08	293.66
4.87	96.87	230.40	293.66
4.88	96.87	230.40	293.66
4.89	95.76	235.79	293.66
4.90	95.76	235.79	293.66
4.91	99.14	233.08	293.66
4.92	99.14	233.08	293.66
4.93	96.87	230.40	293.66
4.94	96.87	230.40	293.66
4.95	98.00	233.08	293.66
4.96	98.00	233.08	293.66
4.97	98.00	233.08	290.29
4.98	98.00	233.08	290.29
4.99	99.14	230.40	290.29
5.00	99.14	230.40	290.29
5.01	98.00	233.08	290.29
5.02	98.00	233.08	290.29
5.03	96.87	230.40	293.66
5.04	96.87	230.40	293.66
5.05	99.14	233.08	293.66
5.06	99.14	233.08	293.66
5.07	98.00	230.40	293.66
5.08	98.00	230.40	293.66
5.09	96.87	230.40	293.66
5.10	96.87	230.40	293.66
5.11	96.87	230.40	290.29
5.12	96.87	230.40	290.29
5.13	96.87	230.40	290.29
5.14	96.87	230.40	290.29
5.15	98.00	233.08	293.66
5.16	98.00	233.08	293.66
5.17	95.76	230.40	290.29
5.18	95.76	230.40	290.29
5.19	98.00	230.40	290.29
5.20	98.00	230.40	290.29
5.21	99.14	233.08	290.29
5.22	99.14	233.08	290.29
5.23	98.00	230.40	293.66
5.24	98.00	230.40	293.66
5.25	96.87	230.40	293.66
5.26	96.87	230.40	293.66
5.27	98.00	230.40	293.66
5.28	98.00	230.40	293.66
5.29	98.00	233.08	290.29
5.30	98.00	233.08	290.29
5.31	96.87	230.40	293.66
5.32	96.87	230.40	293.66
5.33	96.87	230.40	293.66
5.34	96.87	230.40	293.66
5.35	98.00	230.40	293.66
5.36	98.00	230.40	293.66
5.37	98.00	230.40	293.66
5.38	98.00	230.40	293.66
5.39	99.14	233.08	293.66
5.40	99.14	233.08	293.66
5.41	100.29	233.08	297.08
5.42	100.29	233.08	297.08
5.43	99.14	233.08	290.29
5.44	99.14	233.08	290.29
5.45	99.14	230.40	293.66
5.46	99.14	230.40	293.66
5.47	98.00	230.40	290.29
5.48	98.00	230.40	290.29
5.49	99.14	227.76	293.66
5.50	99.14	227.76	293.66
5.51	98.00	233.08	293.66
5.52	98.00	233.08	293.66
5.53	99.14	230.40	293.66
5.54	99.14	230.40	293.66
5.55	99.14	233.08	290.29	774.99
5.56	99.14	233.08	290.29	774.99
5.57	96.87	227.76	293.66	774.99
5.58	96.87	227.76	293.66	774.99
5.59	98.00	233.08	300.53	774.99
5.60	98.00	233.08	300.53	774.99
5.61	98.00	227.76	293.66	774.99
5.62	98.00	227.76	293.66	774.99
5.63	98.00	230.40	293.66	783.99
5.64	98.00	230.40	293.66	783.99
5.65	99.14	227.76	297.08	774.99
5.66	99.14	227.76	297.08	774.99
5.67	96.87	233.08	293.66	392.00	783.99
5.68	96.87	233.08	392.00	783.99
5.69	100.29	233.08	387.49	774.99
5.70	100.29	233.08	387.49
5.71	99.14	230.40	387.49
5.72	99.14	230.40	387.49
5.73	100.29	233.08	392.00
5.74	100.29	233.08	392.00
5.75	99.14	227.76	383.04
5.76	99.14	383.04
5.77	100.29	383.04
5.78	100.29	383.04
5.79	99.14	383.04
5.80	99.14	383.04
5.81	99.14	383.04
5.82	99.14	383.04
5.83	98.00	387.49
5.84	98.00	387.49
5.85	99.14	387.49
5.86	387.49
5.87	387.49
5.88	387.49
5.89	387.49
5.90	387.49
5.91	392.00
5.92	392.00
5.93	392.00
5.94	392.00
5.95	392.00
5.96	392.00
5.97	387.49
5.98
5.99
6.00
6.01
6.02
6.03
6.04
6.05
6.06
6.07
6.08
6.09
6.10
6.11
6.12
6.13
6.14
6.15
6.16
6.17
6.18
6.19
6.20
6.21
6.22
6.23
6.24
6.25
6.26
6.27
6.28
6.29
6.30
6.31
6.32
6.33
6.34
6.35
6.36
6.37
6.38
6.39
6.40
6.41	196.00
6.42	196.00
6.43	198.28	455.52
6.44	198.28	455.52
6.45	198.28	455.52
6.46	198.28	455.52
6.47	196.00	290.29	466.16
6.48	196.00	290.29	466.16
6.49	196.00	293.66	471.58
6.50	196.00	293.66	471.58
6.51	198.28	293.66	466.16
6.52	198.28	293.66	466.16
6.53	196.00	290.29	471.58
6.54	196.00	290.29	471.58
6.55	196.00	293.66	466.16
6.56	196.00	293.66	466.16
6.57	198.28	297.08	466.16
6.58	198.28	297.08	466.16
6.59	196.00	297.08	471.58
6.60	196.00	297.08	471.58
6.61	193.75	293.66	466.16
6.62	193.75	293.66	466.16
6.63	198.28	293.66	471.58
6.64	198.28	293.66	471.58
6.65	196.00	297.08	466.16
6.66	196.00	297.08	466.16
6.67	196.00	290.29	460.81
6.68	196.00	290.29	460.81
6.69	196.00	297.08	466.16
6.70	196.00	297.08	466.16
6.71	198.28	293.66	460.81
6.72	198.28	293.66	460.81
6.73	196.00	293.66	460.81
6.74	196.00	293.66	460.81
6.75	196.00	290.29	460.81
6.76	196.00	290.29	460.81
6.77	196.00	293.66	466.16
6.78	196.00	293.66	466.16
6.79	196.00	293.66	466.16
6.80	196.00	293.66	466.16
6.81	198.28	297.08	466.16
6.82	198.28	297.08	466.16
6.83	196.00	297.08	471.58
6.84	196.00	297.08	471.58
6.85	198.28	293.66	471.58
6.86	198.28	293.66	471.58
6.87	196.00	297.08	466.16
6.88	196.00	297.08	466.16
6.89	196.00	293.66	466.16
6.90	196.00	293.66	466.16
6.91	198.28	293.66	460.81
6.92	198.28	293.66	460.81
6.93	193.75	297.08	460.81
6.94	193.75	297.08	460.81
6.95	196.00	300.53	471.58
6.96	196.00	300.53	471.58
6.97	198.28	300.53	466.16
6.98	198.28	300.53	466.16
6.99	193.75	297.08	471.58
7.00	193.75	297.08	471.58
7.01	196.00	290.29	471.58
7.02	196.00	290.29	471.58
7.03	198.28	290.29	471.58
7.04	198.28	290.29	471.58
7.05	193.75	290.29	466.16
7.06	193.75	290.29	466.16
7.07	99.14	193.75	297.08	466.16
7.08	99.14	193.75	297.08	466.16
7.09	98.00	198.28	297.08	460.81
7.10	98.00	198.28	297.08	460.81
7.11	96.87	196.00	293.66	460.81
7.12	96.87	196.00	293.66	460.81
7.13	100.29	196.00	297.08	460.81
7.14	100.29	196.00	297.08	460.81
7.15	98.00	196.00	290.29	387.49	466.16
7.16	98.00	196.00	290.29	387.49	466.16
7.17	98.00	196.00	290.29	387.49	460.81
7.18	98.00	196.00	290.29	387.49	460.81
7.19	96.87	196.00	290.29	392.00	460.81
7.20	96.87	196.00	290.29	392.00	460.81
7.21	98.00	196.00	293.66	392.00	466.16
7.22	98.00	293.66	392.00	466.16
7.23	98.00	297.08	383.04	471.58
7.24	98.00	297.08	383.04	471.58
7.25	98.00	293.66	387.49	466.16
7.26	98.00	293.66	387.49	466.16
7.27	100.29	293.66	387.49	466.16
7.28	100.29	293.66	387.49	466.16
7.29	99.14	293.66	387.49	460.81
7.30	99.14	293.66	387.49	460.81
7.31	98.00	297.08	387.49	455.52
7.32	98.00	297.08	387.49	455.52
7.33	99.14	293.66	392.00	460.81
7.34	99.14	293.66	392.00	460.81
7.35	99.14	111.28	293.66	392.00	466.16
7.36	111.28	293.66	392.00	466.16
7.37	111.28	220.00	290.29	392.00	466.16
7.38	111.28	220.00	290.29	392.00	466.16
7.39	112.57	220.00	293.66	387.49	471.58
7.40	112.57	220.00	293.66	387.49	471.58
7.41	111.28	220.00	297.08	392.00	466.16
7.42	111.28	220.00	297.08	392.00	466.16
7.43	108.74	220.00	297.08	392.00	471.58
7.44	108.74	220.00	297.08	392.00	471.58
7.45	111.28	220.00	293.66	387.49	466.16
7.46	111.28	220.00	293.66	387.49	466.16
7.47	112.57	217.47	297.08	392.00	466.16
7.48	112.57	217.47	297.08	392.00	466.16
7.49	108.74	220.00	293.66	392.00	466.16
7.50	108.74	220.00	293.66	392.00	466.16
7.51	112.57	217.47	293.66	387.49	460.81
7.52	112.57	217.47	293.66	387.49	460.81
7.53	111.28	220.00	300.53	392.00	460.81
7.54	111.28	220.00	300.53	392.00	460.81
7.55	112.57	217.47	297.08	396.55	466.16
7.56	112.57	217.47	297.08	466.16
7.57	111.28	222.56	300.53	466.16
7.58	111.28	222.56	300.53	466.16
7.59	108.74	217.47	297.08	471.58
7.60	108.74	297.08	471.58
7.61	112.57	115.20	297.08	466.16
7.62	112.57	115.20	297.08	466.16
7.63	110.00	116.54	293.66	477.06
7.64	110.00	116.54	293.66	477.06
7.65	112.57	116.54	293.66	466.16	580.58
7.66	112.57	116.54	293.66	466.16	580.58
7.67	107.49	115.20	297.08	383.04	471.58	580.58
7.68	115.20	297.08	383.04	471.58	580.58
7.69	115.20	297.08	387.49	466.16	580.58
7.70	115.20	297.08	387.49	466.16	580.58
7.71	116.54	233.08	297.08	387.49	466.16	580.58
7.72	116.54	233.08	297.08	387.49	466.16	580.58
7.73	117.90	230.40	293.66	392.00	460.81	580.58
7.74	117.90	230.40	293.66	392.00	460.81	580.58
7.75	115.20	233.08	290.29	387.49	466.16	580.58
7.76	115.20	233.08	290.29	387.49	466.16	580.58
7.77	115.20	233.08	290.29	392.00	466.16	587.33
7.78	115.20	233.08	290.29	392.00	466.16	587.33
7.79	116.54	233.08	293.66	387.49	471.58	587.33
7.80	116.54	233.08	293.66	387.49	471.58	587.33
7.81	116.54	233.08	293.66	387.49	477.06	573.91
7.82	116.54	233.08	293.66	387.49	477.06	573.91
7.83	117.90	230.40	293.66	387.49	471.58	594.15
7.84	117.90	293.66	387.49	471.58
7.85	117.90	297.08	387.49	466.16
7.86	117.90	297.08	387.49	466.16
7.87	116.54	297.08	387.49	466.16
7.88	116.54	297.08	387.49	466.16
7.89	116.54	297.08	392.00	466.16
7.90	116.54	297.08	392.00	466.16
7.91	116.54	297.08	387.49	460.81
7.92	116.54	297.08	387.49	460.81
7.93	116.54	297.08	387.49	466.16
7.94	297.08	387.49	466.16
7.95	293.66	387.49	466.16
7.96	293.66	387.49	466.16
7.97	130.81	261.63	293.66	392.00	471.58
7.98	130.81	261.63	293.66	392.00	471.58
7.99	132.33	261.63	297.08	392.00	466.16
8.00	132.33	261.63	297.08	392.00	466.16
8.01	132.33	261.63	297.08	387.49	471.58
8.02	132.33	261.63	297.08	387.49	471.58
8.03	130.81	261.63	297.08	396.55	466.16
8.04	130.81	261.63	297.08	396.55	466.16
8.05	130.81	258.62	293.66	396.55	466.16
8.06	130.81	258.62	293.66	396.55	466.16
8.07	130.81	264.67	300.53	392.00	460.81
8.08	130.81	264.67	300.53	392.00	460.81
8.09	130.81	261.63	293.66	387.49	460.81
8.10	130.81	261.63	293.66	387.49	460.81
8.11	132.33	258.62	293.66	392.00	466.16
8.12	132.33	258.62	293.66	392.00	466.16
8.13	132.33	261.63	293.66	387.49	466.16
8.14	132.33	261.63	293.66	387.49	466.16
8.15	130.81	261.63	293.66	387.49	466.16
8.16	130.81	261.63	293.66	387.49	466.16
8.17	130.81	261.63	293.66	387.49	466.16
8.18	130.81	261.63	293.66	387.49	466.16
8.19	130.81	261.63	297.08	392.00	477.06
8.20	130.81	261.63	297.08	392.00	477.06
8.21	130.81	261.63	297.08	392.00	466.16
8.22	297.08	392.00	466.16
8.23	300.53	392.00	466.16
8.24	300.53	392.00	466.16
8.25	297.08	392.00	460.81	594.15
8.26	297.08	392.00	460.81	594.15
8.27	146.83	300.53	396.55	460.81	594.15
8.28	146.83	300.53	396.55	460.81	594.15
8.29	148.54	293.66	345.22	387.49	460.81	587.33
8.30	148.54	293.66	345.22	387.49	460.81	587.33
8.31	145.15	293.66	345.22	383.04	471.58	580.58
8.32	145.15	293.66	345.22	471.58	580.58
8.33	145.15	293.66	345.22	466.16	580.58
8.34	145.15	293.66	345.22	466.16	580.58
8.35	146.83	290.29	345.22	460.81	580.58
8.36	146.83	290.29	345.22	460.81	580.58
8.37	148.54	293.66	345.22	466.16	587.33
8.38	148.54	293.66	345.22	466.16	587.33
8.39	146.83	293.66	345.22	460.81	587.33
8.40	146.83	293.66	345.22	460.81	587.33
8.41	146.83	290.29	349.23	460.81	587.33
8.42	146.83	290.29	349.23	460.81	587.33
8.43	148.54	286.96	349.23	460.81	580.58
8.44	148.54	286.96	349.23	460.81	580.58
8.45	146.83	293.66	353.29	460.81	580.58
8.46	146.83	293.66	353.29	460.81	580.58
8.47	146.83	293.66	349.23	466.16	580.58
8.48	146.83	293.66	349.23	466.16	580.58
8.49	145.15	290.29	345.22	460.81	587.33
8.50	145.15	290.29	345.22	460.81	587.33
8.51	145.15	290.29	345.22	466.16	580.58
8.52	145.15	290.29	345.22	466.16	580.58
8.53	145.15	293.66	345.22	460.81	594.15
8.54	293.66	345.22	460.81	594.15
8.55	297.08	349.23	466.16	580.58
8.56	297.08	349.23	466.16
8.57	168.67	297.08	307.55	345.22	466.16
8.58	168.67	307.55	345.22	466.16
8.59	168.67	196.00	311.13	345.22	460.81
8.60	168.67	196.00	311.13	460.81
8.61	164.81	198.28	311.13	466.16
8.62	164.81	198.28	311.13	466.16
8.63	166.73	193.75	311.13	460.81
8.64	166.73	193.75	311.13	460.81
8.65	166.73	196.00	311.13	455.52
8.66	166.73	196.00	311.13	455.52
8.67	166.73	196.00	311.13	466.16
8.68	166.73	196.00	311.13	466.16
8.69	164.81	196.00	307.55	466.16
8.70	164.81	196.00	307.55	466.16
8.71	164.81	196.00	311.13	466.16
8.72	164.81	196.00	311.13	466.16
8.73	164.81	196.00	307.55	466.16
8.74	164.81	196.00	307.55	466.16
8.75	164.81	196.00	307.55	455.52
8.76	164.81	196.00	307.55	455.52
8.77	164.81	196.00	307.55	460.81
8.78	164.81	196.00	307.55
8.79	162.92	196.00	318.40
8.80	162.92	196.00	318.40
8.81	164.81	198.28	314.74
8.82	198.28	314.74
8.83	200.58	307.55
8.84	200.58	307.55
8.85	200.58	311.13
8.86	200.58	311.13
8.87	172.61	200.58	311.13
8.88	172.61	200.58	311.13
8.89	170.63	200.58	311.13
8.90	170.63	311.13
8.91	174.61	220.00	307.55
8.92	174.61	220.00	307.55
8.93	174.61	220.00	314.74
8.94	174.61	220.00	314.74
8.95	174.61	220.00	307.55
8.96	174.61	220.00	307.55
8.97	176.64	220.00	307.55
8.98	176.64	220.00	307.55
8.99	172.61	220.00	307.55
9.00	172.61	220.00	307.55
9.01	174.61	222.56	307.55	440.00
9.02	174.61	222.56	307.55	440.00
9.03	174.61	222.56	311.13	445.11
9.04	174.61	222.56	311.13	445.11
9.05	174.61	220.00	307.55	440.00
9.06	174.61	220.00	307.55	440.00
9.07	174.61	220.00	307.55	440.00
9.08	174.61	220.00	307.55	440.00
9.09	172.61	220.00	311.13	440.00
9.10	172.61	220.00	311.13
9.11	174.61	222.56	311.13
9.12	174.61	222.56	311.13
9.13	172.61	222.56	314.74	349.23
9.14	172.61	222.56	314.74	349.23
9.15	178.70	220.00	311.13	349.23
9.16	178.70	220.00	311.13	349.23
9.17	176.64	220.00	227.76	311.13	345.22
9.18	176.64	220.00	227.76	311.13	345.22
9.19	174.61	225.14	230.40	307.55	345.22
9.20	174.61	225.14	230.40	307.55	345.22
9.21	172.61	220.00	227.76	311.13	349.23
9.22	172.61	227.76	311.13	349.23
9.23	174.61	235.79	297.08	307.55	349.23
9.24	174.61	235.79	297.08	349.23
9.25	174.61	233.08	300.53	349.23
9.26	174.61	233.08	300.53	349.23
9.27	172.61	230.40	293.66	349.23
9.28	172.61	230.40	293.66	349.23
9.29	176.64	233.08	290.29	345.22
9.30	176.64	233.08	290.29	345.22
9.31	174.61	233.08	293.66	345.22
9.32	174.61	233.08	293.66	345.22
9.33	172.61	233.08	290.29	345.22
9.34	172.61	233.08	290.29	345.22
9.35	174.61	233.08	293.66	349.23
9.36	174.61	233.08	293.66	349.23
9.37	174.61	235.79	290.29	345.22
9.38	174.61	235.79	290.29	345.22
9.39	174.61	233.08	290.29	353.29
9.40	174.61	233.08	290.29
9.41	178.70	233.08	290.29
9.42	178.70	233.08	290.29
9.43	174.61	233.08	293.66
9.44	174.61	233.08	293.66
9.45	176.64	233.08	261.63	297.08
9.46	176.64	233.08	261.63
9.47	176.64	235.79	261.63
9.48	176.64	235.79	261.63
9.49	176.64	235.79	261.63
9.50	176.64	235.79	261.63
9.51	178.70	233.08	255.65
9.52	178.70	233.08	255.65
9.53	176.64	238.53	255.65
9.54	176.64	238.53	255.65
9.55	176.64	233.08	261.63
9.56	176.64	233.08	261.63
9.57	176.64	235.79	264.67
9.58	176.64	235.79	264.67
9.59	174.61	233.08	261.63
9.60	174.61	233.08	261.63
9.61	176.64	230.40	264.67
9.62	176.64	230.40	264.67
9.63	174.61	235.79	261.63	529.33
9.64	174.61	235.79	529.33
9.65	176.64	235.79	290.29	523.25
9.66	176.64	235.79	290.29	523.25
9.67	174.61	233.08	290.29	523.25
9.68	174.61	233.08	290.29	523.25
9.69	174.61	233.08	290.29	529.33
9.70	174.61	233.08	290.29	529.33
9.71	176.64	235.79	290.29	523.25
9.72	176.64	235.79	290.29	523.25
9.73	174.61	233.08	293.66	392.00	523.25
9.74	174.61	233.08	293.66	392.00	523.25
9.75	176.64	233.08	293.66	392.00	529.33	698.46
9.76	176.64	233.08	293.66	392.00	529.33	698.46
9.77	178.70	233.08	290.29	392.00	523.25	698.46
9.78	178.70	233.08	290.29	392.00	523.25	698.46
9.79	174.61	235.79	290.29	387.49	529.33	698.46
9.80	174.61	235.79	290.29	387.49	529.33	698.46
9.81	176.64	235.79	293.66	387.49	517.24	698.46
9.82	176.64	235.79	293.66	387.49	517.24	698.46
9.83	174.61	225.14	230.40	290.29	387.49	523.25	698.46
9.84	174.61	225.14	230.40	290.29	387.49	523.25	698.46
9.85	176.64	217.47	227.76	293.66	392.00	523.25	698.46
9.86	176.64	217.47	293.66	392.00	523.25	698.46
9.87	176.64	217.47	290.29	387.49	523.25	698.46
9.88	176.64	217.47	290.29	387.49	523.25	698.46
9.89	174.61	220.00	290.29	392.00	517.24	698.46
9.90	174.61	220.00	290.29	392.00	517.24	698.46
9.91	174.61	220.00	290.29	392.00	517.24	698.46
9.92	174.61	220.00	290.29	392.00	517.24	698.46
9.93	176.64	222.56	293.66	392.00	523.25	698.46
9.94	176.64	222.56	293.66	392.00	523.25	698.46
9.95	176.64	217.47	293.66	387.49	529.33	690.43
9.96	176.64	217.47	293.66	387.49
9.97	174.61	220.00	297.08	387.49
9.98	174.61	220.00	297.08	387.49
9.99	172.61	220.00	300.53	396.55
10.00	172.61	220.00	300.53	396.55
10.01	174.61	220.00	300.53	396.55	529.33
10.02	174.61	220.00	396.55	529.33
10.03	174.61	220.00	396.55	517.24
10.04	174.61	220.00	396.55	517.24
10.05	174.61	217.47	396.55	529.33
10.06	174.61	217.47	396.55	529.33
10.07	176.64	220.00	392.00	523.25
10.08	176.64	220.00	523.25
10.09	174.61	220.00	460.81	529.33
10.10	174.61	220.00	460.81
10.11	176.64	220.00	466.16
10.12	176.64	220.00	466.16
10.13	176.64	225.14	349.23	466.16
10.14	176.64	349.23	466.16
10.15	174.61	191.52	345.22	466.16
10.16	174.61	191.52	345.22	466.16
10.17	161.05	172.61	193.75	353.29	466.16
10.18	161.05	172.61	193.75	353.29	466.16
10.19	168.67	176.64	198.28	349.23	466.16
10.20	168.67	176.64	198.28	349.23	466.16
10.21	166.73	172.61	198.28	349.23	466.16
10.22	166.73	198.28	349.23	466.16
10.23	168.67	196.00	345.22	471.58
10.24	168.67	196.00	345.22	471.58
10.25	166.73	196.00	349.23	471.58
10.26	166.73	196.00	471.58
10.27	164.81	198.28	471.58
10.28	164.81	198.28	471.58
10.29	164.81	198.28	466.16
10.30	164.81	198.28	466.16
10.31	164.81	196.00	466.16
10.32	164.81	196.00	466.16
10.33	164.81	196.00	387.49	466.16
10.34	164.81	196.00	387.49	466.16
10.35	162.92	196.00	396.55	466.16
10.36	162.92	196.00	396.55	466.16
10.37	164.81	193.75	396.55	460.81
10.38	164.81	193.75	396.55	460.81
10.39	164.81	198.28	396.55	466.16	499.62
10.40	164.81	198.28	396.55	466.16	499.62
10.41	166.73	198.28	392.00	471.58	493.88
10.42	166.73	198.28	392.00	471.58	493.88
10.43	162.92	198.28	383.04	471.58	493.88
10.44	162.92	198.28	383.04	471.58	493.88
10.45	161.05	196.00	392.00	466.16	493.88
10.46	161.05	392.00	466.16	493.88
10.47	164.81	264.67	392.00	460.81	499.62
10.48	164.81	264.67	392.00	460.81	499.62
10.49	162.92	261.63	392.00	471.58	493.88
10.50	162.92	261.63	392.00	471.58	493.88
10.51	166.73	261.63	396.55	466.16	493.88
10.52	166.73	261.63	396.55	466.16	493.88
10.53	166.73	264.67	392.00	460.81	493.88	529.33
10.54	166.73	264.67	392.00	460.81	493.88	529.33
10.55	164.81	261.63	392.00	466.16	493.88	529.33
10.56	164.81	261.63	392.00	466.16	493.88	529.33
10.57	164.81	261.63	387.49	466.16	493.88	523.25
10.58	164.81	261.63	387.49	466.16	493.88	523.25
10.59	164.81	264.67	387.49	466.16	488.21	529.33
10.60	164.81	264.67	387.49	466.16	488.21	529.33
10.61	164.81	264.67	387.49	471.58	493.88	523.25
10.62	164.81	264.67	387.49	471.58	493.88	523.25
10.63	162.92	264.67	392.00	466.16	499.62	523.25
10.64	162.92	264.67	392.00	466.16	499.62	523.25
10.65	162.92	264.67	392.00	471.58	499.62	523.25
10.66	162.92	264.67	392.00	471.58	499.62	523.25
10.67	166.73	264.67	392.00	466.16	493.88	523.25
10.68	166.73	264.67	392.00	466.16	493.88	523.25
10.69	164.81	264.67	387.49	471.58	488.21	523.25
10.70	164.81	264.67	387.49	471.58	488.21	523.25
10.71	164.81	264.67	396.55	466.16	493.88	523.25
10.72	164.81	264.67	396.55	466.16	493.88	523.25
10.73	164.81	261.63	387.49	466.16	493.88	529.33
10.74	164.81	261.63	387.49	493.88
10.75	164.81	264.67	396.55	493.88
10.76	164.81	264.67	396.55	493.88
10.77	164.81	264.67	392.00	499.62
10.78	164.81	264.67	392.00	499.62
10.79	162.92	264.67	392.00	440.00	499.62
10.80	162.92	264.67	392.00	440.00	499.62
10.81	164.81	170.63	258.62	392.00	440.00	493.88
10.82	164.81	170.63	258.62	392.00	440.00	493.88
10.83	168.67	172.61	264.67	392.00	434.95	499.62
10.84	172.61	264.67	392.00	434.95	499.62
10.85	174.61	264.67	396.55	440.00	499.62
10.86	174.61	264.67	440.00	499.62
10.87	176.64	255.65	440.00	488.21
10.88	176.64	255.65	440.00
10.89	174.61	261.63	434.95
10.90	174.61	261.63	434.95
10.91	178.70	258.62	440.00
10.92	178.70	258.62	440.00
10.93	178.70	264.67	440.00
10.94	178.70	264.67	440.00
10.95	174.61	264.67	440.00
10.96	174.61	264.67	440.00
10.97	174.61	261.63	440.00
10.98	174.61	261.63	440.00
10.99	174.61	261.63	434.95
11.00	174.61	261.63	434.95
11.01	176.64	261.63	434.95
11.02	176.64	261.63	434.95
11.03	174.61	261.63	440.00
11.04	174.61	261.63	440.00
11.05	174.61	264.67	440.00
11.06	174.61	264.67	440.00
11.07	174.61	264.67	440.00
11.08	174.61	264.67	440.00
11.09	174.61	261.63	445.11
11.10	174.61	261.63	445.11
11.11	174.61	264.67	445.11
11.12	174.61	264.67	445.11
11.13	174.61	264.67	434.95
11.14	174.61	264.67	434.95
11.15	172.61	261.63	434.95
11.16	172.61	261.63	434.95
11.17	174.61	261.63	440.00
11.18	174.61	261.63	440.00
11.19	176.64	261.63	434.95
11.20	176.64	261.63	434.95
11.21	176.64	261.63	440.00
11.22	176.64	261.63	440.00
11.23	174.61	264.67	434.95
11.24	174.61	264.67	434.95
11.25	172.61	264.67	440.00
11.26	172.61	264.67	440.00
11.27	174.61	264.67	353.29	440.00
11.28	174.61	264.67	353.29	440.00
11.29	176.64	264.67	349.23	434.95
11.30	176.64	264.67	349.23	434.95
11.31	176.64	264.67	349.23	440.00
11.32	176.64	264.67	440.00
11.33	176.64	261.63	434.95
11.34	176.64	261.63	434.95
11.35	172.61	264.67	434.95
11.36	172.61	264.67	434.95
11.37	172.61	261.63	440.00
11.38	172.61	261.63	440.00
11.39	174.61	261.63	440.00
11.40	174.61	261.63	440.00
11.41	174.61	264.67	445.11
11.42	174.61	264.67	445.11
11.43	174.61	261.63	440.00
11.44	174.61	261.63	440.00
11.45	174.61	261.63	440.00
11.46	174.61	261.63	440.00
11.47	174.61	264.67	434.95
11.48	174.61	264.67	434.95
11.49	174.61	261.63	445.11
11.50	174.61	261.63	445.11
11.51	174.61	261.63	434.95
11.52	174.61	261.63	434.95
11.53	178.70	267.74	440.00
11.54	178.70	267.74	440.00
11.55	174.61	264.67	440.00
11.56	174.61	264.67	440.00
11.57	174.61	261.63	440.00
11.58	174.61	261.63	440.00
11.59	176.64	264.67	434.95
11.60	176.64	264.67	434.95
11.61	174.61	261.63	440.00
11.62	174.61	261.63	440.00
11.63	176.64	264.67	440.00
11.64	176.64	264.67	440.00
11.65	174.61	264.67	434.95
11.66	174.61	264.67	434.95
11.67	176.64	261.63	440.00
11.68	176.64	261.63	440.00
11.69	172.61	264.67	440.00	523.25
11.70	172.61	264.67	440.00	523.25
11.71	172.61	264.67	445.11	523.25
11.72	172.61	264.67	445.11	523.25
11.73	174.61	264.67	445.11	529.33
11.74	174.61	264.67	445.11	529.33
11.75	172.61	261.63	440.00	529.33
11.76	172.61	440.00	529.33
11.77	178.70	440.00	523.25
11.78	178.70	440.00	523.25
11.79	176.64	434.95	523.25
11.80	176.64	434.95	523.25
11.81	172.61	440.00	529.33
11.82	172.61	440.00	529.33
11.83	174.61	440.00	523.25
11.84	174.61	440.00	523.25
11.85	176.64	434.95	523.25
11.86	176.64	434.95	523.25
11.87	172.61	434.95	523.25
11.88	172.61	434.95	523.25
11.89	174.61	445.11	523.25
11.90	174.61	445.11
11.91	176.64	445.11
11.92	176.64	445.11
11.93	176.64	440.00
11.94	176.64	440.00
11.95	172.61	440.00
11.96	172.61	440.00
11.97	176.64	440.00
11.98	176.64	440.00
11.99	176.64	434.95
12.00	176.64	434.95
12.01	176.64	440.00
12.02	176.64	440.00
12.03	178.70	440.00
12.04	178.70	440.00
12.05	174.61	440.00
12.06	174.61	440.00
12.07	174.61	440.00
12.08	174.61	440.00
12.09	176.64	445.11
12.10	176.64	445.11
12.11	176.64	440.00
12.12	176.64	440.00
12.13	176.64	440.00
12.14	176.64	440.00
12.15	178.70	440.00
12.16	178.70	440.00
12.17	176.64	445.11
12.18	176.64	445.11
12.19	178.70	440.00
12.20	178.70	440.00
12.21	176.64	445.11
12.22	176.64	445.11
12.23	176.64	445.11
12.24	445.11
12.25	434.95
12.26
12.27
12.28
12.29
12.30
12.31
12.32
12.33
12.34
12.35
12.36
12.37
12.38
12.39
12.40
12.41
12.42
12.43
12.44
12.45
12.46
12.47
12.48
12.49
12.50
12.51
12.52
12.53
12.54
12.55
12.56
12.57
12.58
12.59
12.60
12.61
12.62
12.63
12.64
12.65
12.66
12.67
12.68
12.69
12.70
12.71
12.72
12.73
12.74
12.75	429.95
12.76	429.95
12.77	429.95
12.78	429.95
12.79	434.95
12.80	434.95
12.81	434.95
12.82	434.95
12.83	434.95
12.84	434.95
12.85	87.31	445.11
12.86	87.31	445.11
12.87	87.31	440.00
12.88	87.31	440.00
12.89	88.32	174.61	264.67	445.11
12.90	88.32	174.61	264.67	445.11
12.91	86.30	176.64	264.67	445.11
12.92	86.30	176.64	264.67	445.11
12.93	85.31	178.70	264.67	434.95
12.94	85.31	178.70	264.67	434.95
12.95	87.31	174.61	261.63	434.95
12.96	87.31	174.61	261.63	434.95
12.97	88.32	174.61	261.63	440.00
12.98	88.32	174.61	261.63	440.00
12.99	89.35	176.64	261.63	434.95
13.00	89.35	176.64	261.63	434.95
13.01	87.31	174.61	264.67	440.00
13.02	87.31	174.61	264.67	440.00
13.03	87.31	176.64	264.67	445.11
13.04	87.31	176.64	264.67	445.11
13.05	89.35	174.61	261.63	445.11
13.06	89.35	174.61	261.63	445.11
13.07	87.31	176.64	261.63	450.28
13.08	87.31	176.64	261.63	450.28
13.09	87.31	176.64	267.74	440.00
13.10	87.31	176.64	267.74	440.00
13.11	88.32	176.64	261.63	440.00
13.12	88.32	176.64	261.63	440.00
13.13	89.35	172.61	267.74	349.23	440.00
13.14	89.35	267.74	349.23	440.00
13.15	87.31	267.74	349.23	440.00
13.16	87.31	267.74	349.23	440.00
13.17	87.31	264.67	349.23	440.00
13.18	264.67	349.23	440.00
13.19	99.14	255.65	353.29	445.11
13.20	99.14	353.29	445.11
13.21	99.14	349.23	450.28
13.22	99.14	349.23	450.28
13.23	98.00	233.08	349.23	450.28	587.33
13.24	98.00	233.08	349.23	450.28	587.33
13.25	99.14	233.08	345.22	440.00	594.15
13.26	99.14	233.08	345.22	440.00	594.15
13.27	99.14	235.79	353.29	440.00	587.33
13.28	99.14	235.79	353.29	440.00	587.33
13.29	100.29	235.79	349.23	440.00	587.33
13.30	100.29	235.79	349.23	440.00	587.33
13.31	99.14	233.08	349.23	434.95	482.60	580.58
13.32	99.14	233.08	349.23	434.95	482.60	580.58
13.33	98.00	233.08	349.23	445.11	488.21	580.58
13.34	98.00	233.08	349.23	445.11	488.21	580.58
13.35	98.00	233.08	353.29	445.11	488.21	587.33
13.36	98.00	233.08	353.29	445.11	488.21	587.33
13.37	99.14	235.79	345.22	445.11	493.88	587.33
13.38	99.14	235.79	345.22	445.11	493.88	587.33
13.39	99.14	230.40	353.29	450.28	488.21	594.15
13.40	99.14	230.40	353.29	450.28	488.21	594.15
13.41	99.14	233.08	349.23	440.00	488.21	587.33
13.42	99.14	233.08	349.23	440.00	488.21	587.33
13.43	96.87	235.79	353.29	450.28	493.88	587.33
13.44	96.87	235.79	353.29	450.28	493.88	587.33
13.45	100.29	238.53	353.29	440.00	493.88	587.33
13.46	100.29	238.53	353.29	440.00	587.33
13.47	99.14	107.49	220.00	233.08	357.39	440.00	601.06
13.48	107.49	220.00	233.08	357.39	440.00
13.49	112.57	225.14	227.76	341.25	450.28
13.50	112.57	225.14	341.25
13.51	111.28	220.00	341.25
13.52	111.28	220.00	341.25
13.53	111.28	220.00	353.29	535.48	880.00
13.54	111.28	220.00	353.29	535.48	880.00
13.55	110.00	220.00	357.39	535.48	880.00
13.56	110.00	220.00	357.39	535.48	880.00
13.57	110.00	220.00	349.23	523.25	880.00
13.58	110.00	220.00	349.23	523.25	880.00
13.59	112.57	220.00	353.29	529.33	880.00
13.60	112.57	220.00	353.29	529.33	880.00
13.61	110.00	220.00	353.29	529.33	880.00
13.62	110.00	220.00	353.29	529.33	880.00
13.63	110.00	222.56	353.29	523.25	880.00
13.64	110.00	222.56	353.29	523.25	880.00
13.65	111.28	220.00	349.23	529.33	880.00
13.66	111.28	220.00	349.23	529.33	880.00
13.67	108.74	220.00	353.29	529.33	880.00
13.68	108.74	220.00	353.29	529.33
13.69	111.28	220.00	349.23	535.48
13.70	111.28	220.00	349.23	535.48
13.71	110.00	220.00	353.29	535.48
13.72	110.00	220.00	353.29	535.48
13.73	111.28	222.56	349.23	529.33
13.74	111.28	222.56	349.23	529.33
13.75	112.57	220.00	349.23	529.33
13.76	112.57	220.00	349.23	529.33
13.77	112.57	222.56	349.23	529.33
13.78	349.23	529.33
13.79	198.28	349.23	529.33
13.80	198.28	349.23	529.33
13.81	191.52	353.29	523.25
13.82	191.52	353.29	523.25
13.83	117.90	196.00	349.23	523.25
13.84	117.90	196.00	349.23	523.25
13.85	116.54	193.75	349.23	529.33
13.86	116.54	193.75	349.23	529.33
13.87	117.90	196.00	349.23	529.33
13.88	117.90	196.00	349.23	529.33
13.89	115.20	198.28	353.29	529.33
13.90	115.20	198.28	353.29	529.33
13.91	116.54	196.00	349.23	523.25
13.92	116.54	196.00	349.23	523.25
13.93	116.54	196.00	353.29	523.25
13.94	116.54	196.00	353.29	523.25
13.95	116.54	196.00	349.23	529.33
13.96	116.54	196.00	349.23	529.33
13.97	117.90	196.00	349.23	523.25
13.98	117.90	196.00	349.23	523.25
13.99	117.90	196.00	353.29	529.33
14.00	117.90	196.00	353.29	529.33
14.01	116.54	198.28	353.29	529.33
14.02	116.54	198.28	353.29	529.33
14.03	115.20	196.00	349.23	523.25
14.04	115.20	196.00	349.23	523.25
14.05	116.54	196.00	349.23	523.25
14.06	116.54	196.00	349.23	523.25
14.07	116.54	196.00	349.23	529.33
14.08	116.54	196.00	349.23	529.33
14.09	117.90	198.28	264.67	353.29	529.33
14.10	117.90	198.28	264.67	353.29	529.33
14.11	119.26	132.33	191.52	261.63	349.23	529.33
14.12	132.33	261.63	349.23	529.33
14.13	133.87	220.00	258.62	349.23	523.25
14.14	133.87	220.00	258.62	349.23	523.25
14.15	133.87	220.00	264.67	357.39	523.25
14.16	133.87	220.00	264.67	357.39	523.25
14.17	132.33	220.00	261.63	349.23	529.33
14.18	132.33	220.00	261.63	349.23	529.33
14.19	130.81	220.00	264.67	349.23	535.48
14.20	130.81	220.00	264.67	349.23	535.48
14.21	132.33	220.00	261.63	345.22	529.33
14.22	132.33	220.00	261.63	345.22	529.33
14.23	132.33	220.00	258.62	314.74	345.22	440.00	529.33
14.24	132.33	220.00	258.62	314.74	440.00	529.33
14.25	130.81	220.00	264.67	311.13	434.95	529.33
14.26	130.81	220.00	264.67	311.13	434.95	529.33
14.27	132.33	220.00	261.63	311.13	434.95	523.25
14.28	132.33	220.00	261.63	311.13	434.95	523.25
14.29	132.33	220.00	261.63	314.74	445.11	523.25
14.30	132.33	220.00	261.63	314.74	445.11	523.25
14.31	130.81	220.00	261.63	314.74	434.95	523.25
14.32	130.81	220.00	261.63	314.74	434.95	523.25
14.33	132.33	220.00	264.67	311.13	440.00	523.25
14.34	132.33	220.00	264.67	311.13	440.00	523.25
14.35	130.81	220.00	258.62	307.55	434.95	529.33
14.36	130.81	220.00	258.62	307.55	434.95	529.33
14.37	132.33	220.00	264.67	307.55	434.95	535.48
14.38	220.00	264.67	307.55	434.95	535.48
14.39	220.00	264.67	314.74	440.00	523.25
14.40	220.00	264.67	314.74	440.00	523.25
14.41	148.54	220.00	264.67	311.13	434.95	523.25
14.42	148.54	220.00	311.13	434.95	523.25
14.43	146.83	220.00	304.02	361.54	440.00	523.25
14.44	146.83	220.00	361.54	440.00	523.25
14.45	148.54	220.00	365.74	440.00	517.24
14.46	148.54	220.00	365.74	440.00	517.24
14.47	148.54	217.47	374.29	440.00	523.25
14.48	148.54	217.47	374.29	440.00	523.25
14.49	148.54	220.00	369.99	440.00	529.33
14.50	148.54	220.00	369.99	440.00	529.33
14.51	146.83	220.00	374.29	440.00	529.33
14.52	146.83	220.00	374.29	440.00	529.33
14.53	145.15	222.56	369.99	445.11	529.33
14.54	145.15	222.56	369.99	445.11	529.33
14.55	146.83	222.56	365.74	440.00	529.33
14.56	146.83	222.56	365.74	440.00	529.33
14.57	145.15	222.56	365.74	440.00	529.33
14.58	145.15	222.56	365.74	440.00	529.33
14.59	146.83	225.14	369.99	440.00	529.33
14.60	146.83	225.14	369.99	440.00	529.33
14.61	146.83	217.47	369.99	434.95	523.25
14.62	146.83	217.47	369.99	434.95	523.25
14.63	146.83	220.00	369.99	440.00	523.25
14.64	146.83	220.00	369.99	440.00	523.25
14.65	146.83	217.47	369.99	440.00	523.25
14.66	146.83	217.47	369.99	440.00	523.25
14.67	145.15	217.47	365.74	434.95	529.33
14.68	145.15	217.47	365.74	434.95	529.33
14.69	145.15	217.47	365.74	440.00	529.33
14.70	145.15	217.47	365.74	440.00	529.33
14.71	145.15	207.65	214.98	369.99	440.00	523.25
14.72	145.15	207.65	214.98	369.99	440.00	523.25
14.73	145.15	212.51	217.47	369.99	440.00	523.25
14.74	145.15	212.51	217.47	369.99	440.00	523.25
14.75	145.15	152.01	207.65	217.47	365.74	440.00	529.33
14.76	145.15	152.01	207.65	217.47	365.74	440.00	529.33
14.77	145.15	152.01	212.51	220.00	365.74	383.04	440.00	529.33
14.78	145.15	152.01	212.51	383.04	440.00	529.33
14.79	148.54	155.56	212.51	401.16	445.11	529.33
14.80	155.56	401.16	529.33
14.81	157.37	396.55	529.33
14.82	157.37	396.55	529.33
14.83	153.78	196.00	311.13	396.55	529.33
14.84	153.78	196.00	311.13	396.55	529.33
14.85	155.56	198.28	314.74	392.00	523.25
14.86	155.56	198.28	314.74	392.00	523.25
14.87	157.37	196.00	311.13	392.00	529.33
14.88	157.37	196.00	311.13	392.00	529.33
14.89	153.78	196.00	311.13	392.00	529.33
14.90	153.78	196.00	311.13	392.00	529.33
14.91	155.56	196.00	311.13	392.00	529.33
14.92	155.56	196.00	311.13	392.00	529.33
14.93	153.78	196.00	311.13	387.49	523.25
14.94	153.78	196.00	311.13	387.49	523.25
14.95	155.56	198.28	307.55	387.49	529.33
14.96	155.56	198.28	387.49	529.33
14.97	155.56	196.00	396.55	529.33
14.98	155.56	196.00	396.55	529.33
14.99	153.78	198.28	392.00	529.33
15.00	153.78	198.28	529.33
15.01	153.78	198.28	529.33
15.02	153.78	198.28	529.33
15.03	155.56	198.28	529.33
15.04	155.56	198.28	529.33
15.05	155.56	198.28	529.33
15.06	155.56	198.28	529.33
15.07	155.56	200.58	529.33
15.08	155.56	200.58	529.33
15.09	155.56	200.58	267.74	529.33
15.10	155.56	267.74	529.33
15.11	155.56	255.65	374.29	517.24
15.12	155.56	255.65	374.29	517.24
15.13	155.56	261.63	365.74	466.16	523.25
15.14	155.56	261.63	365.74	466.16	523.25
15.15	153.78	258.62	365.74	466.16	523.25
15.16	153.78	258.62	365.74	466.16	523.25
15.17	155.56	258.62	369.99	466.16	523.25
15.18	155.56	258.62	369.99	466.16	523.25
15.19	155.56	258.62	369.99	471.58	523.25
15.20	155.56	258.62	369.99	471.58	523.25
15.21	157.37	261.63	369.99	445.11	466.16	523.25
15.22	157.37	261.63	369.99	445.11	466.16	523.25
15.23	153.78	261.63	369.99	450.28	460.81	523.25
15.24	153.78	261.63	369.99	450.28	460.81	523.25
15.25	152.01	261.63	369.99	445.11	455.52	523.25
15.26	152.01	261.63	369.99	445.11	523.25
15.27	153.78	261.63	365.74	445.11	523.25
15.28	153.78	261.63	365.74	445.11	523.25
15.29	155.56	264.67	369.99	440.00	523.25
15.30	155.56	264.67	369.99	440.00	523.25
15.31	153.78	264.67	369.99	440.00	523.25
15.32	153.78	264.67	369.99	440.00	523.25
15.33	155.56	261.63	369.99	434.95	523.25
15.34	155.56	261.63	369.99	434.95	523.25
15.35	157.37	267.74	369.99	429.95	523.25
15.36	157.37	267.74	369.99	429.95	523.25
15.37	157.37	264.67	369.99	383.04	434.95	529.33
15.38	157.37	369.99	383.04	434.95
15.39	159.20	233.08	369.99	387.49	434.95
15.40	159.20	233.08	369.99	387.49	434.95
15.41	157.37	238.53	365.74	387.49	440.00
15.42	157.37	238.53	387.49	440.00
15.43	155.56	235.79	387.49	434.95
15.44	155.56	235.79	387.49
15.45	155.56	230.40	392.00
15.46	155.56	230.40	392.00
15.47	155.56	230.40	387.49
15.48	155.56	230.40	387.49
15.49	155.56	233.08	392.00
15.50	155.56	233.08	392.00
15.51	157.37	235.79	392.00
15.52	157.37	235.79	392.00
15.53	155.56	235.79	392.00
15.54	155.56	235.79	392.00
15.55	155.56	233.08	392.00
15.56	155.56	233.08	392.00
15.57	157.37	233.08	392.00
15.58	157.37	233.08	392.00
15.59	159.20	235.79	392.00
15.60	159.20	235.79	392.00
15.61	157.37	235.79	387.49
15.62	157.37	235.79	387.49
15.63	155.56	235.79	387.49
15.64	155.56	235.79	387.49
15.65	157.37	233.08	392.00
15.66	233.08	392.00
15.67	230.40	396.55
15.68	396.55
15.69	214.98	387.49	440.00
15.70	214.98	387.49	440.00
15.71	91.44	222.56	392.00	440.00
15.72	91.44	222.56	392.00	440.00
15.73	91.44	225.14	387.49	445.11
15.74	91.44	225.14	445.11
15.75	91.44	217.47	445.11
15.76	91.44	217.47	445.11
15.77	92.50	220.00	293.66	445.11
15.78	92.50	220.00	293.66	445.11
15.79	92.50	222.56	297.08	445.11
15.80	92.50	222.56	297.08	445.11
15.81	91.44	220.00	297.08	440.00
15.82	91.44	220.00	297.08	440.00
15.83	92.50	222.56	297.08	440.00
15.84	92.50	222.56	297.08	440.00
15.85	92.50	220.00	293.66	445.11
15.86	92.50	220.00	293.66	445.11
15.87	92.50	220.00	293.66	445.11
15.88	92.50	220.00	293.66	445.11
15.89	93.57	182.87	220.00	293.66	445.11
15.90	93.57	182.87	220.00	293.66	445.11
15.91	91.44	182.87	220.00	297.08	440.00
15.92	91.44	182.87	220.00	297.08	440.00
15.93	92.50	182.87	222.56	293.66	445.11
15.94	92.50	182.87	222.56	293.66	445.11
15.95	91.44	185.00	220.00	290.29	440.00
15.96	91.44	185.00	220.00	290.29	440.00
15.97	92.50	185.00	222.56	293.66	445.11
15.98	92.50	185.00	222.56	293.66	445.11
15.99	92.50	182.87	220.00	297.08	440.00	460.81
16.00	92.50	182.87	220.00	297.08	460.81
16.01	93.57	185.00	222.56	297.08	466.16
16.02	93.57	185.00	297.08	466.16
16.03	93.57	95.76	185.00	293.66	460.81
16.04	93.57	95.76	293.66	460.81
16.05	91.44	99.14	191.52	293.66	466.16
16.06	99.14	191.52	293.66	466.16
16.07	96.87	193.75	293.66	471.58
16.08	96.87	193.75	293.66	471.58
16.09	95.76	196.00	293.66	460.81
16.10	95.76	196.00	293.66	460.81
16.11	99.14	198.28	293.66	466.16
16.12	99.14	198.28	293.66	466.16
16.13	96.87	198.28	297.08	455.52
16.14	96.87	198.28	297.08	455.52
16.15	98.00	193.75	297.08	460.81
16.16	98.00	193.75	297.08	460.81
16.17	96.87	198.28	297.08	471.58
16.18	96.87	198.28	297.08	471.58
16.19	98.00	196.00	293.66	460.81
16.20	98.00	196.00	293.66	460.81
16.21	98.00	196.00	290.29	460.81
16.22	98.00	196.00	290.29	460.81
16.23	98.00	198.28	293.66	460.81
16.24	98.00	198.28	293.66	460.81
16.25	98.00	196.00	293.66	460.81
16.26	98.00	196.00	293.66	460.81
16.27	98.00	193.75	297.08	460.81
16.28	98.00	193.75	297.08	460.81
16.29	96.87	198.28	293.66	455.52
16.30	96.87	198.28	293.66	455.52
16.31	99.14	198.28	290.29	460.81
16.32	99.14	198.28	290.29	460.81
16.33	99.14	113.88	198.28	293.66	466.16
16.34	99.14	113.88	198.28	293.66	466.16
16.35	99.14	115.20	196.00	293.66	460.81
16.36	115.20	196.00	293.66	460.81
16.37	115.20	198.28	293.66	471.58
16.38	115.20	198.28	293.66	471.58
16.39	115.20	198.28	293.66	466.16
16.40	115.20	293.66	466.16
16.41	116.54	293.66	460.81
16.42	116.54	293.66	460.81
16.43	115.20	297.08	466.16
16.44	115.20	297.08	466.16
16.45	115.20	227.76	293.66	383.04	466.16	587.33
16.46	115.20	227.76	293.66	383.04	466.16	587.33
16.47	115.20	230.40	293.66	396.55	466.16	580.58
16.48	115.20	230.40	293.66	396.55	466.16	580.58
16.49	116.54	230.40	297.08	396.55	466.16	587.33
16.50	116.54	230.40	297.08	396.55	466.16	587.33
16.51	116.54	233.08	293.66	396.55	466.16	573.91
16.52	116.54	233.08	293.66	396.55	466.16	573.91
16.53	116.54	233.08	293.66	396.55	466.16	580.58
16.54	116.54	233.08	293.66	396.55	466.16	580.58
16.55	117.90	233.08	293.66	396.55	466.16	580.58
16.56	117.90	233.08	293.66	396.55	466.16	580.58
16.57	115.20	233.08	290.29	396.55	466.16	587.33
16.58	115.20	233.08	290.29	396.55	466.16	587.33
16.59	116.54	230.40	293.66	396.55	466.16	580.58
16.60	116.54	293.66	396.55	466.16	580.58
16.61	117.90	293.66	387.49	466.16	580.58
16.62	117.90	293.66	387.49	466.16	580.58
16.63	116.54	297.08	392.00	466.16	587.33
16.64	116.54	297.08	392.00	466.16	587.33
16.65	116.54	127.83	293.66	396.55	466.16	587.33
16.66	116.54	127.83	293.66	396.55	466.16	587.33
16.67	117.90	130.81	297.08	392.00	450.28	471.58	587.33
16.68	130.81	297.08	392.00	450.28	587.33
16.69	132.33	297.08	307.55	392.00	450.28	587.33
16.70	132.33	297.08	307.55	392.00	450.28
16.71	130.81	290.29	304.02	387.49	445.11
16.72	130.81	304.02	387.49	445.11
16.73	130.81	304.02	396.55	440.00
16.74	130.81	304.02	396.55	440.00
16.75	129.31	311.13	392.00	434.95
16.76	129.31	311.13	434.95
16.77	132.33	307.55	434.95
16.78	132.33	307.55	434.95
16.79	130.81	314.74	434.95
16.80	130.81	314.74	434.95
16.81	132.33	311.13	396.55	440.00
16.82	132.33	311.13	396.55	440.00
16.83	130.81	261.63	314.74	392.00	434.95
16.84	130.81	261.63	314.74	392.00	434.95
16.85	130.81	261.63	307.55	392.00	445.11
16.86	130.81	261.63	307.55	392.00	445.11
16.87	132.33	264.67	314.74	396.55	440.00
16.88	132.33	264.67	314.74	396.55	440.00
16.89	132.33	261.63	311.13	396.55	440.00
16.90	132.33	311.13	396.55	440.00
16.91	130.81	311.13	392.00	434.95
16.92	130.81	311.13	392.00	434.95
16.93	130.81	307.55	396.55	440.00
16.94	130.81	307.55	396.55	440.00
16.95	133.87	311.13	392.00	440.00
16.96	311.13	392.00	440.00
16.97	311.13	392.00	434.95
16.98	311.13	392.00	434.95
16.99	307.55	396.55	440.00
17.00	307.55	396.55	440.00
17.01	145.15	311.13	387.49	440.00
17.02	145.15	311.13	387.49	440.00
17.03	148.54	307.55	378.64	392.00	445.11
17.04	148.54	307.55	378.64	392.00	445.11
17.05	146.83	297.08	304.02	369.99	383.04	440.00
17.06	146.83	297.08	369.99	383.04	440.00
17.07	145.15	293.66	369.99	387.49	434.95
17.08	145.15	293.66	369.99	434.95
17.09	146.83	297.08	374.29	440.00	587.33
17.10	146.83	297.08	374.29	440.00	587.33
17.11	146.83	293.66	369.99	440.00	594.15
17.12	146.83	293.66	369.99	440.00	594.15
17.13	148.54	293.66	369.99	440.00	587.33
17.14	148.54	293.66	369.99	440.00	587.33
17.15	148.54	297.08	369.99	440.00	580.58
17.16	148.54	297.08	369.99	440.00	580.58
17.17	146.83	300.53	369.99	440.00	580.58
17.18	146.83	300.53	369.99	440.00	580.58
17.19	145.15	297.08	365.74	440.00	580.58
17.20	145.15	297.08	365.74	440.00	580.58
17.21	146.83	293.66	369.99	440.00	580.58
17.22	146.83	293.66	369.99	440.00	580.58
17.23	145.15	258.62	293.66	369.99	434.95	587.33
17.24	145.15	258.62	293.66	369.99	434.95	587.33
17.25	146.83	261.63	290.29	369.99	434.95	587.33
17.26	146.83	261.63	369.99	434.95	587.33
17.27	146.83	261.63	369.99	440.00	523.25	580.58
17.28	146.83	261.63	369.99	440.00	523.25	580.58
17.29	145.15	261.63	374.29	434.95	523.25	587.33
17.30	145.15	261.63	374.29	434.95	523.25	587.33
17.31	145.15	264.67	369.99	440.00	529.33	580.58
17.32	145.15	264.67	369.99	440.00	529.33	580.58
17.33	98.00	146.83	264.67	374.29	434.95	523.25	587.33
17.34	98.00	146.83	264.67	374.29	434.95	523.25
17.35	99.14	145.15	261.63	297.08	374.29	434.95	517.24
17.36	99.14	261.63	297.08	374.29	434.95	517.24
17.37	96.87	258.62	300.53	365.74	440.00	523.25
17.38	96.87	258.62	300.53	440.00	523.25
17.39	98.00	227.76	261.63	297.08	445.11	523.25
17.40	98.00	227.76	261.63	297.08	445.11	523.25
17.41	96.87	238.53	261.63	293.66	434.95	517.24
17.42	96.87	238.53	293.66	434.95	517.24
17.43	98.00	233.08	293.66	434.95	517.24
17.44	98.00	233.08	293.66	434.95	517.24
17.45	99.14	233.08	293.66	434.95	535.48
17.46	99.14	233.08	293.66	434.95
17.47	98.00	233.08	293.66	440.00
17.48	98.00	233.08	293.66
17.49	98.00	233.08	290.29
17.50	98.00	233.08	290.29
17.51	99.14	235.79	293.66
17.52	99.14	235.79	293.66
17.53	98.00	193.75	233.08	293.66
17.54	98.00	193.75	233.08	293.66
17.55	96.87	191.52	235.79	290.29
17.56	96.87	191.52	235.79	290.29
17.57	96.87	193.75	230.40	293.66
17.58	96.87	193.75	230.40	293.66
17.59	96.87	193.75	233.08	293.66
17.60	96.87	193.75	233.08	293.66
17.61	99.14	193.75	233.08	293.66
17.62	99.14	193.75	233.08	293.66
17.63	96.87	193.75	233.08	297.08
17.64	96.87	193.75	233.08	297.08
17.65	96.87	193.75	233.08	293.66
17.66	96.87	193.75	233.08	293.66
17.67	98.00	193.75	235.79	297.08
17.68	98.00	193.75	235.79	297.08
17.69	99.14	193.75	235.79	293.66
17.70	99.14	193.75	235.79	293.66
17.71	98.00	196.00	235.79	297.08
17.72	98.00	196.00	235.79	297.08
17.73	96.87	193.75	235.79	293.66
17.74	96.87	193.75	235.79	293.66
17.75	96.87	193.75	233.08	293.66
17.76	96.87	193.75	233.08	293.66
17.77	99.14	193.75	235.79	293.66
17.78	99.14	193.75	235.79	293.66
17.79	96.87	193.75	233.08	290.29	387.49
17.80	96.87	193.75	233.08	290.29	387.49
17.81	96.87	196.00	233.08	297.08	387.49
17.82	96.87	196.00	233.08	297.08	387.49
17.83	99.14	196.00	235.79	293.66	392.00
17.84	99.14	196.00	235.79	293.66	392.00
17.85	99.14	193.75	233.08	290.29	387.49
17.86	99.14	193.75	233.08	290.29	387.49
17.87	96.87	196.00	233.08	293.66	396.55
17.88	96.87	196.00	233.08	293.66	396.55
17.89	98.00	196.00	235.79	293.66	392.00
17.90	98.00	196.00	235.79	293.66	392.00
17.91	96.87	196.00	235.79	293.66	392.00
17.92	96.87	196.00	235.79	293.66	392.00
17.93	98.00	193.75	235.79	297.08	392.00
17.94	98.00	235.79	297.08	392.00
17.95	99.14	235.79	290.29	392.00
17.96	99.14	235.79	290.29	392.00
17.97	98.00	233.08	297.08	387.49
17.98	98.00	233.08	297.08	387.49
17.99	98.00	233.08	293.66	392.00
18.00	98.00	233.08	293.66	392.00
18.01	99.14	235.79	293.66	392.00
18.02	99.14	235.79	293.66	392.00
18.03	98.00	235.79	293.66	392.00
18.04	98.00	235.79	293.66	392.00
18.05	98.00	230.40	293.66	392.00
18.06	98.00	230.40	293.66	392.00
18.07	96.87	233.08	293.66	392.00
18.08	96.87	233.08	293.66
18.09	98.00	233.08	290.29
18.10	98.00	233.08	290.29
18.11	98.00	233.08	293.66
18.12	98.00	233.08	293.66
18.13	95.76	235.79	293.66
18.14	95.76	235.79	293.66
18.15	98.00	233.08	293.66
18.16	98.00	233.08	293.66
18.17	98.00	233.08	290.29
18.18	98.00	233.08	290.29
18.19	98.00	235.79	293.66
18.20	98.00	235.79	293.66
18.21	96.87	233.08	297.08
18.22	96.87	233.08	297.08
18.23	98.00	233.08	293.66
18.24	98.00	233.08	293.66
18.25	98.00	233.08	293.66
18.26	98.00	233.08	293.66
18.27	96.87	233.08	293.66
18.28	96.87	233.08	293.66
18.29	96.87	233.08	297.08
18.30	96.87	233.08	297.08
18.31	99.14	235.79	293.66	392.00
18.32	99.14	235.79	293.66	392.00
18.33	98.00	230.40	293.66	387.49
18.34	98.00	230.40	293.66	387.49
18.35	99.14	233.08	290.29	387.49
18.36	99.14	233.08	290.29	387.49
18.37	96.87	233.08	297.08	396.55
18.38	96.87	233.08	297.08	396.55
18.39	98.00	235.79	297.08	392.00
18.40	98.00	235.79	297.08	392.00
18.41	98.00	230.40	293.66	401.16
18.42	98.00	230.40	293.66	401.16
18.43	96.87	233.08	297.08	387.49
18.44	96.87	233.08	297.08	387.49
18.45	98.00	233.08	297.08	392.00
18.46	98.00	233.08	297.08
18.47	98.00	233.08	293.66
18.48	98.00	233.08	293.66
18.49	100.29	233.08	293.66
18.50	100.29	233.08	293.66
18.51	99.14	235.79	290.29
18.52	99.14	235.79	290.29
18.53	98.00	233.08	297.08
18.54	98.00	233.08	297.08
18.55	98.00	230.40	290.29
18.56	98.00	290.29
18.57	98.00	297.08
18.58	98.00	297.08
18.59	96.87	297.08
18.60	96.87	297.08
18.61	98.00	297.08
18.62	98.00	297.08
18.63	96.87	293.66
18.64	293.66
18.65	293.66
18.66	293.66
18.67	297.08
18.68
18.69
18.70
18.71
18.72
18.73
18.74
18.75
18.76
18.77
18.78
18.79
18.80
18.81
18.82
18.83
18.84
18.85
18.86
18.87
18.88
18.89
18.90
18.91
18.92
18.93
18.94
18.95
18.96
18.97
18.98
18.99
19.00
19.01
19.02
19.03
19.04
19.05
19.06
19.07
19.08
19.09
19.10
19.11
19.12
19.13
19.14
19.15
19.16
19.17
19.18
19.19
19.20
19.21	150.26
19.22	150.26
19.23	150.26
19.24	150.26
19.25	148.54	429.95
19.26	148.54	429.95
19.27	148.54	345.22	434.95
19.28	148.54	345.22	434.95
19.29	148.54	297.08	353.29	440.00
19.30	148.54	297.08	353.29	440.00
19.31	146.83	293.66	349.23	445.11
19.32	146.83	293.66	349.23	445.11
19.33	146.83	290.29	349.23	445.11
19.34	146.83	290.29	349.23	445.11
19.35	146.83	293.66	353.29	440.00
19.36	146.83	293.66	353.29	440.00
19.37	146.83	293.66	345.22	440.00
19.38	146.83	293.66	345.22	440.00
19.39	146.83	293.66	353.29	440.00
19.40	146.83	293.66	353.29	440.00
19.41	148.54	293.66	345.22	434.95
19.42	148.54	293.66	345.22	434.95
19.43	148.54	293.66	349.23	440.00
19.44	148.54	293.66	349.23	440.00
19.45	146.83	293.66	353.29	440.00
19.46	146.83	293.66	353.29	440.00
19.47	148.54	297.08	353.29	445.11
19.48	148.54	297.08	353.29	445.11
19.49	146.83	293.66	349.23	450.28
19.50	146.83	293.66	349.23	450.28
19.51	148.54	293.66	349.23	450.28
19.52	148.54	293.66	349.23	450.28
19.53	146.83	290.29	349.23	445.11
19.54	146.83	290.29	349.23	445.11
19.55	146.83	297.08	349.23	440.00
19.56	146.83	297.08	349.23	440.00
19.57	148.54	297.08	349.23	434.95
19.58	148.54	297.08	349.23	434.95
19.59	145.15	290.29	345.22	440.00	587.33
19.60	145.15	290.29	345.22	440.00	587.33
19.61	148.54	293.66	345.22	434.95	587.33
19.62	148.54	293.66	345.22	434.95	587.33
19.63	146.83	297.08	345.22	445.11	587.33
19.64	146.83	297.08	345.22	445.11	587.33
19.65	148.54	293.66	349.23	445.11	587.33
19.66	148.54	293.66	349.23	445.11
19.67	148.54	293.66	353.29	445.11
19.68	148.54	293.66	353.29	445.11
19.69	148.54	297.08	349.23	440.00
19.70	148.54	297.08	349.23	440.00
19.71	148.54	293.66	349.23	434.95
19.72	148.54	293.66	349.23	434.95
19.73	146.83	300.53	349.23	434.95
19.74	146.83	300.53	349.23	434.95
19.75	148.54	297.08	349.23	440.00
19.76	297.08	349.23	440.00
19.77	297.08	349.23	445.11
19.78	297.08	349.23	445.11
19.79	300.53	349.23	450.28	455.52
19.80	300.53	349.23	455.52
19.81	96.87	297.08	349.23	460.81
19.82	96.87	297.08	349.23	460.81
19.83	98.00	297.08	345.22	460.81
19.84	98.00	297.08	345.22	460.81
19.85	95.76	297.08	341.25	471.58
19.86	95.76	297.08	471.58
19.87	96.87	293.66	392.00	466.16
19.88	96.87	293.66	392.00	466.16
19.89	98.00	293.66	392.00	466.16	880.00
19.90	98.00	293.66	392.00	466.16	880.00
19.91	98.00	293.66	396.55	466.16	890.23
19.92	98.00	293.66	396.55	466.16	890.23
19.93	99.14	293.66	396.55	466.16	880.00
19.94	99.14	293.66	396.55	466.16	880.00
19.95	100.29	297.08	396.55	460.81	880.00
19.96	100.29	297.08	396.55	460.81	880.00
19.97	100.29	293.66	392.00	466.16	880.00
19.98	100.29	293.66	392.00	466.16	880.00
19.99	98.00	297.08	392.00	471.58	880.00
20.00	98.00	297.08	392.00	471.58	880.00
20.01	99.14	293.66	392.00	466.16	880.00
20.02	99.14	293.66	392.00	466.16	880.00
20.03	96.87	196.00	293.66	392.00	466.16	890.23
20.04	96.87	196.00	293.66	392.00	466.16	890.23
20.05	100.29	198.28	293.66	392.00	460.81	890.23
20.06	100.29	198.28	293.66	392.00	460.81
20.07	99.14	193.75	293.66	392.00	460.81
20.08	99.14	293.66	392.00	460.81
20.09	98.00	300.53	392.00	460.81
20.10	98.00	300.53	392.00	460.81
20.11	96.87	293.66	392.00	466.16
20.12	96.87	293.66	392.00	466.16
20.13	100.29	297.08	396.55	466.16
20.14	100.29	297.08	396.55	466.16
20.15	100.29	297.08	392.00	460.81
20.16	297.08	392.00	460.81
20.17	111.28	214.98	293.66	392.00	460.81
20.18	111.28	214.98	293.66	392.00	460.81
20.19	110.00	225.14	297.08	392.00	466.16
20.20	110.00	225.14	297.08	392.00	466.16
20.21	110.00	220.00	293.66	392.00	466.16
20.22	110.00	220.00	293.66	392.00	466.16
20.23	110.00	222.56	297.08	392.00	460.81
20.24	110.00	222.56	297.08	392.00	460.81
20.25	111.28	220.00	293.66	387.49	460.81
20.26	111.28	220.00	293.66	387.49	460.81
20.27	111.28	217.47	297.08	396.55	460.81
20.28	111.28	217.47	297.08	396.55	460.81
20.29	111.28	220.00	297.08	392.00	466.16
20.30	111.28	220.00	297.08	392.00	466.16
20.31	111.28	222.56	297.08	392.00	466.16
20.32	111.28	222.56	297.08	392.00	466.16
20.33	108.74	116.54	220.00	297.08	392.00	466.16
20.34	108.74	116.54	220.00	297.08	392.00	466.16
20.35	111.28	113.88	220.00	300.53	396.55	460.81
20.36	111.28	113.88	220.00	300.53	396.55	460.81
20.37	110.00	113.88	222.56	300.53	392.00	460.81
20.38	113.88	222.56	300.53	392.00	460.81
20.39	115.20	222.56	300.53	387.49	460.81
20.40	115.20	222.56	300.53	387.49	460.81
20.41	113.88	225.14	300.53	387.49	455.52
20.42	113.88	300.53	387.49
20.43	113.88	233.08	297.08	387.49
20.44	113.88	233.08	297.08	387.49
20.45	119.26	233.08	290.29	392.00
20.46	119.26	233.08	290.29	392.00
20.47	117.90	230.40	293.66	387.49
20.48	117.90	230.40	293.66	387.49
20.49	116.54	235.79	297.08	392.00
20.50	116.54	235.79	297.08	392.00
20.51	119.26	230.40	293.66	392.00
20.52	119.26	230.40	293.66	392.00
20.53	117.90	230.40	297.08	392.00
20.54	117.90	230.40	297.08	392.00
20.55	117.90	238.53	293.66	387.49
20.56	117.90	238.53	293.66	387.49
20.57	116.54	235.79	290.29	387.49
20.58	116.54	235.79	290.29	387.49
20.59	116.54	233.08	290.29	392.00
20.60	116.54	233.08	290.29	392.00
20.61	117.90	235.79	293.66	387.49
20.62	117.90	235.79	293.66	387.49
20.63	116.54	233.08	297.08	387.49
20.64	116.54	233.08	297.08	387.49
20.65	117.90	238.53	297.08	387.49
20.66	117.90	238.53	297.08	387.49
20.67	115.20	233.08	293.66	387.49
20.68	115.20	233.08	293.66	387.49
20.69	117.90	238.53	290.29	392.00
20.70	117.90	238.53	290.29	392.00
20.71	119.26	233.08	297.08	396.55
20.72	233.08	297.08	396.55
20.73	130.81	233.08	255.65	297.08	392.00
20.74	130.81	233.08	255.65	297.08	392.00
20.75	133.87	233.08	264.67	297.08	387.49
20.76	133.87	233.08	264.67	297.08	387.49
20.77	133.87	235.79	264.67	293.66	392.00
20.78	133.87	235.79	264.67	293.66	392.00
20.79	127.83	235.79	261.63	293.66	387.49
20.80	127.83	235.79	261.63	293.66	387.49
20.81	132.33	233.08	261.63	297.08	387.49
20.82	132.33	233.08	261.63	297.08	387.49
20.83	130.81	233.08	267.74	293.66	387.49
20.84	130.81	233.08	267.74	293.66	387.49
20.85	130.81	233.08	261.63	293.66	383.04
20.86	130.81	233.08	261.63	293.66	383.04
20.87	129.31	235.79	261.63	290.29	392.00
20.88	129.31	235.79	261.63	290.29	392.00
20.89	129.31	233.08	258.62	293.66	387.49
20.90	129.31	233.08	258.62	293.66	387.49
20.91	132.33	235.79	261.63	293.66	396.55
20.92	132.33	235.79	261.63	293.66	396.55
20.93	129.31	235.79	261.63	293.66	392.00
20.94	129.31	235.79	261.63	293.66	392.00
20.95	132.33	235.79	261.63	290.29	383.04
20.96	132.33	235.79	261.63	290.29	383.04
20.97	130.81	235.79	261.63	290.29	387.49
20.98	130.81	235.79	261.63	290.29	387.49
20.99	129.31	233.08	264.67	293.66	392.00
21.00	129.31	233.08	293.66	392.00
21.01	130.81	233.08	293.66	392.00
21.02	130.81	233.08	293.66	392.00
21.03	130.81	145.15	230.40	297.08	387.49
21.04	145.15	230.40	297.08	387.49
21.05	148.54	230.40	293.66	387.49
21.06	148.54	230.40	293.66	387.49
21.07	150.26	222.56	230.40	293.66	387.49
21.08	150.26	222.56	293.66	387.49
21.09	148.54	220.00	297.08	387.49
21.10	148.54	220.00	297.08	387.49
21.11	146.83	220.00	300.53	387.49
21.12	146.83	220.00	300.53
21.13	148.54	220.00	293.66	341.25	440.00
21.14	148.54	220.00	293.66	341.25	440.00
21.15	145.15	222.56	297.08	345.22	440.00
21.16	145.15	222.56	297.08	345.22	440.00
21.17	148.54	220.00	293.66	341.25	440.00
21.18	148.54	220.00	293.66	341.25	440.00
21.19	146.83	220.00	297.08	345.22	445.11
21.20	146.83	220.00	297.08	345.22
21.21	148.54	217.47	293.66	345.22
21.22	148.54	217.47	293.66	345.22
21.23	148.54	222.56	293.66	349.23
21.24	148.54	222.56	293.66	349.23
21.25	148.54	222.56	293.66	349.23
21.26	148.54	222.56	293.66	349.23
21.27	146.83	222.56	293.66	349.23
21.28	146.83	222.56	293.66	349.23
21.29	146.83	222.56	293.66	353.29
21.30	146.83	222.56	293.66	353.29
21.31	148.54	222.56	293.66	349.23
21.32	222.56	293.66	349.23
21.33	132.33	222.56	293.66	349.23	434.95
21.34	132.33	222.56	293.66	349.23	434.95
21.35	132.33	220.00	293.66	349.23	445.11
21.36	132.33	220.00	293.66	349.23	445.11
21.37	132.33	220.00	297.08	349.23	440.00
21.38	132.33	220.00	297.08	349.23	440.00
21.39	132.33	220.00	264.67	293.66	353.29	445.11
21.40	132.33	220.00	264.67	293.66	353.29	445.11
21.41	132.33	222.56	261.63	293.66	349.23	440.00
21.42	132.33	222.56	261.63	293.66	349.23	440.00
21.43	132.33	220.00	261.63	293.66	349.23	440.00
21.44	132.33	220.00	261.63	293.66	349.23	440.00
21.45	132.33	220.00	258.62	293.66	353.29	445.11
21.46	132.33	220.00	258.62	293.66	353.29	445.11
21.47	132.33	222.56	261.63	297.08	353.29	445.11
21.48	132.33	222.56	261.63	297.08	353.29	445.11
21.49	130.81	220.00	261.63	290.29	349.23	440.00
21.50	130.81	220.00	261.63	290.29	349.23
21.51	132.33	220.00	264.67	293.66	349.23	440.00
21.52	132.33	220.00	264.67	293.66	349.23	440.00
21.53	130.81	220.00	264.67	293.66	345.22	445.11
21.54	130.81	220.00	264.67	293.66	345.22	445.11
21.55	129.31	222.56	261.63	297.08	349.23	450.28
21.56	129.31	222.56	261.63	297.08
21.57	130.81	222.56	261.63	293.66
21.58	130.81	222.56	261.63	293.66
21.59	132.33	220.00	261.63	290.29
21.60	132.33	220.00	261.63	290.29
21.61	130.81	222.56	261.63	293.66
21.62	222.56	293.66
21.63	222.56	297.08	383.04
21.64	222.56	297.08	383.04
21.65	225.14	230.40	290.29	387.49
21.66	225.14	230.40	290.29	387.49
21.67	214.98	227.76	293.66	392.00
21.68	227.76	293.66	392.00
21.69	230.40	297.08	387.49
21.70	230.40	297.08	387.49
21.71	116.54	238.53	297.08	387.49
21.72	116.54	238.53	297.08	387.49
21.73	117.90	233.08	290.29	392.00
21.74	117.90	233.08	290.29	392.00
21.75	116.54	233.08	293.66	387.49
21.76	116.54	233.08	293.66	387.49
21.77	115.20	233.08	293.66	392.00
21.78	115.20	233.08	293.66	392.00
21.79	117.90	233.08	290.29	392.00
21.80	117.90	233.08	290.29	392.00
21.81	115.20	233.08	290.29	387.49
21.82	115.20	233.08	290.29	387.49
21.83	117.90	233.08	286.96	392.00
21.84	117.90	233.08	286.96	392.00
21.85	117.90	233.08	290.29	387.49
21.86	117.90	233.08	290.29	387.49
21.87	116.54	235.79	293.66	387.49
21.88	116.54	235.79	293.66	387.49
21.89	116.54	235.79	293.66	387.49
21.90	116.54	235.79	293.66	387.49
21.91	117.90	230.40	293.66	387.49
21.92	117.90	230.40	293.66	387.49
21.93	117.90	235.79	293.66	392.00
21.94	117.90	235.79	293.66	392.00
21.95	117.90	235.79	293.66	383.04
21.96	117.90	235.79	293.66	383.04
21.97	112.57	117.90	235.79	297.08	392.00	434.95
21.98	112.57	117.90	297.08	392.00	434.95
21.99	110.00	113.88	300.53	361.54	383.04	440.00
22.00	110.00	361.54	383.04	440.00
22.01	111.28	378.64	387.49	445.11	529.33
22.02	111.28	378.64	387.49	445.11	529.33
22.03	112.57	365.74	383.04	434.95	523.25
22.04	112.57	365.74	434.95	523.25
22.05	111.28	217.47	264.67	369.99	434.95	529.33
22.06	111.28	217.47	264.67	369.99	434.95	529.33
22.07	110.00	217.47	267.74	374.29	434.95	529.33
22.08	110.00	217.47	267.74	374.29	434.95	529.33
22.09	110.00	220.00	264.67	369.99	440.00	529.33
22.10	110.00	220.00	264.67	369.99	440.00	529.33
22.11	110.00	220.00	261.63	369.99	440.00	529.33
22.12	110.00	220.00	261.63	369.99	440.00	529.33
22.13	108.74	217.47	264.67	369.99	440.00	529.33
22.14	108.74	217.47	264.67	369.99	440.00	529.33
22.15	108.74	214.98	267.74	365.74	434.95	529.33
22.16	108.74	214.98	267.74	365.74	434.95	529.33
22.17	110.00	220.00	264.67	365.74	434.95	523.25
22.18	110.00	220.00	365.74	434.95	523.25
22.19	108.74	220.00	369.99	429.95	529.33
22.20	108.74	220.00	369.99	429.95	529.33
22.21	110.00	220.00	374.29	434.95	523.25
22.22	110.00	374.29	434.95	523.25
22.23	108.74	374.29	429.95	535.48
22.24	108.74	374.29	429.95	535.48
22.25	110.00	365.74	429.95	529.33
22.26	365.74	429.95	529.33
22.27	99.14	293.66	369.99	440.00	529.33
22.28	99.14	293.66	440.00
22.29	95.76	293.66	387.49	450.28	460.81
22.30	95.76	293.66	387.49	450.28	460.81
22.31	96.87	297.08	383.04	450.28	460.81
22.32	96.87	297.08	383.04	460.81
22.33	98.00	297.08	396.55	460.81
22.34	98.00	297.08	396.55	460.81
22.35	98.00	297.08	392.00	460.81	890.23
22.36	98.00	297.08	392.00	460.81	890.23
22.37	98.00	293.66	387.49	460.81	880.00
22.38	98.00	293.66	387.49	460.81	880.00
22.39	98.00	293.66	392.00	455.52	880.00
22.40	98.00	293.66	392.00	455.52	880.00
22.41	98.00	293.66	396.55	455.52	880.00
22.42	98.00	293.66	396.55	455.52	880.00
22.43	96.87	297.08	392.00	455.52	880.00
22.44	96.87	297.08	392.00	455.52	880.00
22.45	95.76	293.66	392.00	455.52	900.57
22.46	95.76	293.66	392.00	455.52	900.57
22.47	98.00	297.08	387.49	455.52	880.00
22.48	98.00	297.08	387.49	455.52	880.00
22.49	96.87	198.28	297.08	392.00	466.16	869.89
22.50	96.87	198.28	297.08	392.00	466.16	869.89
22.51	96.87	196.00	293.66	396.55	460.81	880.00
22.52	96.87	196.00	293.66	396.55	460.81	880.00
22.53	98.00	193.75	297.08	392.00	455.52	880.00
22.54	98.00	297.08	392.00	455.52	880.00
22.55	96.87	293.66	392.00	455.52	890.23
22.56	293.66	392.00	455.52
22.57	113.88	293.66	396.55	455.52
22.58	113.88	293.66	396.55	455.52
22.59	113.88	293.66	392.00	455.52
22.60	113.88	293.66	392.00	455.52
22.61	116.54	297.08	392.00	460.81
22.62	116.54	297.08	392.00	460.81
22.63	116.54	297.08	392.00	460.81
22.64	116.54	297.08	392.00	460.81
22.65	115.20	297.08	387.49	460.81
22.66	115.20	297.08	387.49	460.81
22.67	117.90	293.66	392.00	455.52
22.68	117.90	293.66	392.00	455.52
22.69	116.54	297.08	392.00	455.52
22.70	116.54	297.08	392.00	455.52
22.71	115.20	227.76	293.66	396.55	455.52
22.72	115.20	227.76	293.66	396.55	455.52
22.73	117.90	230.40	293.66	392.00	460.81
22.74	117.90	230.40	293.66	392.00	460.81
22.75	115.20	233.08	293.66	387.49	455.52
22.76	115.20	233.08	293.66	387.49	455.52
22.77	116.54	230.40	293.66	392.00	466.16
22.78	116.54	230.40	293.66	392.00	466.16
22.79	116.54	233.08	293.66	392.00	460.81
22.80	116.54	233.08	293.66	392.00	460.81
22.81	117.90	230.40	297.08	392.00	460.81
22.82	117.90	297.08	392.00	460.81
22.83	115.20	297.08	396.55	440.00	455.52
22.84	115.20	297.08	396.55	440.00
22.85	116.54	293.66	392.00	445.11
22.86	116.54	293.66	392.00	445.11
22.87	113.88	297.08	307.55	396.55	440.00
22.88	113.88	297.08	307.55	396.55	440.00
22.89	113.88	297.08	311.13	396.55	434.95
22.90	113.88	311.13	396.55	434.95
22.91	117.90	130.81	314.74	392.00	440.00
22.92	130.81	314.74	392.00	440.00
22.93	132.33	311.13	392.00	434.95
22.94	132.33	311.13	392.00	434.95
22.95	130.81	307.55	387.49	440.00
22.96	130.81	307.55	387.49	440.00
22.97	132.33	311.13	392.00	434.95
22.98	132.33	311.13	392.00	434.95
22.99	132.33	264.67	307.55	392.00	440.00
23.00	132.33	264.67	307.55	392.00	440.00
23.01	130.81	261.63	311.13	392.00	440.00
23.02	130.81	261.63	311.13	392.00	440.00
23.03	130.81	264.67	311.13	392.00	440.00
23.04	130.81	264.67	311.13	392.00	440.00
23.05	129.31	258.62	311.13	392.00	434.95
23.06	129.31	258.62	311.13	392.00	434.95
23.07	132.33	264.67	311.13	392.00	434.95
23.08	132.33	264.67	311.13	434.95
23.09	130.81	261.63	307.55	440.00
23.10	130.81	261.63	307.55	440.00
23.11	129.31	261.63	314.74	392.00	440.00
23.12	129.31	261.63	314.74	392.00	440.00
23.13	130.81	261.63	311.13	396.55	440.00
23.14	130.81	261.63	311.13	396.55	440.00
23.15	132.33	261.63	311.13	392.00	440.00
23.16	132.33	261.63	311.13	392.00	440.00
23.17	130.81	264.67	311.13	387.49	434.95
23.18	130.81	264.67	311.13	434.95
23.19	132.33	261.63	286.96	307.55	440.00
23.20	132.33	261.63	286.96	307.55	440.00
23.21	132.33	261.63	290.29	307.55	434.95
23.22	132.33	261.63	290.29	434.95
23.23	132.33	264.67	297.08	434.95
23.24	297.08	434.95
23.25	145.15	293.66	374.29	440.00	587.33
23.26	145.15	293.66	374.29	440.00	587.33
23.27	145.15	293.66	369.99	440.00	580.58
23.28	145.15	293.66	369.99	440.00	580.58
23.29	146.83	293.66	374.29	440.00	594.15
23.30	146.83	293.66	374.29	440.00	594.15
23.31	146.83	290.29	369.99	440.00	587.33
23.32	146.83	290.29	369.99	440.00	587.33
23.33	146.83	293.66	369.99	434.95	580.58
23.34	146.83	293.66	369.99	434.95	580.58
23.35	145.15	293.66	374.29	445.11	587.33
23.36	145.15	293.66	374.29	445.11	587.33
23.37	146.83	293.66	369.99	434.95	587.33
23.38	146.83	293.66	369.99	434.95	587.33
23.39	145.15	297.08	369.99	440.00	580.58
23.40	145.15	369.99	440.00	580.58
23.41	146.83	369.99	434.95	587.33
23.42	146.83	369.99	434.95	587.33
23.43	146.83	261.63	369.99	434.95	587.33
23.44	146.83	261.63	369.99	434.95	587.33
23.45	146.83	264.67	374.29	440.00	523.25	580.58
23.46	146.83	264.67	374.29	440.00	523.25	580.58
23.47	146.83	261.63	374.29	434.95	523.25	580.58
23.48	146.83	261.63	374.29	434.95	523.25	580.58
23.49	146.83	261.63	369.99	429.95	523.25	587.33
23.50	146.83	261.63	369.99	429.95	523.25	587.33
23.51	145.15	264.67	374.29	434.95	523.25	580.58
23.52	145.15	264.67	374.29	434.95	523.25	580.58
23.53	146.83	261.63	369.99	383.04	434.95	517.24	587.33
23.54	146.83	261.63	369.99	383.04	434.95	517.24	587.33
23.55	145.15	261.63	365.74	387.49	434.95	517.24	587.33
23.56	145.15	261.63	365.74	387.49	434.95	517.24	587.33
23.57	146.83	261.63	293.66	361.54	392.00	434.95	517.24	580.58
23.58	146.83	261.63	293.66	392.00	434.95	517.24
23.59	148.54	261.63	293.66	387.49	434.95	523.25
23.60	148.54	261.63	293.66	387.49	434.95	523.25
23.61	150.26	264.67	297.08	392.00	440.00	523.25
23.62	264.67	297.08	392.00	440.00	523.25
23.63	98.00	249.81	264.67	297.08	387.49	440.00	523.25
23.64	98.00	249.81	264.67	297.08	387.49	440.00	523.25
23.65	96.87	246.94	261.63	297.08	392.00	440.00	517.24
23.66	96.87	246.94	297.08	392.00	440.00
23.67	96.87	246.94	293.66	392.00	440.00
23.68	96.87	246.94	293.66	392.00	440.00
23.69	96.87	246.94	293.66	387.49	434.95
23.70	96.87	246.94	293.66	387.49
23.71	98.00	249.81	290.29	387.49
23.72	98.00	249.81	290.29	387.49
23.73	96.87	249.81	290.29	383.04
23.74	96.87	249.81	290.29	383.04
23.75	96.87	249.81	293.66	387.49
23.76	96.87	249.81	293.66	387.49
23.77	96.87	246.94	293.66	387.49
23.78	96.87	246.94	293.66	387.49
23.79	98.00	246.94	290.29	383.04
23.80	98.00	246.94	290.29
23.81	96.87	246.94	293.66
23.82	96.87	246.94	293.66
23.83	96.87	246.94	293.66
23.84	96.87	246.94	293.66
23.85	99.14	246.94	290.29	387.49
23.86	99.14	246.94	290.29	387.49
23.87	98.00	249.81	293.66	387.49
23.88	98.00	249.81	293.66	387.49
23.89	98.00	244.11	290.29	383.04
23.90	98.00	244.11	290.29
23.91	98.00	249.81	297.08
23.92	98.00	249.81	297.08
23.93	96.87	191.52	246.94	290.29
23.94	96.87	191.52	246.94	290.29
23.95	98.00	193.75	246.94	293.66
23.96	98.00	193.75	246.94	293.66
23.97	96.87	193.75	252.71	290.29
23.98	96.87	193.75	252.71	290.29
23.99	96.87	196.00	244.11	297.08
24.00	96.87	196.00	244.11	297.08
24.01	96.87	193.75	244.11	297.08
24.02	96.87	193.75	244.11	297.08
24.03	98.00	198.28	246.94	290.29	387.49
24.04	98.00	198.28	246.94	290.29	387.49
24.05	95.76	196.00	244.11	293.66	387.49
24.06	95.76	196.00	244.11	293.66	387.49
24.07	98.00	196.00	246.94	290.29	387.49
24.08	98.00	196.00	246.94	290.29	387.49
24.09	98.00	196.00	246.94	290.29	387.49
24.10	98.00	246.94	290.29	387.49
24.11	96.87	241.30	290.29	392.00
24.12	96.87	241.30	290.29	392.00
24.13	99.14	193.75	246.94	290.29	392.00
24.14	99.14	193.75	246.94	290.29	392.00
24.15	96.87	193.75	246.94	297.08	392.00
24.16	96.87	193.75	246.94	297.08	392.00
24.17	96.87	193.75	241.30	293.66	392.00
24.18	96.87	241.30	293.66	392.00
24.19	98.00	244.11	293.66	387.49
24.20	98.00	244.11	293.66	387.49
24.21	98.00	241.30	293.66	392.00
24.22	98.00	241.30	293.66
24.23	98.00	241.30	293.66	392.00
24.24	98.00	241.30	293.66	392.00
24.25	96.87	241.30	290.29	392.00
24.26	96.87	241.30	290.29	392.00
24.27	98.00	244.11	293.66	387.49
24.28	98.00	244.11	293.66	387.49
24.29	96.87	246.94	290.29	387.49
24.30	96.87	246.94	290.29
24.31	96.87	246.94	297.08	383.04
24.32	96.87	246.94	297.08	383.04
24.33	96.87	244.11	293.66	387.49
24.34	96.87	244.11	293.66	387.49
24.35	96.87	246.94	293.66	392.00
24.36	96.87	246.94	293.66	392.00
24.37	96.87	246.94	293.66	392.00
24.38	96.87	246.94	293.66	392.00
24.39	99.14	244.11	297.08	387.49
24.40	99.14	244.11	297.08
24.41	95.76	244.11	293.66
24.42	95.76	244.11	293.66
24.43	96.87	246.94	290.29
24.44	96.87	246.94	290.29
24.45	98.00	241.30	293.66
24.46	98.00	241.30	293.66
24.47	98.00	246.94	290.29
24.48	98.00	246.94	290.29
24.49	98.00	246.94	293.66
24.50	98.00	246.94	293.66
24.51	96.87	246.94	293.66
24.52	96.87	246.94	293.66
24.53	96.87	249.81	297.08
24.54	96.87	249.81	297.08
24.55	98.00	246.94	293.66
24.56	98.00	246.94	293.66
24.57	98.00	249.81	297.08
24.58	98.00	249.81	297.08
24.59	98.00	246.94	290.29
24.60	98.00	246.94	290.29
24.61	95.76	246.94	297.08
24.62	95.76	246.94	297.08
24.63	98.00	246.94	290.29
24.64	98.00	246.94	290.29
24.65	96.87	246.94	297.08
24.66	96.87	246.94	297.08
24.67	96.87	244.11	293.66
24.68	96.87	244.11	293.66
24.69	96.87	246.94	297.08
24.70	96.87	246.94	297.08
24.71	96.87	241.30	297.08	383.04
24.72	96.87	241.30	297.08	383.04
24.73	98.00	246.94	293.66	387.49
24.74	98.00	246.94	293.66	387.49
24.75	98.00	244.11	293.66	387.49
24.76	98.00	244.11	293.66	387.49
24.77	99.14	246.94	293.66	392.00
24.78	99.14	246.94	293.66	392.00
24.79	98.00	244.11	293.66	392.00
24.80	98.00	244.11	293.66	392.00
24.81	99.14	246.94	290.29	383.04
24.82	99.14	246.94	290.29	383.04
24.83	96.87	252.71	297.08	392.00
24.84	96.87	252.71	297.08	392.00
24.85	98.00	252.71	293.66	392.00
24.86	98.00	252.71	293.66	392.00
24.87	95.76	246.94	297.08	392.00
24.88	95.76	246.94	297.08	392.00
24.89	100.29	244.11	293.66	383.04
24.90	100.29	244.11	293.66	383.04
24.91	96.87	246.94	290.29	392.00
24.92	96.87	246.94	290.29	392.00
24.93	99.14	246.94	293.66	396.55
24.94	99.14	246.94	293.66	396.55
24.95	98.00	246.94	293.66	392.00
24.96	98.00	246.94	293.66	392.00
24.97	99.14	241.30	293.66	392.00
24.98	99.14	241.30	293.66	392.00
24.99	96.87	246.94	293.66	387.49
25.00	96.87	246.94	293.66	387.49
25.01	98.00	246.94	293.66	387.49
25.02	98.00	246.94	293.66	387.49
25.03	98.00	246.94	297.08	392.00
25.04	98.00	246.94	297.08	392.00
25.05	100.29	249.81	293.66	392.00
25.06	100.29	249.81	293.66	392.00
25.07	99.14	246.94	293.66	387.49
25.08	99.14	246.94	293.66	387.49
25.09	99.14	252.71	297.08	392.00
25.10	99.14	252.71	297.08	392.00
25.11	100.29	249.81	293.66	396.55
25.12	100.29	249.81	293.66	396.55
25.13	99.14	246.94	297.08	387.49
25.14	99.14	246.94	297.08	387.49
25.15	98.00	244.11	297.08	387.49
25.16	244.11	297.08	387.49
25.17	244.11	293.66	387.49
25.18	244.11	293.66	387.49
25.19	244.11	293.66	383.04
25.20	244.11	293.66	383.04
25.21	246.94	293.66	392.00
25.22	246.94	293.66
25.23	249.81	297.08
25.24	249.81	297.08
25.25	252.71	297.08
25.26	252.71	297.08
25.27	252.71	293.66
25.28	293.66
25.29	297.08
25.30	297.08
25.31	297.08
25.32
25.33
25.34
25.35
25.36
25.37
25.38
25.39
25.40
25.41
25.42
25.43
25.44
25.45
25.46
25.47
25.48
25.49
25.50
25.51
25.52
25.53
25.54
25.55
25.56
25.57
25.58
25.59
25.60
25.61
25.62
25.63
25.64
25.65
25.66
25.67
25.68
25.69
25.70
25.71
25.72
25.73
25.74
25.75
25.76
25.77
25.78
25.79
25.80
25.81
25.82
25.83
25.84
25.85
25.86
25.87
25.88
25.89
25.90
25.91
25.92
25.93
25.94
25.95
25.96
25.97
25.98
25.99
26.00
26.01
26.02
26.03
26.04
26.05
26.06
26.07
26.08
26.09
26.10
26.11
26.12
26.13
26.14
26.15
26.16
26.17
26.18
26.19
26.20
26.21
26.22
26.23
26.24
26.25
26.26
26.27
26.28
26.29
26.30
26.31
26.32
26.33
26.34
26.35
26.36
26.37
26.38
26.39
26.40
26.41
26.42
26.43
26.44
26.45
26.46
26.47
26.48
26.49
26.50
26.51
26.52
26.53
26.54
26.55
26.56
26.57
26.58
26.59
26.60
26.61
26.62
26.63
26.64
26.65
26.66
26.67
26.68
26.69
26.70
26.71
26.72
26.73
26.74
26.75
26.76
26.77
26.78
26.79
26.80
26.81
26.82
26.83
26.84
26.85
26.86
26.87
26.88
26.89
26.90
26.91
26.92
26.93
26.94
26.95
26.96
26.97
26.98
26.99
27.00
27.01
27.02
27.03
27.04
27.05
27.06
27.07
27.08
27.09
27.10
27.11
27.12
27.13
27.14
27.15
27.16
27.17
27.18
27.19
27.20
