0.023
0.033
0.043
0.053
0.063
0.073
0.083
0.093
0.103
0.113
0.123
0.133
0.143
0.153
0.163
0.173
0.183
0.193
0.203
0.213
0.223
0.233
0.243
0.253
0.263
0.273
0.283
0.293
0.303
0.313
0.323
0.333
0.343
0.353
0.363
0.373
0.383
0.393
0.403
0.413
0.423
0.433
0.443
0.453
0.463
0.473
0.483
0.493
0.503
0.513
0.523
0.533
0.543
0.553
0.563
0.573
0.583
0.593
0.603
0.613
0.623
0.633
0.643
0.653
0.663
0.673
0.683
0.693
0.703
0.713
0.723
0.733
0.743
0.753
0.763
0.773
0.783
0.793
0.803
0.813
0.823
0.833
0.843
0.853
0.863
0.873	221.812
0.883	221.697
0.893	221.620
0.903	221.556
0.913	222.556
0.923	222.556
0.933	222.518
0.943	220.000
0.953	220.000
0.963	220.000
0.973	220.968
0.983	220.917
0.993	220.840
1.003
1.013
1.023
1.033
1.043
1.053
1.063
1.073
1.083
1.093
1.103
1.113
1.123	220.879
1.133	221.045
1.143	221.172
1.153	221.274
1.163	220.000
1.173	220.000	445.113
1.183	220.764	445.113
1.193	222.556	440.000
1.203	222.556	440.000
1.213	222.556	441.579
1.223	222.556	441.681
1.233	222.068	434.946
1.243	222.286
1.253	222.120
1.263	222.235
1.273	222.325
1.283	222.364
1.293
1.303
1.313
1.323
1.333
1.343
1.353
1.363
1.373
1.383
1.393
1.403
1.413
1.423
1.433
1.443
1.453
1.463
1.473
1.483
1.493
1.503
1.513
1.523
1.533
1.543
1.553
1.563
1.573
1.583	263.476
1.593	263.598
1.603	263.689
1.613	263.780
1.623	263.065	440.661
1.633	262.913	445.113
1.643	263.035	440.000
1.653	264.666	440.280
1.663	264.666	440.000
1.673	264.666	435.047
1.683	264.666	438.326
1.693	264.666	440.000
1.703	264.666	445.113
1.713	264.666
1.723	264.559
1.733	264.620
1.743	264.666
1.753
1.763
1.773
1.783
1.793
1.803
1.813
1.823
1.833
1.843
1.853
1.863
1.873
1.883
1.893
1.903
1.913
1.923
1.933
1.943
1.953
1.963
1.973
1.983
1.993
2.003	166.989
2.013	167.028
2.023	167.047
2.033	167.057
2.043	164.814	264.666
2.053	167.801	264.085
2.063	168.666	264.666
2.073	166.729	263.293
2.083	168.666	264.666
2.093	166.729	261.233
2.103	166.729	264.666
2.113	166.729	261.656
2.123	167.153
2.133	167.163
2.143	167.182
2.153	167.095
2.163
2.173
2.183
2.193
2.203
2.213
2.223
2.233
2.243
2.253
2.263
2.273
2.283
2.293
2.303
2.313
2.323
2.333
2.343
2.353
2.363	164.814
2.373	166.941
2.383	168.666
2.393	166.912
2.403	166.912
2.413	166.902
2.423	166.902
2.433	166.902
2.443	166.902
2.453	166.729
2.463	166.729
2.473	166.835
2.483
2.493
2.503
2.513
2.523
2.533
2.543
2.553
2.563
2.573
2.583
2.593
2.603
2.613
2.623
2.633
2.643
2.653
2.663
2.673
2.683
2.693
2.703
2.713
2.723
2.733
2.743
2.753
2.763
2.773
2.783
2.793
2.803
2.813
2.823
2.833
2.843
2.853
2.863
2.873
2.883
2.893
2.903
2.913
2.923
2.933
2.943
2.953
2.963
2.973
2.983
2.993
3.003
3.013
3.023
3.033
3.043
3.053
3.063
3.073
3.083
3.093
3.103
3.113
3.123
3.133
3.143	175.251
3.153	176.643
3.163	174.614
3.173	174.453
3.183	175.443
3.193	175.545
3.203	175.656
3.213	174.614
3.223	174.614	348.241
3.233	176.643	349.228
3.243	176.643	349.228
3.253	176.643	349.551
3.263	176.643	349.228
3.273	176.643	350.988
3.283	176.643	349.289
3.293	176.643
3.303	176.643
3.313	174.614
3.323	176.235
3.333	176.195
3.343	176.134
3.353	176.083
3.363	176.042
3.373
3.383
3.393	335.234
3.403	335.389
3.413	335.525
3.423	335.506
3.433	337.332
3.443	333.458
3.453	335.273
3.463	335.254
3.473	335.234
3.483
3.493
3.503
3.513
3.523
3.533
3.543
3.553
3.563
3.573
3.583
3.593
3.603
3.613
3.623
3.633
3.643
3.653
3.663
3.673
3.683
3.693	264.070
3.703	263.978
3.713	263.933
3.723	266.660
3.733	264.406
3.743	263.461
3.753	258.621
3.763	264.727
3.773	263.232
3.783	263.187
3.793	263.096
3.803	262.974
3.813
3.823
3.833
3.843
3.853
3.863
3.873
3.883
3.893	125.368
3.903	125.448
3.913	125.520
3.923	124.978
3.933	125.680
3.943	125.774
3.953	126.357
3.963	126.357
3.973	125.992
3.983
3.993
4.003
4.013
4.023
4.033
4.043
4.053
4.063
4.073
4.083
4.093
4.103
4.113
4.123
4.133
4.143
4.153
4.163
4.173
4.183
4.193
4.203
4.213
4.223
4.233
4.243
4.253
4.263
4.273
4.283
4.293
4.303
4.313
4.323
4.333
4.343
4.353
4.363
4.373
4.383
4.393
4.403
4.413
4.423
4.433
4.443
4.453
4.463
4.473	110.644
4.483	110.746
4.493	110.855
4.503	110.964
4.513	111.278
4.523	110.458	220.000
4.533	110.000	221.274
4.543	110.000	222.556
4.553	110.529	225.142
4.563	112.571	222.556
4.573	112.571	221.748
4.583	112.571	221.428
4.593	112.571	221.979
4.603	112.571	221.645
4.613	111.278	225.142
4.623	111.278	225.142
4.633	108.737	220.560	445.113
4.643	110.000	222.556	440.534
4.653	109.943	222.556	439.924
4.663	110.000	222.556	439.340
4.673	110.000	225.142	438.807
4.683	110.000	221.032	433.116
4.693	111.278	221.620	438.123
4.703	111.278	220.000	436.910
4.713	111.278	225.142	437.693
4.723	111.278	225.142	440.000
4.733	112.571	222.338	438.858
4.743	111.478	225.142	438.402
4.753	111.278	225.142	437.946
4.763	111.278	219.886	437.668
4.773	110.000	222.556	437.011
4.783	110.000	222.556
4.793	110.000	222.556
4.803	110.000	222.556
4.813	110.000	222.312
4.823	110.000	222.556
4.833	110.000	222.556
4.843	111.278	220.000
4.853	111.278	225.142
4.863	112.571	222.556
4.873	112.571	220.000
4.883	112.571	220.000
4.893	112.558	220.000
4.903	112.156	220.000
4.913	110.778	225.142
4.923	109.702	222.556
4.933	110.000	219.239
4.943	110.000	222.556
4.953	110.000	222.556
4.963	110.000	222.556
4.973	112.078	220.764
4.983	112.571	221.134
4.993	111.278	225.142
5.003	111.278	220.000
5.013	111.278	225.142
5.023	111.278	225.142
5.033	111.278	220.000
5.043	111.278	220.000
5.053	111.278	220.000
5.063	110.000	222.556
5.073	110.000	219.049
5.083	110.000	225.142
5.093	110.000	222.556
5.103	111.278	220.000
5.113	111.278	220.000
5.123	111.278	220.000
5.133	111.278	220.802
5.143	111.278	220.000
5.153	111.278	220.000
5.163	110.778
5.173	110.000
5.183	110.906
5.193	110.893
5.203	110.848
5.213
5.223
5.233
5.243
5.253
5.263
5.273
5.283
5.293
5.303
5.313
5.323
5.333
5.343
5.353
5.363
5.373
5.383
5.393
5.403
5.413
5.423
5.433
5.443
5.453
5.463
5.473
5.483
5.493
5.503
5.513
5.523
5.533
5.543
5.553
5.563
5.573
5.583
5.593
5.603
5.613
5.623
5.633
5.643
5.653
5.663
5.673
5.683
5.693
5.703
5.713
5.723
5.733
5.743
5.753
5.763
5.773
5.783
5.793
5.803
5.813
5.823
5.833
5.843
5.853
5.863
5.873
5.883
5.893	83.379
5.903	83.379
5.913	83.364
5.923	83.432
5.933	83.364
5.943	83.364
5.953	83.364
5.963	83.364
5.973	83.364
5.983	83.364
5.993	83.336
6.003	83.364	332.131
6.013	83.364	330.963
6.023	83.249	331.212
6.033	83.162	330.963
6.043	83.364	330.447
6.053	83.364	329.628
6.063	83.196	330.180
6.073	83.244	330.066
6.083	83.364	329.628
6.093	83.364	329.990
6.103	83.364	329.628	210.065
6.113	83.364	329.628	209.459
6.123	83.364	329.628	210.065
6.133	83.364	329.628	207.652
6.143	83.364	330.734	209.459
6.153	83.364	330.829	210.065
6.163	83.364	329.628	661.467
6.173	83.935	333.458	660.704
6.183	83.364	330.619	669.076
6.193	83.364	337.332	651.683
6.203	83.872	333.458	656.595
6.213	83.697	330.256	655.420
6.223	83.364	325.841	654.437
6.233	83.364	325.841	653.908
6.243	83.177	329.285	649.616
6.253	83.446	651.683	329.076
6.263	83.364	651.683	328.867
6.273	83.364	646.024	325.841
6.283	83.364	651.683	330.199
6.293	83.364	325.841	658.114
6.303	83.466	331.040	654.815
6.313	83.364	329.628	659.407
6.323	83.326	329.628	668.921
6.333	83.775	332.823	667.455
6.343	83.364	325.841	666.107
6.353	83.364	329.628	674.664
6.363	82.832	332.016
6.373	83.326	330.123
6.383	83.326	330.333
6.393	83.326	330.581
6.403	83.331	330.715
6.413	83.331	330.848
6.423	83.364	331.097
6.433	83.364	330.485
6.443	83.364	329.628
6.453	83.364	329.628
6.463	83.364	337.332
6.473	83.364	331.116
6.483	83.364	331.001
6.493	83.364	329.628
6.503	83.364	329.628
6.513	83.364	330.791
6.523	82.502	417.373
6.533	83.364	414.442
6.543	83.364	414.634
6.553	83.364	414.753
6.563	83.364	415.305
6.573	83.364	420.130
6.583	83.364	420.130
6.593	83.364	425.012
6.603	83.364	425.159	337.332
6.613	83.364	425.012	334.615
6.623	83.364	425.012	334.403
6.633	83.364	420.130	335.699
6.643	83.364	420.130	333.747
6.653	83.364	422.125	331.690
6.663	83.364	415.305	166.238
6.673	83.364	420.592	166.296
6.683	83.364	165.951	420.713
6.693	82.407	166.729	420.276
6.703	83.364	165.893
6.713	166.431	83.364
6.723	166.527	83.364
6.733	166.729	83.234
6.743	166.729	248.085
6.753	166.729	93.217	247.971
6.763	166.729	93.325	246.942
6.773	166.729	91.436	420.932
6.783	166.729	92.408	415.305
6.793	166.575	93.104	421.516
6.803	166.729	93.573	425.012
6.813	166.729	93.828	422.125
6.823	166.729	94.661	422.491
6.833	166.729	94.661	423.468
6.843	166.729	94.661	424.521
6.853	93.698	166.729	423.053
6.863	93.573	165.472	423.175
6.873	92.499	166.575
6.883	93.573	166.729
6.893	93.573	166.729
6.903	93.573	166.729
6.913	93.573	166.729
6.923	93.573	166.623
6.933	93.573	166.681
6.943	93.573	166.661
6.953	93.320	166.652
6.963	93.573	166.613
6.973	94.001	166.556
6.983	93.768	166.507
6.993	93.314	166.479
7.003	93.573	166.729
7.013	93.573	166.450
7.023	93.573	166.729
7.033	93.573	166.729
7.043	93.573	165.329
7.053	93.126	165.759
7.063	93.088	166.729
7.073	93.573	166.729
7.083	93.573	166.729
7.093	93.568	166.729
7.103	93.411	166.729
7.113	93.573	166.729
7.123	93.573	166.729
7.133	93.352	166.729
7.143	93.573	166.729
7.153	93.573	166.729
7.163	93.573	99.138
7.173	93.336	99.138
7.183	93.573	99.138	498.066
7.193	92.986	99.138	499.622
7.203	92.809	499.103	99.138
7.213	93.573	499.160	220.267
7.223	92.499	220.407	499.218
7.233	93.573	220.000	499.276
7.243	93.573	220.840	499.333
7.253	93.573	222.556	499.709
7.263	92.916	217.473	497.951
7.273	93.573	217.473	500.893
7.283	93.573	222.556	651.683
7.293	93.573	222.556	657.506
7.303	93.573	222.556	659.217
7.313	93.573	222.466	660.475
7.323	93.573	225.142	661.620
7.333	93.573	225.142	662.423
7.343	93.573	225.142	662.691
7.353	93.573	225.142	672.097
7.363	92.499	222.556	674.664
7.373	93.519	220.000	661.353
7.383	93.573	222.338	659.255
7.393	92.670	217.473	654.172
7.403	93.573	225.142	651.683
7.413	93.573	225.142	660.933	325.841
7.423	93.169	220.000	656.557	333.458
7.433	93.573	220.000	658.418	325.841
7.443	93.573	222.132	330.696	651.683
7.453	93.573	222.030	337.332	664.493
7.463	93.573	220.191	337.332	677.594
7.473	93.925	221.364	337.332	667.725
7.483	93.573	220.636	334.248
7.493	92.499	337.332	218.897
7.503	93.573	334.075	225.142
7.513	93.482	334.712	220.445
7.523	92.991	334.403	221.517
7.533	92.927	334.190	221.620
7.543	92.884	333.747	221.722
7.553	92.857	333.207	184.826
7.563	92.857	329.628	280.533
7.573	92.884	333.458	283.661
7.583	92.499	332.419	283.661
7.593	93.573	333.458	279.465	185.661
7.603	93.573	277.183	332.803	442.447
7.613	93.573	277.183	332.074	442.574
7.623	92.499	280.403	331.116	445.113
7.633	93.573	278.724	331.384	434.946
7.643	93.573	331.652	277.183	445.113
7.653	93.573	332.688	277.183	445.113
7.663	93.573	333.458	277.183	441.120
7.673	93.573	331.346	277.183	443.393
7.683	93.573	332.323	444.984	277.183
7.693	92.584	329.628	445.113	277.567
7.703	93.573	332.573	443.470	277.728
7.713	93.573	332.246	445.113	277.183
7.723	93.860	332.208	440.814	278.306
7.733	92.499	444.393	331.920	277.455
7.743	92.499	445.113	330.142	277.455
7.753	93.573	443.444	333.458	277.439
7.763	93.573	445.113	327.937	277.183
7.773	93.573	442.038	333.458	277.183
7.783	92.499	444.933	332.170	277.487
7.793	92.499	331.250	443.316	277.503
7.803	93.573	333.458	445.113	277.519
7.813	93.546	333.458	445.113	277.551
7.823	93.573	331.805	445.113
7.833	93.190	333.458	444.907
7.843	93.573	333.458	445.113
7.853	93.573	333.458	444.778
7.863	93.573	333.458	444.830
7.873	93.573	333.458
7.883	93.573	331.480
7.893	93.492	332.957
7.903	93.379
7.913	93.223
7.923	92.927
7.933	92.579
7.943	92.211
7.953	91.987	184.997
7.963	91.929	184.997
7.973	91.950	184.997
7.983	91.436	184.997
7.993	91.436	104.742
8.003	92.338	104.730	184.997
8.013	90.386	104.766	195.658
8.023	92.499	104.790	184.997
8.033	92.814	105.033	371.687
8.043	94.661	105.033	209.920
8.053	105.033	94.661	209.883
8.063	103.826	92.499	210.065
8.073	103.826	93.573	210.065
8.083	105.033	93.573	209.774
8.093	105.033	93.536	209.726
8.103	106.253	93.617	210.065
8.113	105.033	93.709	209.605
8.123	103.826	93.573	208.566
8.133	105.033	93.573	371.837
8.143	105.033	93.790	371.751
8.153	105.033	93.860	111.278
8.163	105.033	111.278
8.173	105.033	111.278
8.183	105.033	111.278
8.193	105.033	111.278
8.203	105.033	111.278
8.213	105.033	111.278
8.223	105.033	111.278
8.233	105.033	111.278
8.243	105.033	111.278
8.253	105.033	111.278
8.263	105.033	111.278
8.273	105.033	111.278
8.283	105.033	111.278
8.293	105.355	111.278
8.303	105.033	111.278
8.313	105.033	100.289
8.323	105.033	99.505
8.333	105.033	208.566	99.579
8.343	105.033	209.496	1328.372
8.353	105.033	208.783	249.091
8.363	103.826	208.470	249.177
8.373	105.033	249.234	207.652
8.383	105.033	246.942	1318.510
8.393	106.247	249.811	1313.190
8.403	105.033	249.811	1319.882
8.413	105.033	249.811	1314.024
8.423	105.033	249.811	1321.179
8.433	105.033	249.811	1322.018
8.443	105.971	249.811	1322.629
8.453	105.367	249.811	1309.554
8.463	106.838	249.811	1355.814
8.473	249.811	105.033	212.506
8.483	249.811	105.033	209.036
8.493	249.811	104.518	208.795
8.503	249.811	105.033	207.245	667.224
8.513	247.713	105.033	208.518	666.915
8.523	249.811	103.826	205.267	666.838
8.533	249.811	103.826	208.506	664.071
8.543	249.811	104.730	204.557	666.222
8.553	249.811	106.253	210.941	665.568
8.563	246.942	104.905	208.650	665.030
8.573	249.148	104.627	666.915	207.652
8.583	246.942	105.033	662.615	208.831
8.593	250.649	105.033	654.550	208.349
8.603	249.854	102.634	674.664	210.977
8.613	249.811	102.634	674.664	333.150
8.623	250.693	105.033	662.998	333.458
8.633	249.811	106.253	652.097	333.458
8.643	249.811	106.253	652.700	333.901
8.653	250.418	102.634	334.422	662.270
8.663	246.942	105.033	333.458	668.033
8.673	246.942	104.597	337.332	662.270
8.683	252.714	105.033	333.458	1331.214
8.693	104.669	249.450	1333.831	207.652
8.703	104.736	249.393	1326.761	209.798
8.713	105.033	249.335	209.907	1310.840
8.723	102.634	249.768	207.652	1322.782
8.733	105.033	247.356	210.211	1318.510
8.743	105.033	249.811	212.506	1317.216
8.753	105.033	249.811	212.506	1322.477
8.763	105.033	249.811	210.429
8.773	105.033	250.028	212.506
8.783	106.253	248.817	207.652
8.793	106.106	247.899	333.458
8.803	105.708	249.811	331.920
8.813	105.033	246.942	331.575
8.823	105.033	249.047	336.515
8.833	105.033	248.717	329.628
8.843	106.253	249.753	329.628
8.853	105.033	249.811	331.078
8.863	105.033	249.091	328.108
8.873	104.187	250.736	331.135
8.883	105.033	247.113	331.193	166.767
8.893	249.811	105.033	329.628	100.185
8.903	250.881	329.628	105.033	100.226
8.913	246.942	331.882	105.033	100.289
8.923	248.717	333.458	105.033	100.289
8.933	249.306	333.458	105.020	100.289
8.943	249.177	333.458	105.014	100.289
8.953	248.860	105.045	333.458	100.289
8.963	249.739	105.336	330.409	100.289
8.973	105.033	249.941	332.477	100.289
8.983	105.148	251.258	332.650	100.289
8.993	105.033	249.811	332.842	662.079
9.003	104.482	249.811	665.645	498.670
9.013	105.033	250.577	498.670	205.267
9.023	105.233	252.714	498.670	207.952
9.033	105.033	249.811	493.598	205.267
9.043	106.253	499.622	250.939	665.338
9.053	105.033	499.016	252.728	670.004
9.063	104.869	499.622	250.867	333.458
9.073	105.033	499.622	333.458	250.722
9.083	105.033	500.431	332.880	665.415
9.093	105.033	499.622	332.727	666.492
9.103	105.033	502.081	333.458	666.800
9.113	103.826	499.997	249.811	329.628
9.123	106.253	249.926	671.360	499.622
9.133	106.253	249.811	666.838
9.143	105.033	249.393	666.761
9.153	105.033	249.811	666.915	331.537
9.163	105.033	249.811	331.307	666.915
9.173	105.033	249.840	333.458	665.838
9.183	105.033	329.628	249.811	667.802
9.193	105.033	329.628	250.042	664.723
9.203	103.826	330.428	249.811	659.255
9.213	105.033	329.628	250.071	666.915
9.223	105.033	329.628	249.811	110.688
9.233	106.253	333.458	110.083	250.259
9.243	106.253	329.628	110.401	250.374
9.253	106.253	329.628	110.925	527.652
9.263	329.628	105.033	111.278	527.408
9.273	329.513	103.826	111.278
9.283	325.841	111.278	105.087
9.293	325.841	111.278	105.033
9.303	111.015	333.458	105.033
9.313	111.278	330.161	104.905
9.323	111.278	330.390	104.833
9.333	110.893	329.628	106.253
9.343	111.278	329.628	103.826
9.353	329.628	111.278	103.826
9.363	336.904	110.000	523.523
9.373	331.633	110.000	517.241
9.383	332.727	110.000	523.251
9.393	333.458	527.743	110.000
9.403	329.628	526.100	220.000
9.413	331.729	220.000	526.830
9.423	331.575	219.556	527.469
9.433	220.000	331.901	533.506
9.443	220.000	331.154	526.161
9.453	222.556	330.887	535.327
9.463	222.621	329.628	528.292
9.473	222.556	331.556	525.189
9.483	221.479	331.652	527.500
9.493	331.786	222.556	524.704
9.503	333.458	220.000	527.012
9.513	329.628	222.556	110.006
9.523	333.458	110.000	258.621
9.533	110.000	261.626	333.188
9.543	110.000	261.626	332.650
9.553	110.000	265.033	332.688
9.563	110.000	266.429	332.784
9.573	110.000	264.452	332.823
9.583	110.000	263.339	332.842
9.593	110.000	264.666	332.861
9.603	110.363	264.406	333.766
9.613	110.000	264.666	333.650
9.623	111.278	264.757	332.784
9.633	111.111	263.521	332.688
9.643	111.278	261.595	332.055
9.653	111.278	261.626	332.534
9.663	111.278	259.938	331.212
9.673	110.000	261.626	332.438
9.683	110.000	262.579	332.419
9.693	110.000	264.116	332.419
9.703	110.000	261.626	332.400
9.713	110.000	261.626	332.419
9.723	110.000	260.059	333.458
9.733	110.000	261.626	332.323
9.743	110.000	262.246	333.458
9.753	111.278	264.666	331.193
9.763	111.594	262.382	331.997
9.773	111.278	264.666	331.748
9.783	111.278	261.626	331.556
9.793	111.278	261.626	331.365
9.803	111.278	261.626	331.173
9.813	111.278	329.628	261.626
9.823	111.278	330.944	261.883
9.833	333.458	111.060	261.701
9.843	329.628	111.015	261.474
9.853	329.628	110.919	261.233
9.863	329.628	110.810	261.097
9.873	333.111	110.000	260.977
9.883	329.628	111.278	258.621
9.893	331.326	110.000	261.626
9.903	329.628	261.218	110.484
9.913	333.458	261.323	110.433
9.923	332.323	261.626	111.278
9.933	334.963	261.626	110.350
9.943	335.234	261.626	110.000
9.953	261.444	332.707	110.000
9.963	261.626	333.458	110.216
9.973	262.610	333.458	110.000
9.983	261.626	330.619	110.127
9.993	261.626	333.458	110.000
10.003	261.626	331.824	110.083
10.013	261.626	331.595	166.681
10.023	263.278	330.581	166.729
10.033	261.626	166.729	331.959
10.043	261.610	166.729
10.053	260.389	166.729
10.063	261.626	166.729
10.073	166.729	261.626
10.083	166.729	261.626
10.093	166.729	262.701
10.103	166.729	264.666
10.113	166.729	264.666
10.123	166.729	263.035
10.133	166.729	263.096
10.143	166.729	267.741
10.153	166.729	261.626
10.163	165.157	261.626
10.173	166.729	262.670
10.183	166.729	262.276
10.193	166.729	258.621
10.203	166.729	261.580
10.213	166.729	261.384
10.223	166.922	261.248
10.233	166.729	266.568
10.243	166.729	258.621
10.253	166.729	260.690
10.263	166.729	261.626
10.273	166.729	255.650
10.283	166.700
10.293	167.240
10.303	166.825
10.313	166.825
10.323	166.825
10.333	166.893
10.343	167.047
10.353	167.211
10.363	87.585	166.729
10.373	87.615	83.110
10.383	87.630	83.364
10.393	88.322	83.100
10.403	88.322	83.364
10.413	87.752	82.407
10.423	88.322	83.090
10.433	88.322	83.100
10.443	88.322	83.364
10.453	87.879	82.707
10.463	87.307	83.364
10.473	87.307	83.153
10.483	87.307	350.623	83.364
10.493	88.322	352.878	83.191
10.503	88.322	356.566	167.327
10.513	88.322	349.693	167.279
10.523	88.322	349.228	167.221
10.533	88.792	352.491	168.666
10.543	87.924	352.410	166.729
10.553	88.322	352.165	167.124
10.563	88.322	357.391	173.829
10.573	88.322	351.454	172.609
10.583	88.322	346.976	172.609
10.593	88.322	357.391	174.413
10.603	88.322	350.765	174.826
10.613	87.307	351.576	175.038
10.623	87.307	350.684	176.154
10.633	87.307	346.716	175.900
10.643	87.307	344.818	176.643
10.653	87.307	346.375	175.585
10.663	88.062	349.228	176.643
10.673	88.322	352.308	174.614
10.683	88.322	357.391	174.776
10.693	88.322	357.391	175.453
10.703	88.322	357.391
10.713	88.322	354.206
10.723	88.322	174.614
10.733	88.322	174.614
10.743	87.691	174.554
10.753	87.307	176.643
10.763	87.307	176.643
10.773	87.307	175.504
10.783	87.307	176.123
10.793	175.940	87.307
10.803	175.565	87.307
10.813	176.643	87.307
10.823	175.788	87.307
10.833	175.605	87.307
10.843	175.251	88.322
10.853	176.643	87.494
10.863	176.643	87.539
10.873	176.643	87.595
10.883	175.646	87.656
10.893	175.768	87.717
10.903	175.849	86.935
10.913	175.768	87.307
10.923	176.643	87.615
10.933	174.644	88.322
10.943	174.665	88.322
10.953	175.200	88.322	354.799
10.963	174.614	88.322	357.391
10.973	178.696	88.118	349.228
10.983	174.614	88.322	357.391
10.993	173.839	88.322	110.778
11.003	176.643	110.000	88.235
11.013	175.484	110.000	354.758
11.023	111.182	177.133	354.595
11.033	111.278	176.643	354.431
11.043	111.278	176.643	354.246
11.053	111.278	356.093	176.225
11.063	111.278	352.104	176.276
11.073	111.278	353.286	176.286
11.083	111.278	353.286	526.617
11.093	111.278	353.286	526.130
11.103	111.278	353.449	447.950
11.113	111.278	353.429	445.601
11.123	111.278	353.388	443.112
11.133	111.278	353.286
11.143	111.278	434.946
11.153	111.278	263.324
11.163	111.278	263.400
11.173	111.278	263.308
11.183	111.278	264.666
11.193	111.278	131.373
11.203	127.825	111.278
11.213	132.333	262.701	111.278
11.223	132.333	262.534	222.556
11.233	132.333	262.367	222.556
11.243	132.333	262.276	222.556
11.253	132.333	262.170	222.556
11.263	132.333	258.277	222.556
11.273	131.275	264.666	222.556
11.283	132.333	261.626	222.556
11.293	132.333	261.626	222.556
11.303	132.333	261.626	222.556
11.313	130.813	263.917	222.556
11.323	132.203	262.079	222.556
11.333	132.333	262.079	443.060
11.343	132.792	262.155	444.188
11.353	132.333	443.060	261.414
11.363	132.333	445.113
11.373	132.333	445.113
11.383	132.333	445.113
11.393	132.333	444.393
11.403	132.333	444.393
11.413	132.333	444.368
11.423	132.333	443.906
11.433	130.813	264.666
11.443	132.333	263.308
11.453	132.333	262.595
11.463	132.333	262.306
11.473	129.310	264.666
11.483	128.528	263.719
11.493	131.677	263.202
11.503	132.333	262.413
11.513	132.333	263.096
11.523	132.333	262.898
11.533	132.333	265.784
11.543	132.333	263.826
11.553	132.333	258.621
11.563	132.333	263.172
11.573	132.333	262.504
11.583	132.333	258.621
11.593	132.333	262.019
11.603	132.333	262.731	82.636
11.613	132.333	82.407	267.617
11.623	83.182	131.487	263.141
11.633	82.407	129.310	263.065
11.643	84.333	129.310	263.202
11.653	83.364	131.055	261.626
11.663	83.746	165.673	131.403
11.673	82.407	167.811	263.765
11.683	84.333	166.729	333.381
11.693	84.333	166.527	335.041
11.703	84.333	166.729	332.938
11.713	84.333	333.458	166.575
11.723	83.364	337.332	166.536
11.733	83.364	337.332	165.644
11.743	82.407	331.059	166.729
11.753	83.364	329.628	166.382
11.763	83.364	325.841	166.296
11.773	83.364	325.841	164.814
11.783	82.407	331.365	168.666
11.793	82.407	332.189	168.666
11.803	83.364	332.208	164.814
11.813	83.364	337.332	164.814
11.823	84.333	332.765	164.814
11.833	84.333	166.729	329.628
11.843	84.333	164.814	333.284
11.853	84.333	164.823	333.458
11.863	83.364	165.004	337.332
11.873	83.186	168.666	334.557
11.883	82.760	166.729	337.332
11.893	83.364	164.007	337.332
11.903	83.364	165.042	337.332
11.913	83.364	168.666	330.600
11.923	83.364	168.666	331.575
11.933	83.364	168.666	335.138
11.943	83.364	165.462	335.234
11.953	82.407	166.729	337.332
11.963	82.407	166.729	337.332
11.973	82.407	168.666	335.215
11.983	82.407	165.520	337.332
11.993	82.985	168.666	329.628
12.003	82.927	165.577
12.013	83.331	165.615
12.023	83.364	165.443
12.033	83.239	165.520
12.043	83.364	164.814
12.053	83.364	164.814
12.063	83.364	165.300
12.073	83.364	164.814
12.083	83.364	165.539
12.093	165.893	83.364
12.103	166.354	83.364
12.113	166.277	83.273
12.123	165.903	83.364
12.133	165.788	83.543
12.143	165.836	83.364
12.153	166.133	83.364
12.163	166.162	83.384
12.173	166.200	222.685
12.183	166.729	220.000
12.193	165.243	222.556
12.203	166.729	225.142
12.213	166.729	221.645
12.223	166.729	110.000
12.233	167.182	110.887
12.243	111.278	166.729	223.690
12.253	111.278	164.814	223.794
12.263	111.278	164.814	225.142
12.273	111.278	224.014	164.814
12.283	110.000	222.556	443.240
12.293	111.278	225.142	442.907
12.303	111.130	225.142	441.783
12.313	111.278	225.142	442.063
12.323	111.278	441.579	220.000
12.333	111.278	440.000	224.156
12.343	111.278	440.432	225.142
12.353	440.356	111.278	225.142
12.363	441.885	111.278	225.142
12.373	440.000	111.278	223.975
12.383	439.187	111.272	130.979
12.393	446.426	127.825	223.316
12.403	132.333	442.574	267.741
12.413	132.333	264.742	442.907
12.423	132.333	264.620	443.316
12.433	130.813	263.902	221.850
12.443	130.813	264.666	221.505
12.453	130.813	264.666	220.000
12.463	132.333	261.626	222.556
12.473	130.813	264.207	220.000
12.483	130.813	263.308	221.351
12.493	130.813	267.741	222.055
12.503	132.333	262.777
12.513	132.333	263.750
12.523	132.333	262.883
12.533	132.333	262.216
12.543	131.457	263.598
12.553	132.333	263.567
12.563	130.813	263.689	222.556
12.573	130.813	264.207	222.556
12.583	131.669	263.400	222.968
12.593	132.333	263.978	225.142
12.603	132.333	263.491	223.303
12.613	132.333	263.354	223.355
12.623	132.333	263.461	223.419
12.633	132.333	262.913	527.195
12.643	132.180	262.519	527.286
12.653	132.333	262.200	525.948
12.663	132.226	262.777	527.317
12.673	132.333	263.552	527.317
12.683	132.333	262.974	526.830
12.693	132.333	263.050	528.415
12.703	132.333	263.126	528.354
12.713	132.333	261.626	528.873
12.723	132.333	263.978	526.678
12.733	132.333	263.567	526.952
12.743	132.333	262.883	526.070
12.753	131.525	264.666	523.251
12.763	131.867	261.626	525.523
12.773	264.666	131.685	525.219
12.783	267.555	132.333	520.929
12.793	262.731	132.333	524.734
12.803	264.666	131.237	156.582
12.813	264.666	131.913	156.546
12.823	264.666	157.371	131.898
12.833	264.666	157.371	78.713
12.843	264.589	78.722	157.371
12.853	78.686	264.666	155.563
12.863	78.686	264.666	153.777
12.873	78.686	264.635	156.022
12.883	78.686	310.983
12.893	78.804	311.919
12.903	78.686	311.685
12.913	78.686	311.901
12.923	79.164	311.973
12.933	78.686	318.399
12.943	78.686	311.667
12.953	78.849	311.361
12.963	78.686	313.889
12.973	78.686	311.955
12.983	78.686	307.553
12.993	78.686	307.553
13.003	78.686	311.127
13.013	78.686	307.553
13.023	78.686	307.553
13.033	78.686	311.379
13.043	78.686	311.127
13.053	79.155	314.742
13.063	78.686	318.399
13.073	78.686	318.399
13.083	78.686	318.399
13.093	78.686	318.399
13.103	78.309	318.399
13.113	78.686	318.399
13.123	78.895	312.857
13.133	77.782	318.399
13.143	78.954	311.127
13.153	78.686	307.110	1245.946
13.163	78.686	305.888	1246.810
13.173	78.686	307.553	1224.400
13.183	78.686	308.372	1249.839
13.193	78.913	311.127	1253.381
13.203	78.686	318.399	1254.250
13.213	78.686	318.142	644.086
13.223	78.686	318.399	640.487
13.233	78.686	318.399	648.079
13.243	78.686	318.399	644.198
13.253	78.686	318.399	644.421
13.263	78.686	311.127	644.421
13.273	78.686	309.693	644.458
13.283	78.686	308.105	155.474
13.293	78.895	307.411	155.465
13.303	78.686	307.553	155.465
13.313	78.645	307.553	155.456
13.323	78.686	312.947	153.777
13.333	78.686	311.127	158.521
13.343	78.686	318.399	153.777
13.353	79.009	318.326	157.262
13.363	78.831	318.399	153.777
13.373	78.822	318.399	155.563
13.383	79.343	314.742	155.635
13.393	78.686	313.164	155.698
13.403	78.686	313.128	155.779
13.413	78.686	313.671	155.887
13.423	78.686	318.399	157.053
13.433	78.686	316.182	156.068
13.443	78.686	318.399	1254.033
13.453	78.686	318.399	530.678
13.463	78.686	318.399	530.617
13.473	78.686	316.437	530.709
13.483	78.686	318.399	529.331
13.493	78.822	311.973	531.107
13.503	79.018	311.487	532.121
13.513	78.663	313.092	532.367
13.523	78.686	313.382	531.752
13.533	78.549	318.399	532.028
13.543	78.686	311.037	523.251
13.553	78.686	533.290	318.399
13.563	78.854	535.482	314.742	1307.362
13.573	78.686	535.296	318.399	1305.551
13.583	78.686	532.705	316.291	1307.891
13.593	78.686	535.482	1304.044	318.399
13.603	78.686	535.482	1308.571
13.613	78.686	535.482	1310.765
13.623	78.686	535.482	1310.462
13.633	78.686	535.482	1307.287
13.643	77.782	535.482	1307.513
13.653	77.782	535.884	1307.362
13.663	78.686	535.482	1303.818
13.673	77.782	525.219	1307.136
13.683	77.782	533.660	74.833
13.693	78.686	533.598	74.269
13.703	78.686	535.482	74.916
13.713	78.613	533.598	75.132
13.723	527.957	76.005	74.989
13.733	536.782	77.998	75.132
13.743	535.482	78.056	75.132
13.753	534.091	78.128	373.128
13.763	535.482	78.201	373.840
13.773	78.282	249.811	373.926
13.783	249.811	78.165	374.142
13.793	78.413	249.955	373.667
13.803	78.686	249.811	377.049
13.813	78.686	249.811	374.791
13.823	78.626	249.811	375.073
13.833	78.686	251.128	375.224
13.843	78.686	250.042	374.294
13.853	78.300	374.294	250.085
13.863	78.595	74.286	377.093
13.873	78.604	74.269	375.745
13.883	78.686	74.269	375.788
13.893	78.142	74.269	222.274
13.903	74.480	78.686	222.556
13.913	74.540	221.211	78.686
13.923	74.587	222.556	374.294
13.933	75.132	222.556	375.485
13.943	75.132	222.556	375.333
13.953	75.132	222.556	375.138
13.963	74.269	222.120	374.294
13.973	74.269	222.094	440.000
13.983	74.269	220.000	442.063
13.993	75.132	222.556	442.370
14.003	74.269	440.000	222.158
14.013	74.269	443.009	222.209
14.023	75.132	443.060	222.556
14.033	450.285	74.510	222.556
14.043	442.242	74.471	222.556
14.053	440.661	74.269	222.017
14.063	445.113	74.424	221.927
14.073	444.316	74.269	221.838
14.083	441.706	222.556	74.372
14.093	441.706	221.658	78.223
14.103	443.137	221.556	79.384
14.113	440.229	221.466	78.686
14.123	437.946	220.483	82.760
14.133	438.655	217.825	82.884
14.143	434.946	222.556	83.364
14.153	434.946	222.556	82.884
14.163	434.946	222.556	84.333
14.173	434.946	83.177	222.556
14.183	438.655	82.407	221.966
14.193	438.655	83.186	222.030
14.203	83.364	440.000	222.094
14.213	82.407	440.203	222.556
14.223	83.364	441.247	222.081
14.233	83.364	441.222	222.556
14.243	83.364	447.071	222.556
14.253	83.364	446.065	221.287
14.263	83.364	444.778	220.828
14.273	83.364	442.498	220.407
14.283	83.364	440.941	220.000
14.293	83.364	434.946	219.962
14.303	83.364	438.756	219.936
14.313	83.364	439.441	216.108
14.323	84.333	439.949	220.254
14.333	83.364	440.559	220.636
14.343	83.364	434.946	220.955
14.353	83.364	440.000	217.473
14.363	83.364	440.000	221.684
14.373	83.364	440.356	222.556
14.383	82.407	225.142	442.523
14.393	83.509	225.142	440.967
14.403	83.364	225.142	441.043
14.413	83.364	222.081	448.882
14.423	83.364	222.556	440.789
14.433	84.095	220.000	441.936
14.443	83.519	221.287	439.467
14.453	84.333	434.946	221.121
14.463	83.364	219.290	439.467
14.473	84.333	215.497	439.365
14.483	83.364	221.070	440.000
14.493	83.364	221.326	434.143
14.503	83.172	220.000	439.365
14.513	82.407	222.184	440.000
14.523	82.947	222.556	440.000
14.533	81.460	225.142	439.670
14.543	83.364	225.142	439.746
14.553	82.407	225.142	439.771
14.563	83.364	223.303	448.131
14.573	83.364	225.142	439.543
14.583	83.770	220.000	439.187
14.593	82.407	225.142	440.000
14.603	83.259	225.142	434.946
14.613	83.364	225.142	434.946
14.623	83.114	216.470	440.025
14.633	82.961	220.000	434.946
14.643	83.364	221.786	438.427
14.653	83.364	220.000	442.217
14.663	82.469	220.000	443.060
14.673	83.364	222.209
14.683	82.540	222.466
14.693	83.364	222.556
14.703	83.364	222.801
14.713	83.215	225.142
14.723	81.852	225.142
14.733	83.364	225.142
14.743	82.407	223.277
14.753	82.870	225.142	438.427
14.763	83.364	222.556	434.946
14.773	220.000	83.364	434.946
14.783	220.000	83.364	440.992
14.793	220.000	81.460	441.196
14.803	217.310	83.364	439.695
14.813	220.000	83.364	445.113
14.823	221.697	81.460	440.000
14.833	220.000	81.460	450.285
14.843	225.142	440.559	83.364
14.853	223.032	442.958	82.664
14.863	225.142	445.113	83.364
14.873	222.904	445.113	82.645
14.883	225.142	444.933	82.459
14.893	221.223	442.319	82.669
14.903	442.038	225.142	332.707
14.913	441.732	223.329	332.938
14.923	434.946	222.556	330.696
14.933	440.000	222.556	333.323
14.943	440.000	332.227
14.953	441.273	332.938
14.963	442.498	334.036
14.973	442.881	334.306
14.983	445.113	337.332
14.993	445.113	249.350
15.003	444.060	249.623
15.013	450.285	248.430
15.023	442.523	252.714
15.033	446.787	249.984
15.043	444.753	250.056
15.053	444.573
15.063	440.000
15.073	444.060
15.083	443.803
15.093	443.444
15.103	442.958
15.113
15.123
15.133
15.143
15.153
15.163
15.173
15.183
15.193
15.203
15.213
15.223
15.233
15.243
15.253
15.263
15.273
15.283
15.293
15.303
15.313
15.323
15.333
15.343
15.353
15.363
15.373
15.383
15.393
15.403
15.413
15.423
15.433
15.443
15.453
15.463
15.473
15.483
15.493
15.503
15.513
15.523
15.533
15.543
15.553
15.563
15.573
15.583
15.593
15.603
15.613
15.623
15.633
15.643
15.653
15.663	70.008
15.673	69.786
15.683	70.036
15.693	70.052
15.703	70.101
15.713	70.101
15.723	70.024
15.733	70.012
15.743	70.101
15.753	70.101	401.158
15.763	70.101	401.158
15.773	70.365	401.158
15.783	69.915	397.009
15.793	69.605	396.550
15.803	69.188	391.995
15.813	69.814	395.292
15.823	69.979	391.995
15.833	69.661	391.995
15.843	69.220	391.995
15.853	70.101	394.084
15.863	70.028	391.995
15.873	70.101	394.631
15.883	69.810	394.973
15.893	69.818	395.270
15.903	69.661	401.158
15.913	69.408	401.158
15.923	393.470	69.818
15.933	396.550	70.101
15.943	391.995	70.101
15.953	394.380	70.000
15.963	394.061	70.044
15.973	393.720	70.105
15.983	390.278	70.186
15.993	391.995	66.935
16.003	389.040
16.013	395.087
16.023	396.550
16.033	392.993
16.043	393.106
16.053	393.197
16.063	393.356
16.073
16.083
16.093
16.103
16.113
16.123
16.133
16.143
16.153
16.163
16.173
16.183
16.193
16.203
16.213
16.223
16.233
16.243
16.253
16.263
16.273
16.283
16.293
16.303
16.313
16.323
16.333	69.084
16.343	69.076
16.353	68.500
16.363	70.101
16.373	69.072
16.383	445.113
16.393	445.113
16.403	445.113
16.413	445.113
16.423	73.888
16.433	73.918
16.443	73.948
16.453	73.982
16.463	73.871
16.473	73.756
16.483	391.181
16.493	391.204
16.503	391.249
16.513	391.995
16.523	391.430
16.533	391.565
16.543	390.233	222.556
16.553	390.323	222.556
16.563	391.294	222.814
16.573	391.837	222.582
16.583	391.860	222.556
16.593	392.199	222.556
16.603	393.402	222.556
16.613	394.357	222.556
16.623	395.064	222.556
16.633	396.550	222.453
16.643	396.550	222.556
16.653	393.084
16.663	392.494
16.673	391.814
16.683	391.159
16.693	390.594	74.269
16.703	387.493	74.269
16.713	387.314	74.269
16.723	390.572	74.269
16.733	390.053	74.269
16.743	74.269	387.493
16.753	74.269	387.493
16.763	74.269	391.565
16.773	74.269	391.995
16.783	74.269	393.425
16.793	74.269	396.550
16.803	74.269	394.335
16.813	74.261	396.550
16.823	74.265	396.550
16.833	74.269	396.550
16.843	74.269	396.459
16.853	74.166	396.550
16.863	74.269	395.498
16.873	74.269	396.550
16.883	74.377	396.253
16.893	74.518	374.553
16.903	74.269	148.161
16.913	75.132	148.084	375.159
16.923	74.124	148.119	374.294
16.933	75.132	148.538	375.897
16.943	75.132	147.794	376.223
16.953	75.132	148.059	377.594
16.963	75.132	148.273	222.891
16.973	75.132	222.556	147.999
16.983	75.132	222.556	377.093
16.993	75.132	222.312	378.643
17.003	75.132	222.312	380.023
17.013	75.132	222.556	379.168
17.023	73.807	222.286	374.294
17.033	74.269	220.000	375.051
17.043	73.803	222.891	376.766
17.053	75.132	222.698	375.376
17.063	73.935	223.007	375.051
17.073	75.132	222.556	369.930
17.083	75.132	222.556	374.553
17.093	75.132	222.248	374.358
17.103	75.132	221.812	293.631
17.113	73.824	222.312	293.410
17.123	75.132	222.364	294.157
17.133	75.132	293.173	221.722
17.143	73.897	290.292	222.505
17.153	74.269	290.292	222.608
17.163	73.578	293.343	222.556
17.173	74.269	293.665	222.917
17.183	75.132	293.665	223.161
17.193	74.394	293.767	591.825
17.203	74.021	293.665	594.738
17.213	74.269	295.895	149.295
17.223	75.019	295.229	149.020
17.233	75.132	294.957	148.977
17.243	75.132	294.974	148.934
17.253	75.132	293.665	148.538
17.263	74.269	293.546	150.264
17.273	74.269	293.665	150.264
17.283	75.132	293.122	145.852
17.293	75.132	290.292	148.504
17.303	72.573	292.716	148.444
17.313	73.961	290.292	148.384
17.323	75.197	290.292	148.350
17.333	75.132	293.665	148.290
17.343	73.416	296.357	148.239
17.353	74.269	147.734	374.294
17.363	74.708	147.615	373.602
17.373	75.132	148.538	373.257
17.383	73.965	374.402	150.264
17.393	75.132	374.272	147.564
17.403	75.132	374.553	147.871
17.413	74.574	377.071	147.802
17.423	74.269	375.029	147.257
17.433	73.416	374.294	147.640
17.443	74.269	375.181	294.803
17.453	74.269	294.838	374.294
17.463	74.269	293.665	374.294
17.473	74.269	293.665	375.506
17.483	75.132	294.974	147.751
17.493	74.269	293.665	147.990
17.503	74.269	295.690	150.264
17.513	74.269	295.451	146.892
17.523	75.132	295.008	148.538
17.533	73.974	300.529	146.832
17.543	75.132	293.665
17.553	75.132	295.298
17.563	74.269	293.919
17.573	74.269	295.298
17.583	74.816	294.803
17.593	74.622
17.603	74.630
17.613	74.630
17.623	74.618
17.633
17.643
17.653
17.663
17.673
17.683
17.693
17.703
17.713
17.723
17.733
17.743
17.753	221.633
17.763	221.045
17.773	222.556
17.783	221.313
17.793	221.645
17.803
17.813
17.823
17.833
17.843
17.853
17.863
17.873
17.883
17.893
17.903	124.869
17.913	124.905
17.923	124.905
17.933	124.862
17.943	124.905
17.953	124.905
17.963	124.905
17.973	124.495
17.983	124.905
17.993	124.905	445.113
18.003	124.905	450.285
18.013	124.898
18.023	124.905
18.033	124.905
18.043	124.905
18.053	125.187
18.063	124.905
18.073	124.905
18.083	124.905
18.093	124.905
18.103	124.905
18.113	124.905	668.844
18.123	125.115	669.231
18.133	124.905	669.501
18.143	124.905	669.695
18.153	124.905	667.995
18.163	124.905	666.915
18.173	123.606	670.314
18.183	125.064	670.779
18.193	125.035	671.903
18.203	124.905	671.942
18.213	124.905	672.330	198.275
18.223	124.905	671.283	193.746
18.233	124.545	670.120	195.466
18.243	124.905	670.430	195.998
18.253	124.905	671.399
18.263	124.905	672.447
18.273	124.905	337.332
18.283	124.754	337.332
18.293	124.905	337.332
18.303	124.905	335.525
18.313	126.043	337.332
18.323	124.920	336.923
18.333	124.905	336.904
18.343	124.913	296.477
18.353	124.394	296.511	350.461
18.363	125.419	297.077	349.228
18.373	124.445	297.077	353.286
18.383	124.200	293.665	349.228
18.393	124.905	297.077	350.623
18.403	297.077	124.215	349.228
18.413	297.077	126.357	349.228
18.423	296.597	124.963	116.541
18.433	297.077	124.416	117.895
18.443	297.077	125.789	117.603
18.453	297.077	124.963	117.895
18.463	296.460	124.934	117.895
18.473	297.403	124.913	117.895
18.483	297.386	125.586	117.895
18.493	298.229	123.492	117.895
18.503	296.888	126.357	117.895
18.513	297.077	123.471	444.393
18.523	297.077	125.288	441.298
18.533	297.077	123.985	445.215
18.543	297.077	124.905	448.778
18.553	297.077	450.285	124.905
18.563	450.285	297.077	124.819
18.573	450.285	297.077	124.905
18.583	450.285	297.077	124.732
18.593	450.753	297.352	124.905
18.603	449.739	124.704
18.613	450.285	124.330
18.623	450.285	117.895
18.633	450.285	117.895
18.643	450.285
18.653	450.337
18.663	450.337
18.673	118.045
18.683	124.445
18.693	124.437
18.703	124.459	397.422
18.713	124.905	397.399
18.723	123.471	396.550
18.733	353.286	400.117
18.743	352.817	396.825
18.753	350.339	396.550
18.763	352.064	396.550
18.773	353.633	397.422
18.783	350.663	397.399
18.793	353.286	397.123
18.803	357.391	397.559
18.813	357.391	397.651
18.823	353.286	399.308
18.833	354.185
18.843	354.349
18.853	354.595
18.863	354.799
18.873
18.883
18.893
18.903
18.913
18.923
18.933
18.943
18.953
18.963
18.973
18.983
18.993
19.003
19.013
19.023
19.033
19.043
19.053
19.063
19.073
19.083
19.093
19.103
19.113
19.123
19.133
19.143
19.153
19.163
19.173
19.183
19.193
19.203
19.213
19.223
19.233
19.243
19.253
19.263
19.273
19.283
19.293
19.303
19.313
19.323
19.333
19.343
19.353
19.363
19.373
19.383
19.393
19.403
19.413
19.423
19.433
19.443
19.453
19.463
19.473	132.165
19.483	132.149
19.493	132.142
19.503	132.333
19.513	132.333
19.523	132.333
19.533	132.333
19.543	131.586
19.553	131.100
19.563	132.333
19.573	132.333
19.583	132.333
19.593	132.333
19.603	132.043
19.613	132.111
19.623	132.119
19.633
19.643
19.653
19.663
19.673
19.683
19.693
19.703
19.713
19.723
19.733
19.743
19.753
19.763
19.773
19.783
19.793
19.803
19.813
19.823
19.833
19.843
19.853
19.863
19.873
19.883
19.893
19.903
19.913
19.923
19.933
19.943
19.953
19.963
19.973
19.983
19.993
20.003
20.013
20.023
20.033
20.043
20.053
20.063
20.073
20.083
20.093
20.103
20.113
20.123
20.133
20.143
20.153
20.163
20.173
20.183
20.193
20.203
20.213
20.223
20.233
20.243
20.253
20.263
20.273
20.283
20.293
20.303
20.313
20.323
20.333
20.343
20.353
20.363
20.373
20.383
20.393
20.403
20.413
20.423
20.433
20.443
20.453
20.463
20.473
20.483
20.493
20.503
20.513
20.523
20.533	249.667
20.543	249.681
20.553	249.696
20.563	249.710
20.573	249.811	105.033
20.583	249.811	105.033
20.593	249.091	105.033
20.603	249.811	103.826
20.613	249.811	105.033
20.623	249.811	104.591	341.429
20.633	249.811	103.826	341.252
20.643	250.100	104.536	341.252
20.653	249.811	104.506	343.745
20.663	248.631	104.476	341.252
20.673	249.811	105.033	341.706
20.683	249.811	104.422	341.883
20.693	249.609	105.033	341.666
20.703	249.811	103.826	341.646
20.713	248.731	103.826	333.458
20.723	249.004	104.657	334.654
20.733	248.229	104.373	337.839
20.743	247.570	103.826	335.312
20.753	247.914	334.461	104.391
20.763	251.012	327.994	104.434
20.773	249.091	334.693	340.504
20.783	249.105	341.252	334.944
20.793	248.803	341.114	338.503
20.803	249.811	341.252	335.254
20.813	249.119	111.555	335.389
20.823	249.278	112.571	335.506
20.833	249.912	111.278	335.409
20.843	248.616	111.278	335.796
20.853	248.444	111.278	338.660
20.863	248.200	111.413	335.971
20.873	248.128	111.342	333.458
20.883	244.105	111.272	333.458
20.893	111.278	249.119	335.738
20.903	111.278	246.942	337.332
20.913	111.009	337.332	349.148
20.923	341.252	110.861	99.138
20.933	349.228	111.742	99.287
20.943	350.825	111.278	99.355
20.953	353.286	108.737	99.447
20.963	353.286	99.138	110.274
20.973	358.673	99.695
20.983	353.286	100.289
20.993	349.228	99.925
21.003	349.228	100.018
21.013	350.825	100.104
21.023	349.228	100.168
21.033	349.228	100.289
21.043	349.228	100.289
21.053	349.228	100.289
21.063	349.430	100.255
21.073	351.475	100.289
21.083	349.006	249.753
21.093	351.556	249.811
21.103	349.814	249.753
21.113	348.221	249.739
21.123	345.217	249.811
21.133	345.217	249.811
21.143	345.217	249.898
21.153	349.228	249.811
21.163	351.190	249.609
21.173	347.980	249.105	333.458
21.183	343.149	249.523	333.073
21.193	348.241	249.465	333.188
21.203	249.407	348.463	329.628
21.213	249.811	348.845	333.458
21.223	248.702	333.535	353.102
21.233	249.811	329.628	350.866
21.243	249.321	337.332	101.455
21.253	249.191	337.332	101.455
21.263	249.811	337.332	101.995
21.273	248.100	333.458	103.826
21.283	248.889	332.996	102.137
21.293	249.306	332.688	100.289
21.303	249.811	329.628	660.704
21.313	250.374	329.628	660.742
21.323	249.306	329.628	660.742
21.333	250.114	663.419	331.422
21.343	246.942	660.437	99.201
21.353	249.811	659.255	99.321
21.363	249.811	659.255	300.546
21.373	249.335	661.238	300.546
21.383	248.803	659.979	300.529
21.393	248.860	300.529	659.712
21.403	249.811	300.564	659.865
21.413	249.811	300.529	659.217
21.423	249.465	300.529	659.027
21.433	249.249	300.529	658.798
21.443	249.811	300.772	659.255
21.453	248.731	300.529	654.739
21.463	249.811	300.529	659.255
21.473	248.889	299.853	658.570
21.483	249.378	301.799	110.637
21.493	249.912	300.529	110.765
21.503	248.961	300.529	110.861
21.513	249.811	299.628	112.571
21.523	249.811	110.000	299.368
21.533	249.523	110.000	299.091
21.543	247.013	111.278	298.850
21.553	244.105	111.278	297.077
21.563	246.942	111.278	297.077
21.573	111.278	249.811	297.077
21.583	110.000	249.811	296.323
21.593	111.962	249.811	300.529
21.603	111.278	251.519	300.529
21.613	111.278	248.544	300.529
21.623	110.887	249.696	299.420
21.633	111.278	252.714	299.593
21.643	111.124	250.736
21.653	110.957	248.774
21.663	110.957	246.942
21.673	110.912	252.714
21.683	110.893	250.186
21.693	110.836	250.172
21.703	110.778	263.400
21.713	110.740	263.248
21.723	111.278	264.666
21.733	111.278	264.666
21.743	107.488	264.666
21.753	111.278	261.626
21.763	261.626	111.278
21.773	261.626	111.278
21.783	261.626	111.278
21.793	261.626	110.000
21.803	261.626	111.278
21.813	262.352	110.676
21.823	262.944	110.688
21.833	262.761	110.000
21.843	261.762	110.000
21.853	261.626	110.000
21.863	264.375	111.278
21.873	262.716	111.278
21.883	262.049	111.169
21.893	264.666	111.278
21.903	262.049	111.278
21.913	263.978	111.278
21.923	111.278	262.959
21.933	111.278
21.943	111.278
21.953	111.272
21.963	111.272
21.973	111.272
21.983	111.278
21.993
22.003
22.013	111.349
22.023	111.413
22.033	111.445
22.043	111.452
22.053	111.452
22.063	111.445	263.506
22.073	111.240	263.902
22.083	111.278	264.085	423.958
22.093	111.278	261.973	420.130
22.103	112.571	264.666	424.325
22.113	111.278	263.933	425.012
22.123	111.278	262.291	425.012	329.628
22.133	111.278	263.324	425.012	333.419
22.143	111.278	426.611	263.217	335.447
22.153	111.278	425.012	262.504	337.332
22.163	111.278	425.012	263.582	337.332
22.173	111.278	424.080	263.217
22.183	111.278	425.012	262.155
22.193	111.278	424.644	263.811
22.203	111.278	425.012	263.430
22.213	111.278	425.012	263.491
22.223	111.278	424.423	263.582
22.233	111.278	425.012	263.658
22.243	111.278	261.807	424.374
22.253	111.278	267.741	425.135
22.263	111.278	264.666	427.203
22.273	111.278	261.626	106.253
22.283	111.278	265.155	105.843
22.293	111.278	262.777	105.855
22.303	111.278	261.308	105.873
22.313	111.278	265.462	105.892
22.323	111.278	263.872	106.253
22.333	111.278	263.872	105.033
22.343	111.278	263.811	106.253
22.353	111.278	264.666	105.977
22.363	111.156	264.666	105.996
22.373	111.278	264.666	105.965
22.383	111.278	263.430	106.253
22.393	111.278	263.339	106.253
22.403	111.278	264.666	443.675
22.413	111.278	258.621	450.285
22.423	111.278	261.626	444.650
22.433	263.415	111.272	444.856
22.443	261.626	111.278	445.035
22.453	263.704	445.164	111.278
22.463	266.137	445.113	111.278
22.473	267.741	445.113	105.033
22.483	261.626	450.285	105.063
22.493	264.666	444.137	105.033
22.503	265.861	445.113	105.033
22.513	265.201	438.934	105.033
22.523	262.913	442.651	111.632
22.533	262.155	445.113	111.690
22.543	263.187	444.676	111.761
22.553	264.543	445.113	111.819
22.563	261.626	447.148	112.571
22.573	263.080	445.113	112.078
22.583	261.989	440.000	111.278
22.593	262.094	450.285	110.000
22.603	261.626	443.675	112.571
22.613	261.626	445.113	112.234
22.623	258.621	446.916	112.072
22.633	258.621	445.113	112.571
22.643	261.626	112.571	445.113
22.653	261.626	105.033	112.571
22.663	261.626	105.033	212.506
22.673	265.968	105.033	212.506
22.683	263.111	105.033	208.253
22.693	262.777	105.033	202.769	495.169
22.703	261.626	105.033	202.992	497.405
22.713	265.554	105.033	207.652	497.635
22.723	105.033	263.278	212.506	497.807
22.733	105.033	261.867	207.652	495.884
22.743	105.033	263.948	208.578	499.622
22.753	103.826	261.626	208.674	499.622
22.763	103.826	261.626	210.065	498.613
22.773	105.033	264.666	207.832	499.622
22.783	105.033	262.155	208.578	498.987
22.793	104.536	212.506	263.963	499.189
22.803	105.033	208.626	262.928	499.305
22.813	105.033	209.036	262.868	249.811
22.823	105.033	209.205	249.811	262.837
22.833	105.033	249.811	209.181	499.507
22.843	104.199	249.465	499.622	209.085
22.853	105.033	249.306	499.622	667.378
22.863	105.033	249.148	499.622	659.255
22.873	105.033	249.811	666.800	499.478
22.883	105.033	249.811	666.915
22.893	101.689	249.811	659.255
22.903	105.033	249.710	667.609
22.913	105.033	246.942	673.535
22.923	103.359	246.942	673.652
22.933	105.033	246.942	668.458
22.943	104.917	247.399	668.535
22.953	105.033	248.200	668.381
22.963	105.033	249.955	668.188
22.973	105.033	246.942	673.613
22.983	105.033	246.942	667.069
22.993	105.033	246.942	666.915	1322.629
23.003	105.033	249.811	1321.636	659.255
23.013	104.899	249.811	1316.836	664.454
23.023	103.826	249.811	1312.507	663.726
23.033	104.857	246.942	1318.510	98.316
23.043	105.033	250.722	98.311	1319.958
23.053	252.714	105.033	95.761	1322.018
23.063	248.616	105.033	100.289	293.038
23.073	249.811	105.033	99.138	297.472
23.083	249.494	105.033	99.138	297.575
23.093	248.042	105.033	98.390	300.529
23.103	249.811	104.645	97.999	300.061
23.113	249.710	105.033	298.522	97.999
23.123	248.128	297.214	105.033	97.999
23.133	250.028	297.077	104.349	97.999
23.143	249.811	297.077	104.241	97.999
23.153	249.566	101.455	297.077	98.703
23.163	249.595	103.826	293.665	98.852
23.173	249.811	103.826	296.957	100.289
23.183	249.811	105.033	297.077	502.255
23.193	252.714	105.033	497.376	297.077
23.203	252.714	105.033	494.283	99.637
23.213	249.191	105.033	505.427	99.775
23.223	246.942	105.033	100.289	499.016
23.233	248.659	105.033	100.289	498.728
23.243	247.756	105.434	99.138	498.469
23.253	249.811	104.385	100.289	504.406
23.263	244.105	104.355	100.289	493.883	333.458
23.273	244.105	104.301	99.138	499.622	331.537
23.283	244.105	103.826	100.289	493.883	331.748
23.293	244.105	102.634	99.138	325.841	706.572
23.303	244.105	105.033	706.572	333.458	99.723
23.313	247.541	705.227	104.289	333.458	495.398
23.323	249.811	706.572	105.033	332.996	488.211
23.333	249.955	706.572	102.634	333.458	494.826
23.343	249.811	706.572	106.253	333.670	494.654
23.353	249.811	706.572	103.724	336.515	99.138
23.363	252.714	706.572	103.826	333.458	99.378
23.373	249.811	704.453	335.292	105.033	99.413
23.383	249.076	333.458	706.572	104.337	100.289
23.393	249.811	334.712	104.385	99.430
23.403	249.811	99.138	104.410	333.458
23.413	249.811	97.999	102.634	338.875
23.423	244.105	99.138	105.033	333.458
23.433	244.105	100.405	105.033	490.925
23.443	249.811	99.138	104.772	488.211
23.453	248.458	100.289	104.887	488.211
23.463	248.559	100.289	491.436	105.033
23.473	249.378	488.211	105.057	99.689
23.483	249.811	492.345	106.253	1318.510
23.493	249.898	488.211	1318.510	105.111
23.503	249.523	493.256	1316.608	105.033
23.513	248.028	493.684	1319.806	105.033
23.523	246.942	505.427	1320.111	659.255
23.533	249.811	493.883	1321.331	663.956
23.543	249.811	505.427	1323.470	665.722
23.553	249.091	493.085	1321.255	666.915
23.563	250.056	488.211	1310.689	665.222
23.573	248.817	488.211	1322.706	669.231
23.583	252.714	488.211	1323.929	105.033
23.593	249.047	491.237	1340.396	103.796
23.603	248.444	488.211	105.033	1325.382
23.613	250.028	488.211	103.330	1325.459
23.623	249.811	488.211	1194.088	103.091
23.633	249.811	490.189	1195.192	101.455
23.643	246.942	498.239	1197.403	102.865
23.653	249.811	1193.674	488.211	100.870
23.663	249.811	1194.433	491.209	99.138
23.673	249.494	1194.295	491.919	98.972
23.683	249.811	1190.988	492.829	98.983
23.693	249.811	1194.157	493.684	99.138
23.703	249.811	1194.226	98.966	494.597
23.713	249.177	1196.090	98.937	599.428
23.723	249.811	98.909	495.827	597.423
23.733	249.811	99.138	497.807	596.802
23.743	249.811	99.138	493.883
23.753	249.811	496.486	97.999
23.763	247.727	497.290	98.755
23.773	249.811	497.204	111.497
23.783	249.811	111.413	496.630
23.793	249.811	111.330	593.948
23.803	247.871	112.571	593.879
23.813	249.869	112.571	594.085
23.823	249.811	110.000	594.360
23.833	249.811	111.278	594.841
23.843	246.942	110.427	589.743
23.853	249.811	110.446	591.449
23.863	249.811	111.278	594.154
23.873	250.447	110.433	594.154
23.883	249.811	110.000	601.058	331.805
23.893	110.000	249.811	601.058	332.246
23.903	110.000	249.811	601.058	332.400
23.913	110.000	249.811	597.492	333.458
23.923	110.000	249.811	604.400	333.458
23.933	111.156	247.241	594.154	332.592
23.943	111.278	249.811	594.154	331.365
23.953	111.278	251.810	594.154	332.496
23.963	110.605	250.230	594.154	332.496
23.973	111.278	249.811	601.058	332.458
23.983	111.278	249.811	601.058	501.588
23.993	111.400	249.811	597.734	501.501
24.003	110.637	248.257	264.650	597.699
24.013	110.000	248.430	264.635	505.427
24.023	110.242	264.666	249.364	494.654
24.033	111.278	264.666	249.350	498.469
24.043	111.278	264.666	996.305
24.053	108.737	264.574	995.154
24.063	111.272	264.666	994.350
24.073	111.278	264.666	995.327
24.083	111.278	264.666	995.614
24.093	111.278	264.666	995.327
24.103	111.278	264.131	532.059
24.113	111.278	264.604	532.705
24.123	110.868	264.666	533.074
24.133	110.816	264.666	533.259
24.143	111.278	264.666	530.954
24.153	110.356	264.666	536.193
24.163	111.278	264.666	220.700
24.173	110.912	264.666	220.000	535.482
24.183	111.278	266.476	218.594	533.506
24.193	111.278	265.354	219.328	325.841
24.203	110.000	264.666	222.556	330.791
24.213	110.000	262.746	218.228	331.480
24.223	110.000	261.626	333.458	225.142
24.233	110.000	264.666	333.458	221.658
24.243	110.427	264.666	332.515	221.889
24.253	110.000	264.666	333.323	222.132
24.263	110.000	264.666	333.458	222.338
24.273	110.000	264.666	334.905	222.479
24.283	110.000	264.666	334.248	225.142
24.293	110.000	264.666	333.458	223.458
24.303	110.759	264.666	335.176	221.914
24.313	112.571	264.666	329.628	221.569
24.323	111.278	264.070	329.628	221.211
24.333	111.278	264.757	329.628	220.981
24.343	111.105	264.666	335.370	220.000
24.353	111.278	264.666	337.332	219.176
24.363	111.060	262.640	337.332	219.036
24.373	111.278	264.666	220.000	332.285
24.383	112.571	264.971	222.556	331.863
24.393	111.278	264.666	221.351	329.970
24.403	111.278	264.223	220.254	329.628
24.413	111.278	262.549	221.428	329.628
24.423	110.000	267.741	221.556	330.352
24.433	264.666	108.737	221.364	330.028
24.443	264.666	111.310	222.145	325.841
24.453	264.666	111.278	221.121	328.943
24.463	261.626	111.278	225.142	330.085
24.473	264.666	111.278	225.142	330.581
24.483	264.666	111.278	221.940	331.059
24.493	262.731	111.278	223.368	329.628
24.503	264.666	111.278	222.621	329.628
24.513	264.666	222.543	111.278	337.332
24.523	265.385	222.556	110.842	333.111
24.533	264.666	222.376	110.772	333.554
24.543	264.666	221.914	110.000	337.332
24.553	264.329	220.585	110.605	334.712
24.563	264.009	222.556	108.737	1054.025
24.573	264.666	221.428	111.278	1056.158
24.583	261.626	222.556	110.586	1052.321
24.593	261.626	222.556	110.592	1052.018
24.603	263.811	222.145	111.278	1052.321
24.613	263.917	110.000	222.556	1051.106
24.623	110.720	265.492	222.120	1050.196
24.633	111.278	264.024	222.120	1051.471
24.643	111.278	263.887	222.132	1046.502
24.653	111.278	264.803	337.332	222.132
24.663	110.000	264.177	337.332	222.556
24.673	110.000	264.666	336.398	222.043
24.683	110.880	264.329	336.476	221.096
24.693	111.278	264.375	336.495	221.953
24.703	111.278	264.666	337.332	221.953
24.713	264.666	111.278	335.428	221.953
24.723	261.626	111.278	335.157	220.751
24.733	261.444	110.944	336.593	1053.173
24.743	269.012	110.650	335.758	1053.416
24.753	264.666	110.000	335.622	1051.835
24.763	264.666	111.278	1052.443	335.486
24.773	264.666	111.278	1053.538	335.351
24.783	264.666	111.278	335.157	1054.451
24.793	262.625	332.707	111.098	1054.938
24.803	264.161	333.458	1055.304	111.130
24.813	264.666	337.332	111.175	1052.929
24.823	263.461	337.332	111.227	1051.957
24.833	264.666	335.196	111.285	444.778
24.843	263.521	337.332	444.676	111.677
24.853	263.872	333.458	442.089	111.375
24.863	263.643	332.996	446.194	111.368
24.873	263.263	331.633	447.355	111.278
24.883	264.666	337.332	444.239	111.278
24.893	264.666	337.332	444.008	1030.070
24.903	264.666	337.332	442.600	1039.334
24.913	264.666	335.021	443.086	1046.502
24.923	264.666	444.624	333.458	1039.394
24.933	264.666	443.521	1051.410	72.960
24.943	262.276	1040.595	74.239	443.496
24.953	264.666	75.132	1037.474	440.000	523.251
24.963	75.132	1042.761	268.438	528.079	443.598
24.973	75.132	1022.600	529.331	264.055	442.881
24.983	74.364	1033.586	531.813	443.521	263.796
24.993	74.213	1049.105	529.331	351.637	444.342
25.003	73.416	1041.918	528.323	345.736	445.113
25.013	74.269	1052.078	525.948	346.016	147.760
25.023	74.269	1070.963	527.926	343.586	147.410
25.033	74.600	1070.963	343.308	529.331	147.820
25.043	73.416	1074.061	349.369	149.494
25.053	73.416	1074.992	347.578	148.538
25.063	74.782	1063.258	146.832	348.040
25.073	74.269	1046.502	147.743	346.195
25.083	74.269	349.228	1034.482	147.598
25.093	74.269	147.427	351.596	1022.600
25.103	74.269	146.832	349.228	1022.600
25.113	75.132	351.353	147.453	1023.309
25.123	74.269	345.217	147.436	1045.536
25.133	74.269	348.906	146.832	1046.079
25.143	73.923	351.921	146.443	1047.167
25.153	75.132	352.654	148.538	1064.057
25.163	75.132	354.226	148.538	1070.963
25.173	73.416	353.286	148.538	1049.468
25.183	73.416	353.286	149.046	1070.963
25.193	73.416	357.391	148.538	1048.923
25.203	74.959	353.286	148.127	1047.772
25.213	75.132	352.674	148.161	1040.475
25.223	73.416	353.062	148.538	1034.482
25.233	74.321	353.021	147.461	1043.424
25.243	74.269	357.391	148.187	1022.600
25.253	73.416	353.572	148.161	1034.482
25.263	74.695	349.228	148.059	1045.838
25.273	74.488	349.228	147.547	1048.136
25.283	73.923	350.643	146.832	1050.014
25.293	73.416	350.279	1064.487	148.538
25.303	73.420	350.947	1052.625	150.264
25.313	73.416	352.186	1053.051	498.987
25.323	73.416	352.389	1067.319	499.622
25.333	73.416	353.184	1074.309	500.084
25.343	71.739	352.186	1064.672	498.613
25.353	73.416	350.825	1046.502	499.622
25.363	72.573	351.779	1042.159	496.199
25.373	73.416	349.228	1034.482	499.160
25.383	74.261	345.217	1034.482	498.440
25.393	72.573	353.286	1034.482	498.987
25.403	73.416	349.228	1034.482	499.535
25.413	73.654	349.228	1034.482	499.622
25.423	73.416	351.109	1034.482	499.795
25.433	73.416	349.228	1063.135	505.427
25.443	353.797	72.573	1063.996	499.737
25.453	353.286	72.573	1048.075	498.498
25.463	345.217	73.416	499.535	1058.479
25.473	345.217	73.416	499.362	1050.621
25.483	349.228	71.739	499.016	70.764
25.493	73.416	499.622	353.286	70.101
25.503	498.699	73.416	353.286	70.780
25.513	497.204	73.120	70.915	353.286
25.523	497.031	73.133	70.915	295.878
25.533	499.103	73.171	296.803	70.915
25.543	500.951	296.203	73.230	70.915
25.553	499.911	295.025	73.416	70.854
25.563	496.773	296.374	73.416	148.538
25.573	498.613	73.416	295.878	148.384
25.583	498.066	73.416	300.529	148.538
25.593	73.416	499.478	296.289	70.915
25.603	71.739	498.757	296.289	70.915
25.613	73.701	498.354	293.665	70.915
25.623	74.269	70.915	498.267	296.152
25.633	74.269	70.915	498.383	295.947
25.643	74.269	70.915	499.305	294.991
25.653	74.269	70.915	498.239	351.596
25.663	74.269	70.915	353.286	493.883
25.673	74.269	70.915	353.286	497.290
25.683	74.269	70.915	351.759	497.117
25.693	75.132	70.915	353.735	1190.644
25.703	73.582	351.617	70.915	1191.814
25.713	74.269	351.556	70.915	1187.485
25.723	74.269	352.511	70.915	1181.805
25.733	74.269	350.501	70.915	1187.485
25.743	73.416	349.592	70.915	1187.553
25.753	73.782	351.312	70.915	1187.553
25.763	73.416	350.441	1187.690	70.915
25.773	350.036	74.269	1186.388	70.915
25.783	350.117	74.269	1188.308	70.915
25.793	353.286	73.416	1188.308	70.915
25.803	353.286	73.416	1188.308	70.915
25.813	351.008	74.269	1188.377	146.333
25.823	353.286	1188.308	73.961	147.444
25.833	349.228	1188.308	146.985	73.991
25.843	353.286	1188.789	145.146	499.622
25.853	353.286	499.622	145.112	1192.089
25.863	357.391	498.757	145.146	1188.308
25.873	353.286	499.622	146.807	1399.497
25.883	355.312	498.613	147.011	1408.987
25.893	353.286	498.555	148.538	1399.255
25.903	353.286	499.622	148.633	1396.913
25.913	353.735	498.152	147.444	1396.913
25.923	352.980	493.883	147.530	1395.623
25.933	351.901	497.692	147.300	1390.874
25.943	349.228	501.154	148.538	1397.559
25.953	352.715	499.362	148.538	1400.791
25.963	353.286	496.744	145.886	220.127
25.973	353.286	148.538	499.622	220.153
25.983	354.390	147.598	498.325	220.191
25.993	355.025	147.649	498.642	220.229
26.003	354.881	146.832	499.622	218.897
26.013	354.206	146.832	499.074	220.000
26.023	354.328	146.832	495.741	1389.750
26.033	354.226	146.832	496.171	1391.115
26.043	357.391	150.264	1365.007	499.160
26.053	353.184	1369.034	168.015	147.692
26.063	353.286	1397.962	164.814	147.743
26.073	355.004	1404.681	166.729	147.768
26.083	349.228	1407.930	166.565	247.799
26.093	348.986	1408.499	166.729	246.030
26.103	348.906	1409.883	166.729	247.341
26.113	166.729	1410.209	350.400	249.811
26.123	166.729	1411.268	349.895	83.557
26.133	166.729	353.286	1408.011	84.333
26.143	166.556	83.364	340.327	1419.444
26.153	83.364	166.584	348.543	1411.268
26.163	83.364	165.864	348.362	712.721
26.173	83.364	164.814	706.654	353.286
26.183	83.364	168.666	706.572	345.217
26.193	83.364	167.037	711.980	87.307
26.203	83.360	167.143	707.307	87.307
26.213	83.364	164.814	707.389	1408.092
26.223	83.364	168.666	1380.390	707.471
26.233	83.528	167.995	1375.932	706.572
26.243	83.364	168.345	1372.360	333.458
26.253	83.364	167.782	1370.617	334.615
26.263	83.364	168.316	1365.007	333.496
26.273	83.364	168.666	1365.007	333.477
26.283	83.364	168.666	1365.007	333.458
26.293	83.364	165.357	1365.007	337.332
26.303	83.388	168.666	1365.007	333.150
26.313	83.364	168.666	1365.007	329.628
26.323	83.364	167.869	1366.033	332.554
26.333	83.364	168.666	1368.718
26.343	83.364	165.262	1370.617
26.353	83.364	168.666	1365.007
26.363	83.364	168.666	1365.007
26.373	83.364	168.666	1365.007
26.383	83.364	166.854	1366.112	331.059
26.393	83.364	166.046	1366.112	330.963
26.403	83.364	166.402	331.059	1189.888
26.413	83.364	165.836	1189.819	328.184
26.423	83.480	162.921	1174.659	329.628
26.433	83.364	168.666	1202.115	443.906
26.443	84.333	164.814	1202.115	434.268
26.453	83.364	164.814	1192.640	448.830
26.463	83.364	164.814	447.174	1188.308
26.473	83.364	164.814	445.113	1176.900
26.483	82.407	168.666	445.113	1188.308
26.493	82.407	166.123	445.113	1188.377
26.503	83.364	445.113	165.836	1188.239
26.513	82.966	445.113	168.666	1188.308
26.523	82.769	445.113	166.825	1188.308
26.533	83.364	440.000	168.666	1194.295
26.543	83.364	444.188	165.185	1178.941
26.553	83.364	444.239	168.666	1186.662
26.563	83.364	445.113	165.606	1186.730
26.573	83.364	445.113	165.845	1187.005
26.583	83.364	444.111	168.666	1051.410
26.593	83.364	445.447	168.666	1050.864
26.603	83.364	445.601	164.814	1050.439
26.613	83.364	444.316	166.229	1058.662
26.623	82.407	446.555	166.729	1054.999
26.633	83.364	445.113	166.671	1046.502
26.643	83.364	441.375	1047.651	166.613
26.653	83.707	444.393	1038.853	88.322
26.663	83.364	444.445	1046.623	87.899
26.673	83.364	445.421	1042.400
26.683	82.407	443.778	87.874
26.693	82.607	445.113	87.307
26.703	82.923	445.113	88.322	525.493
26.713	83.263	440.000	88.322	525.918
26.723	83.552	444.291	88.322	526.404
26.733	83.364	444.881	87.307	526.860
26.743	83.364	445.241	87.803	530.310
26.753	83.364	445.447	87.777	528.811
26.763	83.364	445.782	87.307	527.561
26.773	83.364	444.727	531.476	87.307
26.783	83.364	445.113	523.251	167.821
26.793	83.364	443.752	168.666	523.251
26.803	83.364	444.188	998.494	168.666	527.439
26.813	83.364	440.305	1000.804	168.666	529.331
26.823	83.364	1001.729	168.666	443.649	527.500
26.833	84.333	1002.192	167.840	443.547	328.563
26.843	84.333	1002.481	167.792	333.458	440.000
26.853	82.679	167.356	1001.787	329.628	443.496
26.863	82.407	168.666	1002.481	333.458	443.624
26.873	82.407	167.491	1003.698	333.458	447.976
26.883	83.364	162.921	1003.640	332.515
26.893	83.364	167.366	75.132	333.073
26.903	83.364	168.666	75.132	251.171
26.913	83.364	168.666	75.132	246.942
26.923	83.364	168.394	445.113	251.171
26.933	168.666	83.364	441.604	252.714
26.943	164.814	83.364	444.342	252.714
26.953	166.729	84.100	444.342	251.258
26.963	168.666	450.285	83.364	251.825
26.973	166.729	440.000	337.332	249.811
26.983	166.729	445.113	338.523	251.070
26.993	166.729	440.000	337.060	250.939
27.003	166.729	445.113	329.628	250.881
27.013	166.729	445.113	335.196	250.881
27.023	166.729	445.113	337.332	251.331
27.033	166.729	445.113	250.896	331.250
27.043	166.729	445.113	251.621	334.963
27.053	445.113	168.666	250.403	335.002
27.063	445.113	168.666	250.259	335.021
27.073	442.856	166.729	245.775	335.060
27.083	445.113	166.729	250.360	337.332
27.093	445.113	166.729	252.714	337.332
27.103	445.113	252.714	166.729	330.638
27.113	442.702	251.360	166.729	83.403
27.123	450.285	249.811	166.729	83.422
27.133	443.649	245.038	83.364	166.864	336.010
27.143	84.051	445.113	249.811	166.748	845.275
27.153	83.833	445.113	850.024	249.696	166.594
27.163	81.460	850.024	166.507	884.433	250.244
27.173	83.364	850.024	896.780	166.507	445.293
27.183	84.333	840.261	887.350	166.729	335.971
27.193	83.364	840.261	166.623	890.225	337.332
27.203	84.333	838.370	166.729	890.225	335.680
27.213	83.379	840.261	164.814	895.641	335.273
27.223	83.364	840.261	168.325	893.729	334.905
27.233	83.364	840.261	164.814	888.017	337.332
27.243	83.364	164.814	840.261	334.268	886.633
27.253	83.364	168.666	838.273	329.628	890.688
27.263	83.364	168.666	840.261	333.727	445.113
27.273	83.364	168.666	333.573	840.892	498.901
27.283	83.364	168.666	334.422	840.892	498.786
27.293	83.364	167.453	337.332	496.716	841.232
27.303	83.364	167.695	329.628	497.520	841.669
27.313	83.364	168.666	331.901	505.427	840.261
27.323	83.364	168.413	498.728	332.285	842.837
27.333	83.596	166.229	497.491	337.332	419.791
27.343	83.364	168.666	499.622	329.628	419.209
27.353	83.364	168.666	497.807	333.997	420.130
27.363	83.364	168.666	495.827	420.130	334.190
27.373	83.364	168.666	493.883	420.130	334.403
27.383	83.364	167.753	493.883	419.888	706.858
27.393	83.364	167.453	419.040	493.883	709.271
27.403	83.364	164.424	420.130	708.043	495.483
27.413	83.364	167.811	419.888	710.337	493.883
27.423	83.364	164.814	420.130	708.370	494.997
27.433	82.966	166.729	420.130	707.471	334.094
27.443	83.364	168.666	420.130	706.572
27.453	83.422	167.724	420.130	708.166
27.463	83.364	168.666	420.130	706.572
27.473	83.364	168.666	419.112	708.452
27.483	84.333	418.725	166.729	708.657
27.493	84.333	420.130	166.729	710.583
27.503	83.717	420.130	168.063	665.376	498.181
27.513	83.364	420.130	168.666	664.339	496.974
27.523	83.364	420.130	168.666	664.646	493.883
27.533	83.364	419.839	168.666	493.883	664.838
27.543	84.333	420.130	498.440	168.102	666.261
27.553	83.364	420.130	498.930	666.723	168.121
27.563	83.364	420.130	505.427	667.185	168.092
27.573	83.364	419.669	493.883	168.102	665.953
27.583	83.364	419.161	498.354	168.083
27.593	83.364	419.500	497.089	167.385
27.603	83.364	418.556	505.427	167.898
27.613	83.364	420.130	505.427	167.782
27.623	83.364	420.130	505.427	167.637
27.633	83.364	420.130	501.617	168.578
27.643	83.581	419.427	168.666	499.478
27.653	84.333	418.556	166.729	501.328
27.663	83.364	418.532	168.666	501.096
27.673	84.202	419.330	166.729	500.893
27.683	83.364	166.633	419.791	505.427
27.693	83.364	164.814	419.403	499.997
27.703	83.364	166.325	419.137	493.883
27.713	83.364	164.814	419.403	499.189
27.723	83.364	164.814	419.669	498.383
27.733	82.407	165.951	594.566	419.500
27.743	83.364	167.617	594.154	499.218
27.753	84.533	166.325	594.154	498.354
27.763	83.364	166.344	594.154	497.836
27.773	83.364	166.152	594.154	420.519
27.783	83.364	166.325	594.154	420.130
27.793	166.094	83.364	420.130	599.913
27.803	168.666	83.364	419.112	594.154
27.813	168.666	83.364	418.991	335.952
27.823	165.539	419.500	83.364	337.332
27.833	165.769	420.130	83.364	337.332
27.843	165.443	418.653	83.388	252.087
27.853	165.214	410.535	252.714	83.364
27.863	166.729	420.130	249.450	337.332
27.873	166.729	420.130	246.585	261.626
27.883	165.577	418.774	250.100	261.626
27.893	165.061	420.130	261.626	250.042
27.903	168.666	419.161	521.471	261.626
27.913	165.874	419.379	521.381	261.626
27.923	166.729	419.960	523.251	261.233
27.933	168.666	419.209	523.251
27.943	167.811	420.130	517.241
27.953	167.927	420.276	517.241
27.963	168.666	420.446	521.110
27.973	168.666	420.130	523.251
27.983	166.864	420.130	521.441
27.993	167.733	419.258	523.251
28.003	167.134	420.130	521.712
28.013	166.729	420.519	521.833
28.023	167.317	420.422	249.004
28.033	167.617	420.373	249.811
28.043	166.873	420.130	249.278
28.053	166.729	419.233	500.807
28.063	168.413	418.943	500.026
28.073	168.666	419.233	499.622
28.083	168.666	420.130	502.052
28.093	168.666	419.379	333.458
28.103	168.666	419.161	332.246
28.113	166.729	420.130	332.150
28.123	166.729	419.597	330.505
28.133	166.729	419.863	330.657
28.143	166.729	420.130	332.208
28.153	166.729	419.548	332.342
28.163	166.729	419.985	329.628
28.173	166.729	420.082	337.332
28.183	166.729	419.791	332.784
28.193	166.729	418.774	332.112
28.203	166.729	420.130	331.403
28.213	166.729	420.130	333.092
28.223	166.729	420.130	333.130
28.233	166.729	420.130	337.332
28.243	166.729	420.130	332.880
28.253	166.729	420.130	332.630
28.263	166.729	421.199	332.362
28.273	166.431	420.252	331.154
28.283	166.729	332.304	420.300	111.233
28.293	166.729	111.188	332.534	222.865
28.303	166.729	112.571	220.000	446.942
28.313	166.729	110.000	225.142	445.113
28.323	165.482	111.278	222.942	451.170
28.333	166.729	111.278	225.142	446.632
28.343	110.951	162.921	222.556	440.000
28.353	111.278	221.006	450.285	162.921	497.577
28.363	110.433	225.142	446.735	166.729	497.462
28.373	111.278	221.274	450.285	166.729	497.405
28.383	110.000	222.556	450.285	165.290	499.016
28.393	111.278	225.142	440.000	503.039	165.138
28.403	111.278	220.000	450.285	493.883	164.957
28.413	111.278	220.000	450.285	495.770	164.852
28.423	111.278	440.000	225.142	493.883	164.823
28.433	111.278	443.009	225.142	493.883	164.852
28.443	111.278	443.316	225.142	499.622	164.909
28.453	111.278	446.091	220.000	162.921	331.384
28.463	111.278	449.038	220.000	162.921
28.473	111.278	447.898	223.290	167.201
28.483	111.278	225.142	434.946	165.434
28.493	111.310	225.142	434.946	164.300
28.503	111.278	223.846	440.000	166.584
28.513	111.278	225.142	166.729	440.000
28.523	111.278	220.000	166.046	440.967
28.533	111.278	224.986	164.509	440.000
28.543	111.246	226.224	168.189	440.763
28.553	111.278	223.923	166.200	440.000
28.563	110.784	220.000	440.661	166.729
28.573	111.278	225.142	440.000	164.795
28.583	111.278	225.142	446.271	162.921
28.593	111.278	225.142	442.728	165.462
28.603	111.278	225.142	442.140	329.628
28.613	111.278	225.142	440.000	329.057
28.623	111.278	225.142	440.000	329.190
28.633	111.278	220.000	434.946	329.247
28.643	111.278	220.000	441.630	329.380
28.653	111.278	220.000	441.808
28.663	111.278	224.778	440.000
28.673	111.278	220.000	450.285
28.683	111.278	225.142	440.000
28.693	111.278	225.142	449.167	329.628
28.703	111.278	225.142	441.936	329.628
28.713	111.278	225.142	440.000	329.647
28.723	111.278	225.142	440.000	329.799
28.733	111.278	225.142	440.000	331.959
28.743	111.278	225.142	440.000
28.753	110.848	225.142	440.000
28.763	111.278	225.142	440.000
28.773	111.278	220.000	450.285
28.783	111.278	225.142	434.946
28.793	111.278	225.142	438.985
28.803	111.278	223.729	439.187
28.813	111.278	223.820	440.000
28.823	111.278	220.000	450.285
28.833	111.278	221.326	450.285
28.843	111.278	221.390	450.285	332.323
28.853	111.278	221.198	450.285	332.246
28.863	112.571	220.713	445.962	332.707
28.873	110.229	222.556	450.285	332.803
28.883	111.143	220.840	450.285	332.362
28.893	111.175	225.142	440.000	331.901
28.903	110.912	225.142	444.830	331.939
28.913	111.278	225.142	440.229	332.131
28.923	111.278	225.142	440.203	332.573
28.933	111.278	221.966	440.407	329.628
28.943	111.278	221.364	450.285	332.707
28.953	111.278	221.991	442.268	337.332
28.963	111.278	225.142	442.293	333.015
28.973	111.278	225.142	442.063	333.111
