0.023
0.033
0.043
0.053
0.063
0.073
0.083
0.093
0.103
0.113
0.123
0.133
0.143
0.153
0.163
0.173
0.183
0.193
0.203
0.213
0.223
0.233
0.243
0.253
0.263
0.273
0.283
0.293
0.303
0.313
0.323
0.333
0.343
0.353
0.363
0.373
0.383
0.393
0.403
0.413
0.423
0.433
0.443
0.453
0.463
0.473
0.483
0.493
0.503
0.513
0.523
0.533
0.543
0.553
0.563
0.573
0.583
0.593
0.603
0.613
0.623
0.633
0.643
0.653
0.663
0.673
0.683
0.693
0.703
0.713
0.723
0.733
0.743
0.753
0.763
0.773
0.783
0.793
0.803
0.813
0.823
0.833
0.843
0.853
0.863
0.873
0.883
0.893
0.903
0.913
0.923
0.933
0.943
0.953
0.963
0.973
0.983
0.993
1.003
1.013
1.023
1.033
1.043
1.053
1.063
1.073
1.083
1.093
1.103
1.113
1.123
1.133
1.143
1.153
1.163
1.173
1.183
1.193
1.203
1.213
1.223
1.233
1.243
1.253
1.263
1.273
1.283
1.293
1.303
1.313
1.323
1.333
1.343
1.353
1.363
1.373
1.383
1.393
1.403
1.413
1.423
1.433
1.443
1.453
1.463
1.473
1.483
1.493
1.503
1.513
1.523
1.533
1.543
1.553
1.563
1.573
1.583
1.593
1.603
1.613
1.623
1.633
1.643
1.653
1.663
1.673
1.683
1.693
1.703
1.713
1.723
1.733
1.743
1.753
1.763
1.773
1.783
1.793
1.803
1.813
1.823
1.833
1.843
1.853
1.863
1.873
1.883
1.893
1.903
1.913
1.923
1.933
1.943
1.953
1.963
1.973
1.983
1.993
2.003
2.013
2.023
2.033
2.043
2.053
2.063
2.073
2.083
2.093
2.103
2.113
2.123
2.133
2.143
2.153
2.163
2.173
2.183
2.193
2.203
2.213
2.223
2.233
2.243
2.253
2.263
2.273
2.283
2.293
2.303
2.313
2.323
2.333
2.343
2.353
2.363
2.373
2.383
2.393
2.403
2.413
2.423
2.433
2.443
2.453
2.463
2.473
2.483
2.493
2.503
2.513
2.523
2.533
2.543
2.553
2.563
2.573
2.583
2.593	138.583
2.603	138.575
2.613	138.591
2.623	138.591
2.633	138.591
2.643	138.599
2.653	138.591
2.663	138.591
2.673	138.591
2.683	138.375
2.693	138.623
2.703	138.639
2.713	69.304
2.723	69.300
2.733	69.296
2.743	69.296
2.753	69.296
2.763	69.296
2.773	69.296
2.783	69.296
2.793	69.296
2.803	69.296
2.813	69.296
2.823	69.296
2.833	69.296
2.843	69.296
2.853	69.296
2.863	69.296
2.873	69.296
2.883	69.296
2.893	69.356
2.903	69.296
2.913	69.296
2.923	69.388
2.933	69.296
2.943	69.316
2.953
2.963
2.973
2.983
2.993
3.003
3.013
3.023
3.033	69.276
3.043	69.276
3.053	69.168
3.063	69.296
3.073	69.296
3.083	69.296
3.093	69.296
3.103	69.296
3.113	69.296
3.123	69.296
3.133	69.292
3.143	69.292
3.153	276.687
3.163	277.183
3.173	277.071
3.183	277.087
3.193	138.591
3.203	138.591
3.213	138.591
3.223	138.591
3.233	138.591
3.243	138.591
3.253	138.591
3.263	138.591
3.273	138.591
3.283	138.591
3.293	138.591
3.303	138.591
3.313	139.081
3.323	138.591
3.333	138.591
3.343	138.591
3.353	138.591
3.363	138.591
3.373	138.591
3.383	138.591
3.393	138.591
3.403	138.591
3.413
3.423
3.433
3.443
3.453
3.463
3.473
3.483
3.493
3.503
3.513
3.523
3.533
3.543
3.553
3.563
3.573
3.583
3.593
3.603
3.613
3.623
3.633
3.643
3.653
3.663
3.673
3.683
3.693
3.703
3.713
3.723
3.733
3.743
3.753
3.763
3.773
3.783
3.793
3.803
3.813
3.823
3.833
3.843
3.853
3.863
3.873
3.883
3.893
3.903
3.913
3.923
3.933
3.943
3.953
3.963
3.973
3.983
3.993
4.003
4.013
4.023
4.033
4.043
4.053
4.063
4.073
4.083
4.093
4.103
4.113
4.123
4.133
4.143	207.664
4.153	207.652
4.163	208.145
4.173	208.061
4.183	206.791
4.193	207.652
4.203	207.652
4.213	207.652
4.223	207.173
4.233	207.652
4.243	207.652
4.253	207.652
4.263	207.616
4.273	207.628
4.283	207.652
4.293	207.904
4.303	207.652
4.313	207.616
4.323	138.591
4.333	138.591
4.343	139.145
4.353	138.760
4.363	207.305
4.373
4.383
4.393
4.403
4.413
4.423
4.433
4.443
4.453
4.463
4.473
4.483
4.493
4.503
4.513
4.523
4.533
4.543
4.553
4.563
4.573
4.583
4.593
4.603
4.613
4.623
4.633
4.643
4.653
4.663
4.673
4.683	278.563
4.693	279.918
4.703	278.579
4.713	277.888
4.723	277.888
4.733	278.692
4.743	278.434
4.753	277.615
4.763	278.032
4.773	278.611
4.783	278.708
4.793	277.183
4.803	277.183
4.813	277.679
4.823	277.183
4.833	276.303
4.843	277.183
4.853
4.863
4.873
4.883
4.893
4.903
4.913
4.923
4.933
4.943
4.953
4.963
4.973
4.983
4.993
5.003
5.013
5.023
5.033
5.043
5.053
5.063
5.073
5.083
5.093
5.103
5.113
5.123
5.133
5.143
5.153
5.163
5.173
5.183
5.193
5.203
5.213
5.223
5.233
5.243
5.253
5.263
5.273
5.283
5.293
5.303
5.313
5.323
5.333
5.343
5.353
5.363
5.373
5.383
5.393
5.403
5.413
5.423
5.433	276.975
5.443	277.183
5.453	276.415
5.463	277.183
5.473	276.943
5.483	138.487
5.493	138.591
5.503	329.856
5.513	329.628
5.523	329.685
5.533	329.990
5.543	207.760
5.553	207.712
5.563	207.652
5.573	207.652
5.583	208.554
5.593	207.592
5.603	207.652
5.613	207.652
5.623	207.652
5.633	206.266
5.643	207.437
5.653	207.652
5.663	207.437
5.673	277.439
5.683	276.895
5.693	277.183
5.703	277.183
5.713	276.751
5.723	276.208
5.733	275.459
5.743	277.183
5.753	276.623
5.763	276.319
5.773	276.687
5.783	277.567
5.793	275.825
5.803	277.183
5.813	276.703
5.823	277.183
5.833	276.847
5.843	276.831
5.853	276.847
5.863	276.847
5.873	276.975
5.883	207.652
5.893	207.377
5.903	207.233
5.913	207.652
5.923	138.768
5.933	138.591
5.943	138.591
5.953	138.623
5.963	138.591
5.973	138.615
5.983	138.607
5.993	138.607
6.003	138.599
6.013	138.599
6.023	138.591
6.033	138.591
6.043
6.053
6.063
6.073
6.083
6.093
6.103
6.113
6.123
6.133
6.143
6.153
6.163
6.173
6.183
6.193
6.203
6.213
6.223
6.233
6.243
6.253
6.263
6.273
6.283
6.293
6.303
6.313
6.323
6.333
6.343
6.353
6.363
6.373
6.383
6.393
6.403
6.413
6.423
6.433
6.443
6.453
6.463
6.473
6.483
6.493
6.503
6.513
6.523
6.533
6.543
6.553
6.563
6.573
6.583
6.593
6.603
6.613
6.623
6.633
6.643
6.653
6.663
6.673
6.683
6.693
6.703
6.713
6.723
6.733
6.743
6.753
6.763
6.773
6.783
6.793
6.803
6.813
6.823
6.833
6.843
6.853
6.863
6.873
6.883
6.893
6.903
6.913
6.923
6.933
6.943
6.953
6.963
6.973
6.983
6.993
7.003	207.880
7.013	207.652
7.023	208.928
7.033	207.652
7.043	207.652
7.053	207.652
7.063	207.652
7.073	207.652
7.083	207.544
7.093	207.652
7.103	207.652
7.113	207.712
7.123	207.652
7.133	207.652
7.143	208.169
7.153	207.652
7.163	207.808
7.173	207.652
7.183	207.652
7.193	207.652
7.203	208.445
7.213	208.397
7.223	207.652
7.233	207.844
7.243	207.820
7.253	207.808
7.263	207.652
7.273	207.652
7.283	207.736
7.293	207.652
7.303
7.313
7.323
7.333
7.343
7.353
7.363
7.373
7.383
7.393
7.403
7.413
7.423
7.433
7.443
7.453
7.463
7.473
7.483
7.493
7.503
7.513
7.523
7.533
7.543
7.553
7.563
7.573
7.583
7.593
7.603
7.613
7.623
7.633
7.643
7.653
7.663
7.673
7.683
7.693
7.703
7.713
7.723
7.733
7.743
7.753
7.763
7.773
7.783
7.793
7.803
7.813
7.823
7.833
7.843
7.853
7.863
7.873
7.883
7.893
7.903
7.913
7.923
7.933
7.943
7.953
7.963
7.973
7.983
7.993
8.003
8.013
8.023
8.033
8.043
8.053
8.063
8.073
8.083
8.093
8.103
8.113
8.123
8.133
8.143
8.153
8.163
8.173
8.183
8.193
8.203
8.213
8.223
8.233
8.243
8.253
8.263
8.273
8.283
8.293
8.303
8.313
8.323
8.333
8.343
8.353
8.363
8.373
8.383
8.393
8.403
8.413
8.423
8.433
8.443
8.453
8.463
8.473
8.483
8.493
8.503
8.513	206.826
8.523	205.267
8.533	207.652
8.543	207.173
8.553	207.257
8.563	207.652
8.573	207.401
8.583	124.215
8.593	124.905
8.603	123.471
8.613	123.471
8.623	123.471
8.633	123.471
8.643	123.471
8.653	123.037
8.663	123.471
8.673	123.764
8.683	124.445
8.693	123.471
8.703	123.471
8.713	123.471
8.723	123.471
8.733	123.471
8.743	123.471
8.753	124.093
8.763	123.471
8.773	123.471
8.783	124.000
8.793	123.471
8.803	123.471
8.813	123.799
8.823	123.721
8.833	124.330
8.843	123.471
8.853	123.471
8.863	123.921
8.873	123.471
8.883	123.471
8.893	123.721
8.903	123.471
8.913	123.414
8.923	123.471
8.933	123.471
8.943	123.471
8.953	123.471
8.963	123.471
8.973	123.471
8.983	123.471
8.993	123.471
9.003	123.471
9.013	123.471
9.023	123.471
9.033	123.564
9.043	123.471
9.053	123.471
9.063	123.471
9.073	123.471
9.083	123.471
9.093	123.471
9.103	123.471
9.113	123.471
9.123	123.471
9.133	123.471
9.143	123.471
9.153	123.471
9.163	123.471
9.173	123.471
9.183	123.471
9.193	123.471
9.203	123.471
9.213	123.471
9.223	123.471
9.233	123.471
9.243	123.471
9.253	123.471
9.263	123.471
9.273	123.471
9.283	123.471
9.293	123.471
9.303	123.471
9.313	123.471
9.323	124.093
9.333	123.564
9.343	123.471
9.353	123.471
9.363	123.471
9.373	123.471
9.383	123.471
9.393	123.471
9.403	123.471
9.413	123.471
9.423	123.471
9.433	123.471
9.443	123.614
9.453	123.471
9.463	123.471
9.473	123.471
9.483	123.471
9.493	123.471
9.503	123.471
9.513	123.471
9.523	123.592
9.533	123.471
9.543	123.471
9.553	123.471
9.563	123.471
9.573	123.471
9.583	123.950
9.593	124.251
9.603	123.542
9.613	123.471
9.623	124.668
9.633	123.471
9.643	123.749
9.653	123.471
9.663	123.471
9.673	124.387
9.683	124.538
9.693	123.471
9.703	123.471
9.713	123.606
9.723	123.471
9.733	123.471
9.743	123.471
9.753	123.706
9.763	123.471
9.773	124.567
9.783	124.574
9.793	123.378
9.803	124.617
9.813	123.471
9.823	123.471
9.833	123.471
9.843	124.552
9.853	124.459
9.863	123.471
9.873	123.471
9.883	123.471
9.893	123.928
9.903	124.322
9.913	124.236
9.923	123.799
9.933	123.771
9.943	123.471
9.953	123.471
9.963	123.471
9.973	123.742
9.983	123.792
9.993	123.471
10.003	124.208
10.013	123.756
10.023	123.771
10.033	124.287
10.043	123.471
10.053	123.471
10.063	123.771
10.073	123.735
10.083	123.471
10.093	124.905
10.103	123.471
10.113	123.471
10.123	123.471
10.133	124.043
10.143	123.471	207.712
10.153	123.471	207.652
10.163	123.471	208.807
10.173	123.542	207.652
10.183	123.471	207.772
10.193	123.764	207.772
10.203	124.905	207.652
10.213	124.905	207.652
10.223	123.471	207.652
10.233	123.471	207.652
10.243	123.471	207.616
10.253	123.678	207.652
10.263	124.000	207.580
10.273	123.471	207.592
10.283	123.471	207.652
10.293	124.165	207.652
10.303	124.344	207.652
10.313	123.471	206.111
10.323	124.905	207.592
10.333	124.905	207.652
10.343	123.471	208.795
10.353	123.471	208.711
10.363	123.471	207.652
10.373	123.471	207.580
10.383	123.964	206.016
10.393	124.071	207.652
10.403	124.905	207.652
10.413	123.471
10.423	124.000
10.433	123.799
10.443	123.471
10.453	124.208
10.463	123.714
10.473	123.101
10.483	123.649
10.493	123.471
10.503	123.471
10.513	123.749
10.523	123.806
10.533	123.471
10.543	124.028
10.553	123.993
10.563	124.279
10.573	124.905
10.583	124.905
10.593	124.596
10.603	124.675
10.613	124.725
10.623	278.161
10.633	277.215
10.643	278.273
10.653	279.821
10.663	279.772
10.673	277.183
10.683	277.231
10.693	277.856
10.703	277.760
10.713	277.183
10.723	279.934
10.733	277.183
10.743	276.096
10.753	277.183
10.763	279.111
10.773	275.220
10.783	273.999
10.793	279.595
10.803	276.671
10.813	277.872
10.823	280.403
10.833
10.843
10.853
10.863
10.873
10.883
10.893
10.903
10.913
10.923
10.933
10.943
10.953
10.963
10.973
10.983
10.993
11.003
11.013	278.145
11.023	278.177
11.033	278.177
11.043	330.619
11.053	330.944
11.063	332.189
11.073	329.628
11.083	329.628
11.093	330.218
11.103	330.123
11.113	329.628
11.123	329.932
11.133	329.856
11.143	329.799
11.153	329.761
11.163	329.628
11.173	329.628
11.183	329.628
11.193	329.628
11.203	329.856
11.213	329.628
11.223	329.628
11.233	331.978
11.243	329.628
11.253	329.628
11.263	329.628
11.273	329.932
11.283	329.913
11.293	329.970
11.303	330.009
11.313	330.047
11.323	330.066
11.333	330.066
11.343	329.628
11.353	330.218
11.363	329.628
11.373	330.256
11.383	332.650
11.393	329.628
11.403	329.628
11.413	330.028
11.423	329.970
11.433	331.097
11.443	329.628
11.453	329.628
11.463	328.089
11.473	329.589
11.483	329.628
11.493	329.628
11.503	329.513
11.513	207.652
11.523	207.652
11.533	207.556
11.543	207.820
11.553	207.856
11.563	207.652
11.573	209.689
11.583	208.000
11.593	207.652
11.603	207.832
11.613	207.652
11.623	207.245
11.633	207.748
11.643	207.652
11.653	207.652
11.663	207.652
11.673	207.652
11.683	207.652
11.693	207.652
11.703	207.748
11.713	207.796
11.723	208.614
11.733	207.652
11.743	207.652
11.753	207.652
11.763	207.928
11.773	207.652
11.783	207.988
11.793	207.293
11.803	210.065
11.813	207.652
11.823	207.652
11.833	207.652
11.843	208.073
11.853	209.242
11.863	207.652
11.873	207.652
11.883	207.964
11.893	207.928
11.903	207.856
11.913	207.832
11.923	207.796
11.933	207.652
11.943	207.736
11.953	207.652
11.963	207.652
11.973	207.724
11.983	207.988
11.993	207.652
12.003	207.736
12.013	207.736
12.023	207.736
12.033	207.724
12.043	207.724
12.053	207.712
12.063	207.700
12.073	207.652
12.083	207.832
12.093	207.652
12.103	207.652
12.113	207.676
12.123	207.652
12.133	207.652
12.143	207.664
12.153	207.652
12.163	207.664
12.173	207.652
12.183	207.652
12.193	416.843
12.203	416.819
12.213
12.223
12.233
12.243
12.253
12.263
12.273
12.283
12.293
12.303
12.313
12.323
12.333
12.343
12.353
12.363
12.373
12.383
12.393
12.403	416.530
12.413	329.780
12.423	329.856
12.433	329.856
12.443	329.628
12.453	329.628
12.463	329.628
12.473	329.628
12.483	328.108
12.493	333.458
12.503	330.619
12.513	330.906
12.523	326.954
12.533	327.464
12.543	329.628
12.553	329.589
12.563	333.458
12.573	325.841
12.583	329.647
12.593	329.628
12.603	331.346
12.613	329.628
12.623	328.639
12.633	329.133
12.643	330.581
12.653	332.630
12.663	329.628
12.673	329.628
12.683	330.676
12.693	330.887
12.703	330.906
12.713	333.458
12.723	331.480
12.733	331.595
12.743
12.753
12.763
12.773
12.783
12.793
12.803
12.813
12.823
12.833
12.843
12.853
12.863
12.873
12.883
12.893	207.688
12.903	207.688
12.913	207.652
12.923	207.832
12.933	207.652
12.943	207.652
12.953	207.652
12.963	207.652
12.973	207.652
12.983	207.652
12.993	207.652
13.003	207.652
13.013	205.267
13.023	207.652
13.033	207.652
13.043	207.652
13.053	208.012
13.063	207.652
13.073	208.085
13.083	208.217
13.093	208.458
13.103	208.421
13.113	210.053
13.123	210.065
13.133	209.073
13.143	207.652
13.153	207.652
13.163	207.652
13.173	207.832
13.183	207.652
13.193	205.885
13.203	207.544
13.213	208.073
13.223	206.468
13.233	207.652
13.243	207.652
13.253	207.592
13.263	208.061
13.273	207.652
13.283	207.652
13.293	207.652
13.303	207.652
13.313	207.652
13.323	207.688
13.333
13.343
13.353
13.363
13.373	207.652
13.383	207.652
13.393	207.652
13.403	278.065
13.413	277.599
13.423	277.599
13.433	277.631
13.443	277.183
13.453	277.183
13.463	277.183
13.473	277.663
13.483	277.984
13.493	278.579
13.503	277.551
13.513	278.129
13.523	278.708
13.533	277.519
13.543	277.776
13.553	279.417
13.563	278.193
13.573	277.183
13.583	277.183
13.593	277.711
13.603	277.183
13.613	277.183
13.623	277.183
13.633	277.183
13.643	277.183
13.653	277.247
13.663	277.231
13.673	277.215
13.683
13.693
13.703
13.713
13.723
13.733
13.743
13.753
13.763
13.773
13.783
13.793
13.803	207.652
13.813	207.652
13.823	276.224
13.833	277.183
13.843	275.809
13.853	276.160
13.863	277.183
13.873	329.628
13.883	329.628
13.893	329.628
13.903	329.628
13.913	329.628
13.923	329.628
13.933	329.628
13.943	329.628
13.953	329.628
13.963	330.047
13.973	329.704
13.983	329.723
13.993	329.742
14.003	329.799
14.013	329.818
14.023	329.628
14.033	329.628
14.043	329.628
14.053	330.085	277.167
14.063	329.437	277.167
14.073	330.276	277.151
14.083	330.734	277.183
14.093	330.657	277.183
14.103	329.628	276.991
14.113	329.628
14.123	329.628
14.133	329.628
14.143	329.628
14.153	329.818
14.163	329.799
14.173	329.742
14.183
14.193
14.203
14.213
14.223
14.233
14.243
14.253
14.263
14.273
14.283
14.293
14.303
14.313
14.323
14.333
14.343
14.353
14.363
14.373
14.383
14.393
14.403
14.413
14.423
14.433
14.443
14.453
14.463
14.473	329.818
14.483	109.943
14.493	109.924
14.503	109.917
14.513	110.000
14.523	110.000
14.533	110.000
14.543	110.223
14.553	110.000
14.563	108.737
14.573	110.000
14.583	110.000
14.593	110.000
14.603	110.000
14.613	110.000
14.623	110.000
14.633	109.962
14.643	110.000
14.653	110.000
14.663	110.000
14.673	110.000
14.683	110.000
14.693	110.000
14.703	110.000
14.713	110.000
14.723	110.000
14.733	110.000
14.743	110.000
14.753	110.000
14.763	110.000
14.773	110.000
14.783	110.000
14.793	110.000
14.803	110.000
14.813	110.000
14.823	109.613
14.833	110.000
14.843	110.000
14.853	110.000
14.863	110.000
14.873	110.000
14.883	110.000
14.893	110.000
14.903	110.184
14.913	110.000
14.923	110.000
14.933	110.000
14.943	110.000
14.953	110.000
14.963	110.000
14.973	110.000
14.983	110.000
14.993	110.000
15.003	110.000
15.013	110.407
15.023	110.000
15.033	110.000
15.043	110.000
15.053	110.000
15.063	110.000
15.073	110.000
15.083	110.280
15.093	110.000
15.103	110.000
15.113	110.095
15.123	110.108
15.133	110.121
15.143	110.433
15.153	110.121
15.163	110.108
15.173	110.095
15.183	110.000
15.193	110.261
15.203	110.000
15.213	110.000
15.223	110.000
15.233	110.000
15.243	110.000
15.253	110.000
15.263	110.000
15.273	110.000
15.283	109.994
15.293	110.000
15.303	110.000
15.313	110.000
15.323	110.000
15.333	110.000
15.343	110.000
15.353	109.784
15.363	110.000
15.373	110.000
15.383	110.000
15.393	110.000
15.403	110.000
15.413	110.000
15.423	110.000
15.433	110.000
15.443	110.000
15.453	110.000
15.463	110.000
15.473	110.000
15.483	110.000
15.493	110.650
15.503	110.000
15.513	110.000
15.523	110.000
15.533	110.000
15.543	110.000
15.553	110.000
15.563	110.561
15.573	110.000
15.583	110.000
15.593	110.000
15.603	110.000
15.613	110.000
15.623	110.000
15.633	110.000
15.643	110.000
15.653	110.000
15.663	110.000
15.673	110.000
15.683	110.000
15.693	110.000
15.703	110.000
15.713	110.000
15.723	110.000
15.733	110.000
15.743	110.000
15.753	110.000
15.763	110.000
15.773	110.000
15.783	110.000
15.793	110.000
15.803	110.000
15.813	110.000
15.823	110.000
15.833	110.000
15.843	110.000
15.853	110.000
15.863	110.000
15.873	110.000
15.883	108.737
15.893	109.860
15.903	110.000
15.913	110.000
15.923	110.000
15.933	110.000
15.943	110.006
15.953	110.000
15.963	110.076
15.973	110.127
15.983	110.184
15.993	110.223
16.003	220.432
16.013	220.369
16.023	220.318
16.033	220.254
16.043	220.000
16.053	220.000
16.063	220.000
16.073	220.025
16.083	220.726
16.093	220.000
16.103	220.000
16.113	220.000
16.123	219.936
16.133	220.000
16.143	220.407
16.153	220.000
16.163	220.000
16.173	220.726
16.183	220.102
16.193	220.102
16.203	220.726
16.213	220.000
16.223	220.127
16.233	220.000
16.243	220.000
16.253	220.000
16.263	220.102
16.273	219.695
16.283	219.848
16.293	220.000
16.303	220.000
16.313	220.000
16.323	220.000
16.333	220.000
16.343	220.000
16.353	220.000
16.363	220.000
16.373	220.000
16.383	220.420
16.393	220.102
16.403	220.432
16.413	220.000
16.423	220.000
16.433	220.051
16.443	220.076	277.231
16.453	220.025	276.639
16.463	220.000	277.055
16.473	220.000	277.423
16.483	277.183	220.000
16.493	277.183	220.000
16.503	277.183	219.087
16.513	277.183	220.000
16.523	280.403	220.853
16.533	277.183	220.013
16.543	278.547	220.013
16.553	278.097	220.000
16.563	278.032	220.013
16.573	277.183	220.013
16.583	278.466	219.492
16.593	277.920	220.280
16.603	278.563	220.025
16.613	279.240	220.318
16.623	279.046	219.987
16.633	277.183	220.000
16.643	279.207	220.000
16.653	278.322	219.962
16.663	277.087	219.644
16.673	277.824	219.949
16.683	277.183	110.000
16.693	277.599	110.000
16.703	277.471	110.000
16.713	276.383	110.006
16.723	110.000	277.856
16.733	110.013	277.183
16.743	110.000
16.753	110.019
16.763	110.000
16.773	110.000
16.783	110.025
16.793	110.000
16.803	110.229
16.813	110.000
16.823	110.000
16.833	110.000
16.843	110.025
16.853	110.000
16.863	110.025
16.873	110.000
16.883	110.000
16.893	110.000
16.903	110.000
16.913	109.987
16.923	110.235
16.933	110.006
16.943	110.000
16.953	110.000
16.963	110.000
16.973	110.000
16.983	110.000
16.993	110.000
17.003	110.000
17.013	110.032
17.023	108.737
17.033	110.000
17.043	110.000
17.053	109.841
17.063	220.000	330.638
17.073	220.000	330.123
17.083	220.000	329.628
17.093	220.000	329.628
17.103	220.051	329.913
17.113	220.000	329.780
17.123	220.000	329.628
17.133	220.000	329.970
17.143	220.000	330.237
17.153	220.000	330.619
17.163	219.975	329.894
17.173	220.000	330.009
17.183	220.000	329.628
17.193	220.000	329.628
17.203	220.000	329.818
17.213	220.000	329.628
17.223	220.000	329.628
17.233	220.000	329.685
17.243	218.922
17.253	220.000
17.263	220.000
17.273	220.000
17.283	220.000
17.293	220.000
17.303	220.000
17.313	329.057
17.323	329.609
17.333	329.647	276.863
17.343	329.723	276.911
17.353	329.628	277.071
17.363	329.628	277.183
17.373	329.628	277.183
17.383	329.761	277.039
17.393	330.676	68.121
17.403	330.333	67.713
17.413	329.628	67.713
17.423	329.628	68.255
17.433	329.818
17.443	330.562
17.453	329.628
17.463	329.628
17.473	329.628
17.483	329.628
17.493	329.628
17.503	333.458
17.513	333.458
17.523	92.499
17.533	92.232
17.543	92.499
17.553	92.499
17.563	92.499
17.573	92.499
17.583	92.499
17.593	92.499
17.603	92.499
17.613	92.499
17.623	92.499
17.633	92.499
17.643	92.499
17.653	92.499
17.663	92.499
17.673	92.499
17.683	92.499
17.693	92.499
17.703	92.499
17.713	92.499
17.723	92.499
17.733	92.499
17.743	92.606
17.753	92.499
17.763	92.499
17.773	92.499
17.783	92.499
17.793	92.499
17.803	92.579
17.813	92.499
17.823	92.499
17.833	92.499
17.843	92.499
17.853	92.499
17.863	92.761
17.873	92.173
17.883	92.499
17.893	92.499
17.903	92.499
17.913	92.499
17.923	92.499
17.933	92.499
17.943	92.499
17.953	92.499
17.963	92.981
17.973	92.499
17.983	92.499
17.993	92.499
18.003	92.499
18.013	92.499
18.023	92.499
18.033	92.184
18.043	92.499
18.053	92.499
18.063	92.499
18.073	92.445
18.083	92.499	294.344
18.093	92.499	294.208
18.103	92.499	293.665
18.113	92.499	293.970
18.123	92.499	293.868
18.133	92.499	293.665
18.143	92.499	293.665
18.153	92.499
18.163	92.499
18.173	92.499
18.183	92.499
18.193	92.499
18.203	92.499
18.213	92.499
18.223	92.499
18.233	92.499
18.243	92.499
18.253	92.499
18.263	92.499
18.273	92.499
18.283	92.499
18.293	92.499
18.303	92.499
18.313	92.499
18.323	92.499
18.333	92.499
18.343	92.499
18.353	92.499
18.363	92.499
18.373	92.499
18.383	92.499
18.393	92.499
18.403	92.499
18.413	92.499
18.423	92.499
18.433	92.499
18.443	92.499
18.453	92.499
18.463	92.499
18.473	92.499
18.483	92.499
18.493	92.499
18.503	92.499
18.513	92.499
18.523	92.125
18.533	92.499
18.543	92.499
18.553	92.499
18.563	92.499
18.573	92.499
18.583	92.499
18.593	92.499
18.603	92.499
18.613	92.499
18.623	92.499
18.633	92.499
18.643	92.499
18.653	92.499
18.663	92.499
18.673	92.499
18.683	92.499
18.693	92.499
18.703	92.499
18.713	92.499
18.723	92.499
18.733	92.499
18.743	92.499
18.753	92.499
18.763	92.499
18.773	93.573
18.783	92.499
18.793	93.573
18.803	92.499
18.813	92.499
18.823	92.499
18.833	92.499
18.843	92.499
18.853	92.499
18.863	92.499
18.873	92.499
18.883	92.499
18.893	92.499
18.903	92.499	294.940
18.913	92.499	294.889
18.923	92.499	296.888
18.933	92.499	294.684
18.943	92.499	292.767
18.953	92.499	97.999
18.963	92.499	97.999
18.973	92.563	97.999
18.983	93.573	97.999
18.993	93.573	220.191
19.003	92.499	220.191
19.013	93.573	220.203
19.023	93.573	220.000
19.033	93.573	220.000
19.043	92.782	220.318
19.053	93.115	220.178
19.063	92.499	221.006
19.073	92.499	220.000
19.083	93.147	220.000
19.093	92.115	220.000
19.103	92.499	220.522
19.113	92.499	219.125
19.123	93.573	220.000
19.133	92.499	220.343
19.143	92.499	220.560
19.153	93.573	221.236
19.163	92.499	221.211
19.173	92.499	220.000
19.183	92.499	220.598
19.193	93.503	220.407
19.203	92.499	220.853
19.213	92.499	220.000
19.223	92.499	220.000
19.233	93.573	220.318
19.243	93.573	220.000
19.253	92.499	220.191
19.263	93.352	220.726
19.273	92.499	220.102
19.283	92.847	220.203
19.293	92.499	220.000
19.303	93.573	220.000
19.313	92.830	220.000
19.323	92.499	220.000
19.333	92.338	218.733
19.343	92.499	220.000
19.353	92.499	220.013
19.363	92.793	220.000
19.373	93.573	220.560
19.383	92.499	220.000
19.393	220.000	92.499
19.403	220.000	92.499
19.413	92.499	218.089
19.423	93.573	220.000
19.433	92.675	219.987
19.443	220.547	92.857
19.453	220.089	92.884
19.463	220.942	92.499
19.473	220.000	92.943
19.483	220.178	97.999
19.493	220.203	97.908
19.503	220.216	97.931
19.513	220.229	97.999
19.523	220.496	97.999
19.533	220.343	293.665
19.543	220.000	293.665
19.553	219.873	92.707
19.563	220.000	92.654
19.573	220.102	93.008
19.583	220.000	92.499
19.593	92.274	220.000
19.603	92.499	220.000
19.613	92.499	220.153
19.623	92.499	220.165
19.633	92.499	220.000
19.643	92.499	220.649
19.653	92.499	220.662
19.663	92.499	220.331
19.673	92.499	294.004
19.683	92.499	294.089
19.693	93.573	293.970
19.703	92.499	293.665
19.713	92.499	295.264
19.723	92.943	293.665
19.733	92.499	293.665
19.743	92.499	293.665
19.753	92.499	293.665
19.763	92.499	296.854
19.773	92.927	295.759
19.783	93.573	294.821
19.793	92.499	294.838
19.803	92.499	293.665
19.813	92.499	295.229
19.823	92.499	297.077
19.833	92.643	294.803
19.843	92.643	294.667
19.853	92.782	293.665
19.863	92.499	294.446
19.873	92.499	293.665
19.883	92.499	293.665
19.893	92.499	295.571
19.903	92.499	294.361
19.913	93.573	293.665
19.923	92.584	293.665
19.933	92.499	293.817
19.943	92.499	296.083
19.953	92.611	294.616
19.963	92.499	294.395
19.973	92.499	294.429
19.983	92.499	294.412
19.993	92.782	295.264
20.003	92.648	295.742
20.013	92.499	293.563
20.023	92.499	290.711
20.033	92.499	294.038
20.043	92.499	293.258
20.053	92.499	297.077
20.063	92.499	297.077
20.073	92.568	291.906
20.083	92.499	293.665
20.093	92.499	290.594
20.103	92.499	292.564
20.113	92.499	295.810
20.123	92.750	296.803
20.133	92.777	293.665
20.143	92.499	291.300
20.153	93.573	293.665
20.163	92.499	294.565
20.173	92.499	295.724
20.183	92.499	293.665
20.193	92.499	291.653
20.203	92.499	291.115
20.213	92.499	293.665
20.223	92.627	293.665
20.233	92.499	293.665
20.243	92.499	294.072
20.253	93.573	293.665
20.263	93.008	293.665
20.273	92.499	293.665
20.283	92.499	294.463
20.293	92.499	295.059
20.303	93.573	293.716
20.313	93.573	293.665
20.323	92.499	293.665
20.333	92.906	293.665
20.343	92.499	295.366
20.353	92.499	293.665
20.363	92.873	293.665
20.373	92.499	293.665
20.383	92.499	293.665
20.393	92.499	293.665
20.403	92.499	295.332
20.413	92.499	294.786
20.423	92.499	293.665
20.433	92.499	293.665
20.443	92.499	293.987
20.453	92.499	293.665
20.463	93.573	293.987
20.473	92.499	293.987
20.483	92.499	207.652
20.493	90.386	207.652
20.503	92.195	207.652
20.513	93.374	207.652
20.523	92.046	207.652
20.533	207.652	93.719
20.543	207.652	90.957
20.553	207.652	90.386
20.563	207.652	91.568
20.573	207.652	103.371
20.583	207.652	103.826
20.593	103.826	207.652
20.603	102.634
20.613	103.826
20.623	103.826
20.633	103.826
20.643	103.312
20.653	103.246
20.663	103.826
20.673	102.634
20.683	102.634
20.693	102.634
20.703	102.634
20.713	102.634
20.723	103.210
20.733	103.306
20.743	103.413
20.753	103.826
20.763	103.826
20.773	103.826
20.783	103.826
20.793	103.826
20.803	103.826
20.813	103.826
20.823	103.826
20.833	103.826
20.843	103.826
20.853	103.826
20.863	103.826
20.873	103.826
20.883	103.826
20.893	103.826
20.903	103.826
20.913	103.826
20.923	103.826
20.933	103.826
20.943	103.826
20.953	103.826
20.963	103.826
20.973	103.826
20.983	103.826
20.993	103.826
21.003	103.826
21.013	103.826
21.023	103.826
21.033	103.826
21.043	103.826
21.053	103.826
21.063	103.587
21.073	103.545
21.083	103.826
21.093	103.826
21.103	102.634
21.113	102.634
21.123	102.634
21.133	103.826
21.143	103.826
21.153	103.826
21.163	103.605
21.173	103.652
21.183	103.826
21.193	103.826
21.203	103.826
21.213	103.826
21.223	103.826
21.233	103.826
21.243	103.934
21.253	103.826
21.263	103.826
21.273	103.826
21.283	103.826
21.293	103.826
21.303	103.826
21.313	103.826
21.323	103.826
21.333	103.826
21.343	103.982
21.353	103.874
21.363	103.826
21.373	103.826
21.383	103.826
21.393	103.826
21.403	103.826
21.413	103.826
21.423	103.976
21.433	103.826
21.443	103.826
21.453	103.826
21.463	104.157
21.473	103.826
21.483	103.826
21.493	103.826
21.503	103.826
21.513	103.826
21.523	104.199
21.533	103.826
21.543	104.120
21.553	103.964	369.994
21.563	103.826	366.718
21.573	103.826	368.800
21.583	103.826	369.994
21.593	103.826	368.544
21.603	103.826	369.332
21.613	103.826	369.183
21.623	104.205	369.994
21.633	103.886	369.994
21.643	103.826	368.267
21.653	103.826	369.994
21.663	103.826	370.615
21.673	103.826	370.979
21.683	103.826	369.994
21.693	103.826	370.358
21.703	103.814	372.525
21.713	104.030	370.486
21.723	103.826	369.994
21.733	103.826
21.743	104.585
21.753	103.826
21.763	103.826
21.773	103.826
21.783	103.826
21.793	103.826
21.803	103.826
21.813	103.826
21.823	103.826
21.833	103.826
21.843	103.826
21.853	103.826
21.863	103.826
21.873	103.826
21.883	103.826
21.893	103.826
21.903	103.934
21.913	104.229
21.923	103.826
21.933	103.826
21.943	103.826
21.953	103.826
21.963	103.826
21.973	103.826
21.983	103.904
21.993	103.826
22.003	103.826
22.013	103.826
22.023	103.826
22.033	105.033
22.043	103.826
22.053	103.826
22.063	103.826
22.073	103.826
22.083	103.826
22.093	103.826
22.103	103.826
22.113	103.826
22.123	103.826
22.133	103.826
22.143	103.826
22.153	103.826
22.163	103.826
22.173	103.826
22.183	103.826
22.193	103.826
22.203	103.826
22.213	103.850
22.223	103.826
22.233	104.530
22.243	104.385
22.253	103.826
22.263	103.826
22.273	103.826
22.283	104.295
22.293	103.826
22.303	103.826
22.313	103.826
22.323	103.994
22.333	103.826
22.343	103.826
22.353	103.826
22.363	103.826
22.373	103.826
22.383	103.826
22.393	103.826
22.403	103.826
22.413	103.826
22.423	103.952
22.433	103.826
22.443	103.826
22.453	103.826
22.463	103.826
22.473	103.826
22.483	103.826
22.493	103.826
22.503	103.826
22.513	103.826
22.523	104.048
22.533	105.033
22.543	104.494
22.553	103.826	277.087
22.563	103.826	277.167
22.573	105.033	277.455
22.583	103.850	278.016
22.593	104.042	277.183
22.603	103.940	277.183
22.613	103.826	277.183
22.623	103.826	277.183
22.633	103.826	276.703
22.643	104.030	277.695
22.653	103.826	278.966
22.663	103.826	278.466
22.673	103.826	277.856
22.683	103.826	278.821
22.693	103.826	277.183
22.703	103.826	278.177
22.713	103.826	277.647
22.723	103.826	276.479
22.733	103.826	277.183
22.743	103.826
22.753	103.826
22.763	103.826
22.773	103.826
22.783	103.826
22.793	103.826
22.803	103.826
22.813
22.823
22.833
22.843
22.853
22.863
22.873
22.883
22.893
22.903
22.913
22.923
22.933	103.988
22.943	104.000
22.953	104.048
22.963	104.072
22.973	103.826
22.983	103.826
22.993	105.033
23.003	103.826
23.013	103.826
23.023	104.845
23.033	103.826
23.043	104.108
23.053	103.826
23.063	103.826
23.073	103.826
23.083	103.826
23.093	103.886
23.103	103.868
23.113	103.850
23.123	103.826
23.133	103.826
23.143	103.826	330.982
23.153	103.826	331.575
23.163	103.826	330.218
23.173	103.826	328.734
23.183	103.826	329.628
23.193	103.826	331.193
23.203	103.826	330.485
23.213	103.826	332.458
23.223	103.826
23.233	103.826
23.243	103.826
23.253	103.880
23.263	103.910
23.273	103.934
23.283	103.826
23.293	103.826
23.303	104.319
23.313	104.030
23.323	104.048
23.333	104.054
23.343	104.802
23.353	103.826
23.363	103.826
23.373	103.826
23.383	103.826
23.393	103.826
23.403	104.548
23.413	103.826
23.423	103.994
23.433	103.982
23.443	103.958
23.453	103.958
23.463	207.652
23.473	207.652
23.483	207.616
23.493	207.604
23.503	207.592
23.513	207.676
23.523	208.916
23.533	103.826
23.543	103.826
23.553	103.826
23.563	103.826
23.573	103.826
23.583	103.826
23.593	103.826
23.603	103.826
23.613	103.826
23.623	103.826
23.633	103.826
23.643	103.826
23.653	103.826
23.663	103.826
23.673	103.826
23.683	103.826
23.693	103.826
23.703	103.826
23.713	103.826
23.723	103.826
23.733	103.826
23.743	103.826
23.753	103.826
23.763	105.033
23.773	106.253
23.783	103.826
23.793	105.033
23.803	103.826
23.813	103.826
23.823	104.205
23.833	105.033
23.843	103.826
23.853	103.826
23.863	103.826
23.873	103.826
23.883	103.826
23.893	103.826
23.903	104.289
23.913	103.826
23.923	103.826
23.933	103.826
23.943	103.892
23.953	103.892
23.963	104.108
23.973	103.826
23.983	103.826
23.993	103.826
24.003	103.826
24.013	103.826
24.023	103.826
24.033	104.078
24.043	103.826
24.053	104.229
24.063	103.826
24.073	103.826
24.083	103.826
24.093	103.826
24.103	103.826
24.113	103.826
24.123	103.826
24.133	103.826
24.143	103.826
24.153	103.826
24.163	103.826
24.173	103.826
24.183	103.826
24.193	103.826
24.203	103.826
24.213	103.826
24.223	103.826
24.233	103.826
24.243	103.826
24.253	103.826
24.263	103.826
24.273	104.361
24.283	103.826
24.293	103.826
24.303	103.826
24.313	103.826
24.323	103.826
24.333	103.826
24.343	103.826
24.353	103.826
24.363	103.826
24.373	103.826
24.383	103.826
24.393	103.826
24.403	103.826
24.413	103.826
24.423	103.826
24.433	103.826
24.443	104.271
24.453	103.826
24.463	103.826
24.473	103.838
24.483	103.826
24.493	103.826
24.503	103.826
24.513	103.826
24.523	103.826
24.533	103.880
24.543	104.331
24.553	104.404
24.563	103.826
24.573	103.658
24.583	103.826
24.593	103.826
24.603	103.826
24.613	103.826
24.623	103.826
24.633	103.826
24.643	103.826
24.653	103.826
24.663	103.826
24.673	103.826
24.683	103.826
24.693	103.826
24.703	103.826
24.713	103.826
24.723	103.826
24.733	103.634
24.743	103.850
24.753	103.826
24.763	103.826
24.773	103.826
24.783	104.012
24.793	103.826
24.803	104.397
24.813	103.940
24.823	103.826
24.833	103.826
24.843	103.622
24.853	103.826
24.863	103.826
24.873	103.826
24.883	103.826
24.893	103.826
24.903	103.826
24.913	103.826
24.923	103.826
24.933	103.826
24.943	103.826
24.953	103.826
24.963	103.826
24.973	103.826
24.983	103.826
24.993	103.826
25.003	103.826
25.013	103.826
25.023	103.826
25.033	103.826
25.043	103.826
25.053	104.760
25.063	103.826	184.997
25.073	104.482	184.997
25.083	103.826	184.997
25.093	103.826	184.997
25.103	103.826	184.997
25.113	103.826	184.997
25.123	103.826	184.997
25.133	103.826	184.997
25.143	103.826	184.997
25.153	104.289	184.997
25.163	103.826	184.997
25.173	103.826	184.997
25.183	103.826	184.997
25.193	103.826	184.997
25.203	104.277	186.273
25.213	104.223	183.010
25.223	103.826	184.997
25.233	103.826	185.158
25.243	103.886	184.730
25.253	103.826	183.698
25.263	103.826	184.997
25.273	103.826	183.147
25.283	103.826	184.794
25.293	103.826	184.997
25.303	103.826	184.997
25.313	103.826	184.997
25.323	103.826	184.997
25.333	104.126	184.997
25.343	103.826	184.997
25.353	103.826	182.872
25.363	104.494	184.997
25.373	103.826	184.997
25.383	103.826	186.834
25.393	103.826	184.997
25.403	103.826	184.997
25.413	104.385	185.500
25.423	103.826	185.019
25.433	103.868	184.997
25.443	103.826	184.997
25.453	184.997	103.826
25.463	184.997	103.826
25.473	184.997	103.826
25.483	183.232	103.826
25.493	184.997	103.826
25.503	184.997	104.006
25.513	184.997	104.036
25.523	103.970	186.123
25.533	105.033	184.997
25.543	104.223	184.784
25.553	103.826	184.997
25.563	104.114	184.645
25.573	103.826	182.872
25.583	103.826	184.549
25.593	105.033	184.485
25.603	103.826	261.762
25.613	104.030	262.034
25.623	103.826	262.004
25.633	103.928	261.671
25.643	104.024	261.626
25.653	103.826	261.595
25.663	104.090	260.826
25.673	104.120	261.746
25.683	103.826	261.550
25.693	103.826	261.550
25.703	103.826
25.713	105.033
25.723	105.033
25.733	103.826
25.743	105.033
25.753	104.247
25.763	103.605
25.773	103.826
25.783	103.826	261.777
25.793	103.826	261.626
25.803	103.826	261.792
25.813	103.826	262.443
25.823	103.628	261.626
25.833	103.826	261.867
25.843	104.410	261.746
25.853	105.033	261.626
25.863	103.826	261.686
25.873	103.826	261.626
25.883	103.826	261.626
25.893	103.826	261.626
25.903	104.331	261.626
25.913	104.693	261.626
25.923	103.826	261.626
25.933	103.826	261.444
25.943	103.826	261.354
25.953	104.851	260.705
25.963	103.826	261.626
25.973	103.826	260.600
25.983	103.826	261.626
25.993	104.609	260.751
26.003	103.826	261.626
26.013	104.301	262.140
26.023	103.826	264.666
26.033	103.826	261.626
26.043	103.826	261.626
26.053	103.826	261.626
26.063	103.826	261.535
26.073	104.518	261.807
26.083	103.826	261.626
26.093	103.826	261.928
26.103	103.826	261.656
26.113	103.826	261.429
26.123	103.826	261.626
26.133	103.826	261.550
26.143	103.826	261.550
26.153	103.826	261.626
26.163	103.826	261.535
26.173	103.784	261.429
26.183	103.826	261.520
26.193	103.826	260.977
26.203	103.826	261.520
26.213	103.826	261.550
26.223	103.976	261.626
26.233	103.826	261.777
26.243	103.826	261.595
26.253	103.838
26.263	103.838
26.273	103.826
26.283	103.826
26.293	103.826
26.303	103.826
26.313	103.826
26.323	103.826
26.333	103.826
26.343	103.826
26.353	103.826
26.363	103.826
26.373	103.826
26.383	103.826
26.393	103.826
26.403	102.634
26.413	103.826
26.423	103.826
26.433	103.826
26.443	103.826
26.453	103.826
26.463	103.826
26.473	103.844
26.483	103.826
26.493	103.389
26.503	103.826
26.513	103.826
26.523	103.826
26.533	103.826
26.543	103.826
26.553	103.826
26.563	103.826
26.573	103.826
26.583	103.826
26.593	103.826
26.603	103.826
26.613	103.826
26.623	103.826
26.633	103.826
26.643	103.826
26.653	103.826
26.663	103.826
26.673	103.826
26.683	103.826
26.693	103.826
26.703	103.826
26.713	103.826
26.723	103.826
26.733	103.826
26.743	103.826
26.753	103.826
26.763	103.826
26.773	103.826
26.783	103.826
26.793	103.898
26.803	103.826
26.813	103.838
26.823	103.838
26.833	103.838
26.843	103.826
26.853	103.838
26.863	103.838
26.873	367.906
26.883	207.568
26.893	207.604
26.903	207.616
26.913	207.616
26.923	207.652
26.933	207.449
26.943	207.365
26.953	207.652
26.963	207.652
26.973	208.337
26.983	207.652
26.993	207.652
27.003	207.269
27.013	207.652
27.023	103.826
27.033	104.036
27.043	103.826
27.053	104.361
27.063	103.826
27.073	103.826
27.083	104.343
27.093	105.033
27.103	104.132
27.113	103.826
27.123	104.120
27.133	103.826
27.143	69.296
27.153	69.296
27.163	69.296
27.173	69.296
27.183	69.296
27.193	69.296
27.203	69.296
27.213	69.296
27.223	69.316
27.233	69.296
27.243	69.356
27.253	69.376
27.263	69.392
27.273	69.428
27.283	69.448
27.293	69.296
27.303	69.480
27.313	70.101
27.323	69.296
27.333	69.296
27.343	69.296
27.353	69.296
27.363	70.101
27.373	69.296
27.383	69.296
27.393	69.424
27.403	69.408
27.413	207.125
27.423	206.922
27.433	207.006
27.443	206.934
27.453	207.329
27.463	207.652
27.473	207.652
27.483	207.042
27.493	207.652
27.503	207.652
27.513	207.760
27.523	207.652
27.533	207.652
27.543	208.482
27.553	207.724
27.563	207.652
27.573	207.652
27.583	207.652
27.593	207.652
27.603	207.652
27.613	207.652
27.623	207.652
27.633	207.652
27.643	207.652
27.653	206.886
27.663	207.305
27.673	207.652
27.683	207.652
27.693	206.958
27.703	207.652
27.713	207.652
27.723	207.281
27.733	207.772
27.743	208.133
27.753	207.652
27.763	207.784
27.773	207.149
27.783	207.496
27.793	206.397
27.803	207.652
27.813	207.149
27.823	207.652
27.833	207.664
27.843	207.652
27.853	207.652
27.863	207.652
27.873	207.652
27.883	207.425
27.893	207.652
27.903	207.293
27.913	207.652
27.923	207.652
27.933	207.652
27.943	207.113
27.953	207.724
27.963	207.652
27.973	207.652
27.983	207.652	277.039
27.993	207.652	277.183
28.003	210.211	277.167
28.013	207.652	277.199
28.023	207.652	277.968
28.033	207.652	277.183
28.043	207.652	277.183
28.053	207.652	277.183
28.063	207.652	277.183
28.073	277.183	207.652
28.083	277.183	208.241
28.093	277.183	207.652
28.103	277.183	207.544
28.113	277.183	207.952
28.123	277.183	207.988
28.133	276.623	209.145
28.143	209.024	277.183
28.153	207.652	277.119
28.163	207.532
28.173	207.652
28.183	207.652
28.193	207.808
28.203	207.652
28.213	207.652
28.223	207.652
28.233	207.652
28.243	207.652
28.253	207.652
28.263	207.772
28.273	208.133
28.283	207.652
28.293	207.652
28.303	207.916
28.313	207.652
28.323	208.578
28.333	207.820
28.343	207.916
28.353	207.652
28.363	207.652
28.373	207.484
28.383	207.652
28.393	207.652
28.403	276.975
28.413	277.023
28.423	277.183
28.433	277.183
28.443	277.183
28.453	277.183
28.463	276.959
28.473	276.287
28.483	277.119
28.493	277.872
28.503	207.772
28.513	208.530
28.523	207.652
28.533	207.532
28.543	207.652
28.553	207.652
28.563	207.652
28.573	207.652
28.583	207.652
28.593	207.329
28.603	207.652
28.613	207.652
28.623	207.652
28.633	207.652
28.643	207.652
28.653	208.759
28.663	207.652
28.673	207.652
28.683	207.652
28.693	207.772
28.703	207.652
28.713	207.652
28.723	207.652
28.733	207.640
28.743	207.652
28.753	207.652
28.763	207.652
28.773	207.652
28.783	207.173
28.793	207.652
28.803	207.652
28.813	206.898
28.823	207.652
28.833	207.652
28.843	207.748
28.853	207.652
28.863	207.652
28.873	207.652
28.883	207.652
28.893	207.652
28.903	207.652
28.913	207.652
28.923	207.700
28.933	207.652
28.943	207.652
28.953	207.748
28.963	207.652	277.183
28.973	207.652	279.143
28.983	207.652	280.403
28.993	209.012	277.808
29.003	207.652	274.998
29.013	207.652	276.080
29.023	207.652	277.183
29.033	207.652	277.183
29.043	207.652	277.183
29.053	207.652	277.215
29.063	207.652	277.183
29.073	207.652	277.183
29.083	277.487	208.349
29.093	277.183	207.652
29.103	277.183	207.784
29.113	277.183	207.652
29.123	277.343	207.652
29.133	277.599	207.652
29.143	277.599	207.652
29.153	277.984	208.747
29.163	278.193	207.652
29.173	277.375	207.832
29.183	277.535	207.652
29.193	277.183
29.203	276.144
29.213	277.183
29.223	277.183
29.233	277.135
29.243	277.183
29.253	276.559
29.263	276.911
29.273	277.583
29.283	277.183
29.293	277.183
29.303	277.439
29.313	277.183
29.323	277.183
29.333	277.183
29.343	277.183
29.353	277.183
29.363	277.183
29.373	277.183
29.383	277.183
29.393	277.183
29.403	276.943
29.413	276.319
29.423	276.943
29.433	276.256
29.443	275.984
29.453	277.055
29.463	277.183
29.473	277.183
29.483	278.370
29.493	278.306
29.503	277.183
29.513	277.183
29.523	276.911
29.533	275.953
29.543	278.466
29.553	277.439
29.563	275.921	330.600
29.573	277.183	330.543
29.583	277.023	329.628
29.593	277.183	331.614
29.603	277.183	329.628
29.613	277.135	329.951
29.623	278.129	329.799
29.633	277.183	329.628
29.643	276.287	329.532
29.653	277.183	329.456
29.663	277.455	330.772
29.673	277.183	328.886
29.683	277.087	326.425
29.693	276.447	329.628
29.703	276.224	329.628
29.713	277.183	329.628
29.723	277.183	329.228
29.733	276.415	329.247
29.743	277.183
29.753	277.183
29.763	277.023
29.773	277.183
29.783	277.183
29.793	277.455
29.803	276.959
29.813	277.183
29.823	276.639
29.833	276.911
29.843	277.183
29.853	276.927
29.863	277.183
29.873	277.183
29.883	276.735
29.893	277.183
29.903	276.064
29.913	277.039
29.923	276.527
29.933	277.183
29.943	277.183
29.953	276.415
29.963	276.655
29.973	277.183
29.983	277.183
29.993	277.183
30.003	276.959
30.013	277.183
30.023	276.719
30.033	276.895
30.043	276.463
30.053	277.183
30.063	277.183
30.073	276.527
30.083	277.023	207.808
30.093	277.183	207.652
30.103	275.825	207.676
30.113	276.639	207.652
30.123	207.652	276.815
30.133	207.652	276.479
30.143	207.652	276.879
30.153	207.652	277.183
30.163	207.652	277.183
30.173	207.652	277.183
30.183	207.652	277.183
30.193	207.652	277.183
30.203	208.674	276.335
30.213	208.169	277.183
30.223	207.808	277.183
30.233	207.556	277.007
30.243	207.652	276.511
30.253	207.652	277.183
30.263	207.652	276.847
30.273	207.652	277.183
30.283	207.652	277.183
30.293	207.652	277.071
30.303	207.065	277.183
30.313	207.652	277.183
30.323	207.652	276.895
30.333	207.652	277.183
30.343	207.652	277.183
30.353	207.652	277.183
30.363	207.652	277.183
30.373	207.652	276.831
30.383	207.652	277.183
30.393	207.652	277.183
30.403	207.652	277.183
30.413	207.652	277.183
30.423	207.652	277.183
30.433	207.652
30.443	207.652
30.453	207.652
30.463	207.772
30.473	207.808
30.483	277.535
30.493	277.631
30.503	277.183
30.513	278.370
30.523	278.402
30.533	277.856
30.543	277.567
30.553	277.984
30.563	277.359
30.573	277.375
30.583	278.241
30.593	277.423
30.603	277.311
30.613	278.049
30.623	278.113
30.633	277.519
30.643	278.145
30.653	277.551
30.663	276.767
30.673	276.527
30.683	277.183
30.693	277.183
30.703	277.183
30.713	277.183
30.723	277.183
30.733	277.295
30.743	207.652
30.753	207.496
30.763	207.652
30.773	207.652
30.783	207.652
30.793	207.652
30.803	207.652
30.813	207.652
30.823	207.532
30.833	207.652
30.843	207.664
30.853	207.856
30.863	207.652
30.873	207.652
30.883	207.652
30.893	207.652
30.903	207.652
30.913	207.664
30.923	207.664
30.933	207.664
30.943	207.652
30.953	207.652
30.963	207.652
30.973	207.652
30.983	207.652
30.993	207.652
31.003	207.652
31.013	207.652
31.023	207.652
31.033	207.652
31.043	207.652
31.053	207.652
31.063	276.751
31.073	277.231
31.083	277.199
31.093	277.183
31.103	277.135
31.113	276.671
31.123	277.311
31.133	277.407
31.143	277.744
31.153	276.224
31.163	277.183
31.173	276.351
31.183	276.975
31.193	277.183
31.203	276.975
31.213	276.959
31.223
31.233
31.243
31.253
31.263
31.273
31.283
31.293
31.303
31.313
31.323
31.333
31.343
31.353
31.363
31.373
31.383
31.393
31.403
31.413
31.423
31.433
31.443
31.453
31.463	410.535
31.473	414.658
31.483	415.929
31.493	415.305
31.503	415.353
31.513	207.868
31.523	207.652
31.533	208.976
31.543	207.568
31.553	207.652
31.563	207.652
31.573	207.652
31.583	207.652
31.593	207.652
31.603	207.652
31.613	207.113
31.623	207.652
31.633	207.592
31.643	207.604
31.653	207.652
31.663	207.652
31.673	207.652
31.683	207.652
31.693	207.652
31.703	207.652
31.713	207.664
31.723	207.652
31.733	207.652
31.743	207.652
31.753	207.652
31.763	207.868
31.773	207.652
31.783	207.652
31.793	207.652
31.803	207.652
31.813	208.145
31.823	207.652
31.833	207.652
31.843	207.652
31.853	207.652
31.863	207.652
31.873	207.652
31.883	207.652
31.893	207.652
31.903	207.652
31.913	207.652
31.923	207.652
31.933	207.652
31.943	207.652
31.953	207.652
31.963	207.652
31.973	207.652
31.983	207.652
31.993	207.652
32.003	207.652
32.013	207.652
32.023	207.652
32.033	207.652
32.043	207.652
32.053	207.652
32.063	207.652	277.183
32.073	207.652	277.279
32.083	207.760	277.407
32.093	207.652	277.503
32.103	207.652	277.183
32.113	207.652	277.695
32.123	207.652	277.183
32.133	207.652	277.647
32.143	207.652	278.402
32.153	207.652	279.514
32.163	207.652	278.193
32.173	207.652	277.824
32.183	207.652	277.856
32.193	207.520	277.776
32.203	208.169	277.679
32.213	207.652	277.183
32.223	207.688
32.233	207.652
32.243	207.652
32.253	207.652
32.263	207.652
32.273	207.652
32.283	207.652
32.293	207.652
32.303	207.940
32.313	207.461
32.323	207.652
32.333	207.652
32.343	207.688
32.353	208.253
32.363	207.065
32.373	207.868
32.383	207.652
32.393	207.652
32.403	207.652
32.413	415.305
32.423	414.753
32.433	415.305
32.443	415.305
32.453	415.305
32.463	415.305
32.473	415.305
32.483	415.233
32.493	415.257
32.503	415.305
32.513	414.921
32.523	415.305
32.533	415.305
32.543	415.305
32.553	415.305
32.563	415.305
32.573	415.305
32.583	415.305
32.593	415.305
32.603	415.305	329.647
32.613	415.305	332.880
32.623	415.305	329.647
32.633	415.305	329.361
32.643	415.305	325.841
32.653	415.305	329.666
32.663	415.305	330.810
32.673	415.305	329.799
32.683	415.305	331.307
32.693	415.305	329.628
32.703	415.305	329.628
32.713	415.305	329.628
32.723	415.305	330.466
32.733	415.305	329.628
32.743	415.305	329.628
32.753	415.305	328.753
32.763	415.305	328.430
32.773	420.130	322.099
32.783	415.185
32.793	420.130
32.803	415.305
32.813	416.073
32.823	415.305
32.833	415.305
32.843	415.305
32.853	415.305
32.863	415.305
32.873	415.305
32.883	415.305
32.893	415.233
32.903	415.209
32.913	414.873
32.923	415.305
32.933	415.305
32.943	414.801
32.953	415.305
32.963	415.209
32.973	415.233
32.983	415.305
32.993	415.305
33.003	415.305
33.013	415.305
33.023	415.305
33.033	415.353
33.043	415.305
33.053	415.329
33.063	415.761
33.073	415.545
33.083	415.377
33.093	415.305
33.103	415.305
33.113	415.401
33.123	415.473
33.133	415.305
33.143	415.833
33.153	415.305
33.163	415.497
33.173	416.410
33.183	415.305
33.193	415.305
33.203	416.097
33.213	420.130
33.223	420.130
33.233	420.130
33.243	416.193
33.253	415.305
33.263	415.305
33.273	415.305
33.283	416.747
33.293	208.831
33.303	207.652	130.813
33.313	207.652	130.813
33.323	208.121	132.333
33.333	209.375	130.813
33.343	207.652	131.115
33.353	207.832	131.108
33.363	207.976	103.826
33.373	207.928	103.826
33.383	103.826	207.652
33.393	103.826	207.832
33.403	103.826	207.796
33.413	103.826	207.652
33.423	103.826	207.652
33.433	103.826	207.664
33.443	103.826	207.652
33.453	103.826	207.652
33.463	103.826	207.652
33.473	103.826	207.652
33.483	103.856
33.493	103.862
33.503	103.826
33.513	103.826
33.523	103.826
33.533	103.826
33.543	104.391
33.553	103.826
33.563	103.826
33.573	103.826
33.583	103.826
33.593	104.024	261.671
33.603	104.434	261.656
33.613	104.060	261.626
33.623	103.826	261.837
33.633	105.033	261.626
33.643	261.626	103.826
33.653	261.626	103.826
33.663	261.626	207.808
33.673	261.626	207.652
33.683	207.652	261.580
33.693	207.652	261.248
33.703	208.759	261.626
33.713	207.952	130.813
33.723	207.652	130.813
33.733	207.652	130.813
33.743	207.652	129.984
33.753	207.652	130.813
33.763	210.065	130.813
33.773	207.652	261.037
33.783	210.065	261.339
33.793	207.652	261.626
33.803	208.193	261.626
33.813	207.652	261.112
33.823	261.626	208.121
33.833	261.339	208.073
33.843	261.626	207.652
33.853	260.089	207.652
33.863	208.807	261.308
33.873	207.904	261.233
33.883	207.652	261.233
33.893	207.652	261.233
33.903	207.964	261.052
33.913	207.652	261.293
33.923	207.652	261.323
33.933	261.626	207.652
33.943	261.626	208.157
33.953	261.067	208.494
33.963	261.626	210.065
33.973	261.082	104.084
33.983	261.218	102.634
33.993	261.626	103.826
34.003	261.626	103.688
34.013	261.671	103.826
34.023	103.826	261.505
34.033	103.826	261.626
34.043	103.748	207.652
34.053	207.736	103.826
34.063	207.748	103.826
34.073	207.652	311.127
34.083	207.652	314.742
34.093	207.652	314.742
34.103	207.652	314.742
34.113	207.652	310.122
34.123	207.652	313.110
34.133	207.652	314.742
34.143	209.423	311.631
34.153	209.810	130.813
34.163	209.073	130.677
34.173	207.652	130.654
34.183	207.652	130.813
34.193	207.652	130.624
34.203	207.652	132.333
34.213	207.652	128.751
34.223	129.400	207.652
34.233	130.813	207.748
34.243	130.813	207.688
34.253	130.813	207.652
34.263	130.813	207.317
34.273	130.813	207.652
34.283	130.813	207.652
34.293	130.813	207.652
34.303	129.520	207.652
34.313	207.652	130.813
34.323	207.880	130.813
34.333	207.652	130.813
34.343	207.652	132.333
34.353	207.652	130.866
34.363	207.652	130.813
34.373	207.652	130.813
34.383	207.652	130.813
34.393	207.652	130.813
34.403	207.652	130.737
34.413	208.976	130.074
34.423	207.844	130.639
34.433	207.856	130.813
34.443	207.652	130.564
34.453	207.652	130.813
34.463	207.652	130.601
34.473	207.652	129.550
34.483	207.652	130.813
34.493	207.652	130.601
34.503	209.580	130.654
34.513	207.880	130.707
34.523	207.856	130.813
34.533	207.652	130.790
34.543	207.652	130.881
34.553	207.652	130.926
34.563	207.652	130.813
34.573	207.652	131.002
34.583	207.652	132.065
34.593	130.112	207.652
34.603	130.813	207.664
34.613	131.921	207.748
34.623	130.813	207.652
34.633	130.813	207.652
34.643	130.813	207.652
34.653	130.813	207.652
34.663	130.813	207.652
34.673	130.813	207.652
34.683	130.813	207.652
34.693	130.549	207.652
34.703	128.254	207.652
34.713	130.813	207.652
34.723	130.813	207.652
34.733	130.813	207.652
34.743	130.692
34.753	130.760
34.763	130.783
34.773	130.813
34.783	130.813
34.793	207.652
34.803	207.652
34.813	207.652
34.823	207.652
34.833	207.652
34.843	207.652
34.853	207.652
34.863	207.652
34.873	207.652
34.883	207.652
34.893	207.652
34.903	207.520
34.913	207.652	130.888
34.923	205.078	130.858
34.933	207.544	130.813
34.943	208.590	131.799
34.953	208.542	130.813
34.963	207.652	130.813
34.973	207.652	130.586
34.983	207.652	130.323
34.993	207.652	130.767
35.003	207.652	130.571
35.013	207.652	130.813
35.023	207.652	130.813
35.033	207.652	130.813
35.043	207.976	130.813
35.053	207.652	130.813
35.063	210.065	130.813
35.073	207.652	130.481
35.083	207.760	131.161
35.093	207.652	130.813
35.103	207.652	131.062
35.113	207.652	131.852
35.123	207.652	132.409
35.133	207.844	130.813
35.143	207.652	130.813
35.153	207.652	130.813
35.163	207.652	130.813
35.173	207.652	130.813
35.183	207.652	130.813
35.193	210.065	130.813
35.203	207.652	131.191
35.213	207.652	130.813
35.223	207.652	130.458
35.233	208.265	130.835
35.243	208.891	130.813
35.253	207.652	130.813
35.263	207.652	130.813
35.273	207.652	130.813
35.283	130.813	207.652
35.293	130.813	207.652
35.303	131.723	207.772
35.313	131.032	417.108
35.323	420.130	131.070
35.333	415.305	130.579
35.343	415.305	131.131
35.353	420.130	312.893
35.363	417.518	313.345
35.373	416.145	312.279
35.383	416.650	312.496
35.393	415.305	312.297
35.403	420.130	312.135
35.413	420.130	311.127
35.423	311.883	418.677
35.433	311.127	418.943
35.443	312.099	420.130
35.453	312.207	130.255
35.463	312.009	130.210
35.473	311.127	130.813
35.483	310.893	130.813
35.493	311.793	130.383
35.503	311.883	127.825
35.513	311.685	130.180
35.523	310.822	130.255
35.533	309.854	130.345
35.543	311.127	130.813
35.553	311.127	130.436
35.563	312.099	130.813
35.573	312.279	130.518
35.583	312.027	130.564
35.593	311.433	130.428
35.603	311.127	130.813
35.613	309.782	130.677
35.623	311.415	130.813
35.633	312.315	132.333
35.643	311.415	130.813
35.653	312.333	128.180
35.663	311.127	130.813
35.673	130.813	311.127
35.683	130.813	311.127
35.693	130.632	310.911
35.703	130.813	311.577
35.713	130.639	311.559
35.723	130.813	310.391
35.733	129.707	311.217
35.743	131.860	311.199
35.753	130.338	310.750
35.763	130.813	311.865
35.773	130.202	311.217
35.783	130.813	312.406
35.793	130.813	311.199
35.803	130.813
35.813	131.403
35.823	130.813
35.833	131.070
35.843	130.783
35.853	130.112
35.863	130.775
35.873	130.805
35.883	130.828
35.893	130.813
35.903	130.813
35.913	130.813	123.471
35.923	130.767	123.471
35.933	130.813	123.471
35.943	131.267	123.471
35.953	131.403	123.471
35.963	132.333	123.506
35.973	123.471	131.555
35.983	131.624	123.471
35.993	132.333	123.628
36.003	123.685	132.333
36.013	123.471	131.669
36.023	131.593	123.471
36.033	130.813	123.892
36.043	132.020	123.971
36.053	131.290	125.484
36.063	129.857	124.071
36.073	132.333	124.114
36.083	131.047	123.471
36.093	130.964	124.394
36.103	130.496	124.229
36.113	130.813	124.208
36.123	130.866	123.471
36.133	129.310	124.165
36.143	132.463	124.165
36.153	130.813	124.905
36.163	124.905	130.813
36.173	124.905	130.843
36.183	123.471
36.193	123.957
36.203	122.053
36.213	123.899
36.223	123.899
36.233	124.905
36.243	123.471
36.253	311.127
36.263	207.808
36.273	207.808
36.283	207.652
36.293	207.652
36.303	208.313
36.313	208.012
36.323	207.652
36.333	207.652
36.343	207.652
36.353	207.652
36.363	207.652
36.373	208.470
36.383	207.652
36.393	207.652
36.403	207.652
36.413	207.652
36.423	207.652
36.433	207.652
36.443	207.652
36.453	207.652
36.463	207.652
36.473	207.652
36.483	208.783
36.493	208.097
36.503	207.652
36.513	207.089
36.523	207.880
36.533	207.652
36.543	208.590
36.553	206.826
36.563	207.688
36.573	207.652
36.583	207.652
36.593	207.652
36.603	207.652
36.613	207.652
36.623	207.844
36.633	207.652
36.643	207.652
36.653	207.652
36.663	207.652
36.673	207.652
36.683	207.652
36.693	207.652
36.703	207.652
36.713	207.652
36.723	207.652
36.733	207.652
36.743	207.652
36.753	207.652
36.763	207.652
36.773	207.652
36.783	207.652
36.793	207.652
36.803	207.652
36.813	207.652
36.823	207.652
36.833	207.652
36.843	207.652
36.853	207.652
36.863	207.652
36.873	207.652
36.883	312.406
36.893	311.343
36.903	311.307
36.913	310.947
36.923	311.253
36.933	310.678
36.943	311.235
36.953	311.307
36.963	311.127
36.973	311.235
36.983	311.235
36.993	207.652
37.003	207.652
37.013	207.652
37.023	207.652
37.033	207.652
37.043	207.652
37.053	207.652
37.063	207.652
37.073	207.652
37.083	415.401
37.093	415.425
37.103	415.449
37.113	415.665
37.123	415.305
37.133	415.665
37.143	415.329
37.153	415.353
37.163	415.233
37.173	415.305
37.183	415.161
37.193	415.305
37.203	415.065
37.213	413.390
37.223	415.305
37.233	415.113
37.243	415.857
37.253	311.127
37.263	312.027
37.273	367.693
37.283	368.927
37.293	369.994
37.303	368.587
37.313	368.608
37.323	123.471
37.333	123.471
37.343	123.471
37.353	123.471
37.363	123.471
37.373	123.471
37.383	123.471
37.393	123.421
37.403	123.471
37.413	123.471
37.423	123.350
37.433	123.471
37.443	123.286
37.453	123.243
37.463	123.471
37.473	122.053
37.483	123.278
37.493	123.471
37.503	123.407
37.513	123.471
37.523	123.571
37.533	123.471
37.543	123.756
37.553	124.905
37.563	123.878
37.573	123.471
37.583	123.471
37.593	123.899
37.603	123.899
37.613	124.905
37.623	123.849
37.633	123.471
37.643	123.878
37.653	123.471
37.663	123.971
37.673	123.471
37.683	207.652
37.693	419.015
37.703	419.088
37.713	419.137
37.723	419.088
37.733	425.012
37.743	417.783
37.753	420.130
37.763	420.130
37.773	415.449
37.783	415.425
37.793	208.133
37.803	207.652
37.813	209.242
37.823	207.652
37.833	208.445
37.843	210.065
37.853	207.652
37.863	207.652
37.873	207.652
37.883	207.652
37.893	207.652
37.903	207.652
37.913	207.808
37.923	207.652
37.933	208.073
37.943	207.700
37.953	207.652
37.963	207.652
37.973	207.688
37.983	207.652
37.993	207.652
38.003	207.652
38.013	207.652
38.023	207.652
38.033	207.652
38.043	207.652
38.053	207.652
38.063	207.652
38.073	207.652
38.083	207.652
38.093	207.652
38.103	207.652
38.113	207.652
38.123	207.652
38.133	207.652
38.143	207.652
38.153	207.652
38.163	207.652
38.173	207.652
38.183	207.652
38.193	207.652
38.203	207.832
38.213	207.652
38.223	207.652
38.233	207.652
38.243	207.688
38.253	207.652
38.263	207.652
38.273	207.652
38.283	207.652
38.293	207.652
38.303	207.652
38.313	207.652
38.323	207.652
38.333	210.065
38.343	207.652
38.353	207.065
38.363	207.652
38.373	210.065
38.383	207.652
38.393	207.652
38.403	207.652
38.413	207.652
38.423	207.652
38.433	207.652
38.443	207.652
38.453	207.724
38.463	207.688
38.473	207.652
38.483	207.652
38.493	207.652
38.503	207.652
38.513	207.652
38.523	207.676
38.533	207.652
38.543	207.652
38.553	207.652
38.563	207.652
38.573	207.952
38.583	207.652
38.593	207.652
38.603	207.652
38.613	207.652
38.623	207.652
38.633	207.652
38.643	207.652
38.653	207.652
38.663	207.652
38.673	207.652
38.683	207.652
38.693	207.652
38.703	207.652
38.713	207.652
38.723	207.652
38.733	207.652
38.743	207.664
38.753	207.652	369.994
38.763	207.652	369.994
38.773	207.652	369.994
38.783	207.652	368.842
38.793	369.994	207.652
38.803	369.546	207.652
38.813	369.994	207.652
38.823	366.781	207.736
38.833	369.119	208.109
38.843	369.994	207.652
38.853	368.438	207.652
38.863	368.267	207.652
38.873	369.994	207.652
38.883	369.994	207.652
38.893	370.915	207.652
38.903	370.615	209.447
38.913	368.885	207.652
38.923	207.652	369.994
38.933	207.652	369.994
38.943	207.652	372.891
38.953	207.652	367.142
38.963	207.652	366.104
38.973	208.000	369.141
38.983	208.049
38.993	417.542
39.003	415.809
39.013	416.554
39.023	415.401
39.033	416.169
39.043	415.305
39.053	415.809
39.063	415.305
39.073	415.305
39.083	415.377
39.093	415.305
39.103	415.977
39.113	415.281
39.123	414.610
39.133	415.305
39.143	415.257
39.153	415.305
39.163	415.305
39.173	415.305
39.183	415.305
39.193	207.592
39.203	206.970
39.213	207.652
39.223	207.652
39.233	207.652
39.243	207.652
39.253	207.652
39.263	207.652
39.273	208.145
39.283	207.700
39.293	207.652
39.303	207.712
39.313	207.652
39.323	207.652
39.333	207.652
39.343	207.652
39.353	207.652
39.363	207.892
39.373	207.652
39.383	207.652
39.393	207.652
39.403	207.652
39.413	207.652
39.423	207.652
39.433	207.652
39.443	208.000
39.453	208.735
39.463	208.181
39.473	208.265
39.483	208.349
39.493	208.421
39.503	140.202
39.513	138.591
39.523	138.591
39.533	138.591
39.543	138.591
39.553	139.048
39.563	138.768
39.573	138.744
39.583	138.896
39.593	138.591
39.603	138.591
39.613	138.591
39.623	138.591
39.633	69.308
39.643	69.296
39.653	69.296
39.663	69.296
39.673	69.296
39.683	69.296
39.693	69.296
39.703	69.392
39.713	69.488
39.723	69.296
39.733	69.296
39.743	69.296
39.753	69.296
39.763	69.296
39.773	69.296
39.783	69.264
39.793	69.296
39.803	69.296
39.813	69.649
39.823	69.296
39.833	69.637
39.843	69.296
39.853	69.296
39.863	69.296
39.873	69.296
39.883	69.132
39.893	69.296
39.903	69.296
39.913	69.296
39.923	69.296
39.933	69.296
39.943	69.296
39.953	69.296
39.963	69.492
39.973	69.296
39.983	69.296
39.993	69.296
40.003	69.320
40.013	138.591
40.023	139.048
40.033	138.928
40.043	139.370
40.053	138.752
40.063	138.591
40.073	138.591
40.083	138.591
40.093	138.591
40.103	138.591
40.113	138.591
40.123	138.591
40.133	138.591
40.143	138.591
40.153	138.888
40.163	138.591
40.173	138.591
40.183	138.591
40.193	138.591
40.203	138.591
40.213	138.591
40.223	138.591
40.233	138.591
40.243	138.591
40.253	138.591
40.263	138.591
40.273	138.615	207.652
40.283	138.591	208.638
40.293	138.359	208.109
40.303	138.591	210.065
40.313	138.591	207.652
40.323	138.591	208.542
40.333	138.591	208.674
40.343	138.591	210.053
40.353	138.591	207.652
40.363	138.583	208.361
40.373	138.591	208.289
40.383	138.591	208.205
40.393	138.591	207.652
40.403	138.591	207.652
40.413	138.591	208.771
40.423	138.591	207.760
40.433	138.591	207.652
40.443	138.591	207.952
40.453	138.591	208.109
40.463	138.591	208.025
40.473	138.591	207.556
40.483	138.591	208.193
40.493	138.591
40.503	138.615
40.513	138.591
40.523	138.591
40.533	138.591
40.543	138.591	208.049
40.553	138.591	208.928
40.563	138.591	210.065
40.573	139.233	328.241
40.583	138.591	328.392
40.593	138.591	324.302
40.603	138.591	329.628
40.613	138.591	327.426
40.623	138.936	329.380
40.633	138.984	330.676
40.643	138.591	331.575
40.653	138.591	329.304
40.663	138.591	329.628
40.673	138.591	329.628
40.683	138.591	329.342
40.693	138.591	329.323
40.703	138.591	329.628
40.713	138.591	329.628
40.723	138.591	327.937
40.733	138.591	326.293
40.743	138.591	329.628
40.753	138.591	329.628
40.763	138.591	330.963
40.773	138.591	329.628
40.783	138.591	329.628
40.793	138.976	330.600
40.803	138.591	329.456
40.813	138.591	328.354
40.823	138.591	329.628
40.833	138.591	329.628
40.843	138.591	329.628
40.853	138.591	328.715
40.863	138.495	326.727
40.873	138.415	327.843
40.883	138.727	328.506
40.893	139.048	327.691
40.903	138.591	327.691
40.913	138.591	328.222
40.923	138.591	328.089
40.933	138.591	329.171
40.943	138.591	330.333
40.953	138.591	331.326
40.963	138.591	327.994
40.973	138.591	327.767
40.983	138.591	327.710
40.993	138.591	329.628
41.003	138.591	328.165
41.013	138.591	328.962
41.023	138.591	328.848
41.033	138.591	330.963
41.043	139.257
41.053	138.591
41.063	207.652
41.073	207.652
41.083	207.652
41.093	207.916
41.103	207.652
41.113	207.652
41.123	207.652
41.133	207.652
41.143	207.652
41.153	207.484
41.163	207.652
41.173	207.652
41.183	207.652
41.193	207.652
41.203	207.341
41.213	208.735
41.223	207.652
41.233	207.652
41.243	207.652
41.253	207.652
41.263	208.891
41.273	207.652
41.283	207.844
41.293	208.458
41.303	208.277
41.313	206.922
41.323	207.652
41.333	207.652
41.343	207.652
41.353	207.305
41.363	207.053
41.373	207.652
41.383	207.652
41.393	207.652
41.403	207.077
41.413	207.233
41.423	207.652
41.433	207.652
41.443	207.532
41.453	207.556
41.463	207.652
41.473	207.652
41.483	207.652
41.493	207.664
41.503	207.724
41.513	207.760
41.523	207.652
41.533	207.652
41.543	207.652
41.553	207.652
41.563	207.652
41.573	207.652	278.563
41.583	210.065	277.631
41.593	207.652	278.483
41.603	278.531	207.652
41.613	280.403	207.652
41.623	280.727
41.633	278.483
41.643	277.183
41.653	278.129
41.663	277.792
41.673	278.000
41.683	277.936
41.693	277.808
41.703	277.183
41.713	277.183	207.652
41.723	278.354	207.652
41.733	277.679	207.652
41.743	207.652	277.183
41.753	207.652	277.423
41.763	207.652	277.183
41.773	207.652
41.783	207.652
41.793	207.688
41.803	207.688
41.813	207.652
41.823	207.976
41.833	207.712
41.843	207.652
41.853	207.652
41.863	207.652
41.873	207.652
41.883	207.652
41.893	207.652
41.903	207.652
41.913	207.760
41.923	207.652
41.933	207.652
41.943	207.652
41.953	207.652
41.963	207.652
41.973	208.193
41.983	207.772
41.993	207.652	277.663
42.003	207.652	277.760
42.013	207.652	278.338
42.023	208.711	278.821
42.033	207.652	277.744
42.043	208.385	329.837
42.053	207.652	331.116
42.063	210.065	329.628
42.073	207.652	329.723
42.083	208.012	327.786
42.093	207.952	331.097
42.103	331.633	207.652
42.113	327.086	207.652	277.007
42.123	329.628	207.652	277.615
42.133	329.628	208.061	275.093
42.143	329.628	207.652	277.183
42.153	329.628	207.413	277.183
42.163	330.867	207.652	277.039
42.173	330.352	207.365	277.071
42.183	329.628	207.269	277.263
42.193	207.652	327.294	277.183
42.203	207.652	329.628	277.503
42.213	207.652	330.791	277.215
42.223	208.073	329.628
42.233	207.209	329.628
42.243	207.652	331.020
42.253	207.652	329.628
42.263	207.652	329.628
42.273	207.652	328.886
42.283	207.652	329.628
42.293	207.652	332.055
42.303	207.652	327.502	276.975
42.313	207.652	329.628	277.183
42.323	208.061	329.628	277.151
42.333	207.652	329.628	277.151
42.343	329.628	207.652	277.135
42.353	330.791	207.652	277.183
42.363	329.628	207.652	277.167
42.373	329.628	207.652	277.183
42.383	328.924	207.652	277.183
42.393	329.628	207.652	277.327
42.403	329.628	207.652	277.183
42.413	329.894	207.652	276.495
42.423	329.628	207.652
42.433	329.628	207.616
42.443	329.628	207.616
42.453	330.447	207.341
42.463	332.093	207.652
42.473	329.628	207.616
42.483	329.628	207.652
42.493	329.628	207.652
42.503	329.628	207.652
42.513	332.227	207.652
42.523	333.631	207.652
42.533	335.893	207.652
42.543	445.113	332.150
42.553	445.113	332.362
42.563	445.113	332.592
42.573	445.113
42.583	440.000
42.593	440.000	92.499
42.603	440.585	92.499
42.613	440.000	92.499
42.623	439.187	92.472
42.633	440.000	92.467
42.643	438.427	92.499
42.653	445.113	92.456
42.663	440.280	92.499
42.673	440.559	92.499
42.683	92.445	440.559
42.693	92.435	440.534
42.703	92.120	220.242
42.713	92.499	220.687
42.723	92.499	220.700
42.733	92.499	220.726
42.743	92.499	220.025
42.753	92.499	221.172
42.763	92.499	222.556
42.773	92.280	440.178
42.783	92.147	440.432
42.793	92.499	440.483
42.803	92.499	440.000
42.813	92.868	439.264
42.823	92.253	441.043
42.833	92.611	220.764
42.843	92.499	220.751
42.853	92.499	220.000
42.863	92.499	221.211
42.873	92.499	221.697
42.883	92.333	220.000
42.893	92.072	221.735
42.903	92.499	220.000
42.913	92.333	220.534
42.923	92.499	220.496
42.933	92.499	220.458
42.943	92.499	219.835
42.953	92.825	220.000
42.963	92.499	220.000
42.973	92.083	220.000
42.983	92.019	220.942
42.993	91.966	221.172
43.003	91.971	221.351
43.013	91.775	220.000
43.023	92.499	442.191
43.033	92.499	441.451
43.043	92.499	440.000
43.053	92.499	440.000
43.063	92.227	441.069
43.073	92.499	440.636
43.083	92.125	440.000
43.093	92.168	440.000
43.103	92.499	441.502
43.113	92.030	440.610
43.123	91.966	440.483
43.133	92.499	440.458
43.143	92.499	441.375
43.153	92.499	440.000
43.163	92.499	440.000
43.173	92.499	440.000
43.183	92.499	440.483
43.193	92.499	440.000
43.203	92.616	440.000
43.213	92.499	440.000
43.223	92.499	440.229
43.233	92.499	440.076
43.243	92.499	440.280
43.253	92.499	440.102
43.263	92.499	440.687
43.273	92.499	440.509
43.283	92.499	440.559
43.293	92.499	440.000
43.303	92.499	442.140
43.313	92.499	440.814
43.323	92.499	440.000
43.333	92.499	440.000
43.343	92.499	441.681
43.353	92.349	441.298
43.363	92.499	440.000
43.373	92.499	440.000
43.383	92.499	441.120
43.393	91.976	441.732
43.403	92.499	440.127
43.413	92.499	440.000
43.423	92.499	440.432
43.433	92.499	441.681
43.443	92.184	440.000
43.453	92.499	440.000
43.463	92.499	440.432
43.473	92.499	440.000
43.483	92.035	440.763
43.493	92.120	443.035
43.503	92.499	441.298
43.513	92.499	440.000
43.523	92.499	440.000
43.533	92.499	440.000
43.543	92.499	440.000
43.553	92.499	440.534
43.563	92.499	440.000
43.573	92.104	440.178
43.583	92.264	443.240
43.593	92.499	442.191
43.603	92.179	440.000
43.613	92.499	440.000
43.623	92.499	440.178
43.633	92.499	440.102
43.643	92.499	440.305
43.653	92.499	440.000
43.663	92.499	440.000
43.673	92.499	440.025
43.683	92.499	440.000
43.693	92.445	442.293
43.703	92.499	440.000
43.713	92.499	440.000
43.723	92.456	441.247
43.733	92.253	443.316
43.743	92.499	441.273
43.753	92.499	437.466
43.763	92.499	440.000
43.773	92.499	440.000
43.783	92.499	440.000
43.793	92.499	439.619
43.803	92.557	436.658
43.813	92.499	440.000
43.823	92.499	443.086
43.833	92.499	440.000
43.843	92.499	440.000
43.853	92.499	440.000
43.863	92.499	440.941
43.873	92.499	440.000
43.883	92.499	441.400
43.893	92.499	440.000
43.903	92.499	440.000
43.913	92.659	440.865
43.923	92.499	442.319
43.933	92.499	440.890
43.943	92.499	440.000
43.953	92.499	440.000
43.963	92.691	440.000
43.973	92.499	440.000
43.983	92.499	440.000
43.993	92.499	440.000
44.003	92.499	440.000
44.013	92.445	442.421
44.023	92.499	440.000
44.033	92.499	440.000
44.043	92.499	435.826
44.053	92.611	440.636
44.063	92.499	440.000
44.073	92.499	440.840
44.083	92.499	436.784
44.093	92.499	438.604
44.103	92.499	441.910
44.113	92.499	442.728
44.123	92.499	220.000
44.133	92.841	220.000
44.143	92.499	220.649
44.153	92.499	220.000
44.163	91.966	220.000
44.173	92.900	220.000
44.183	92.499	218.480
44.193	92.499	220.165
44.203	92.499	220.942
44.213	92.499	220.000
44.223	92.499	220.000
44.233	92.499	221.415
44.243	92.499	220.458
44.253	92.499	220.585
44.263	92.499	220.649
44.273	92.499	220.573
44.283	92.499	220.318
44.293	92.499	220.000
44.303	92.499	220.000
44.313	92.499	220.267
44.323	92.499	220.000
44.333	92.499	221.415
44.343	92.499	220.598
44.353	92.499	219.759
44.363	92.499	219.581
44.373	92.499	220.000
44.383	92.499	220.000
44.393	92.499	218.455
44.403	92.499	220.000
44.413	92.499	220.000
44.423	92.499	220.331
44.433	92.499	220.713
44.443	92.499	220.242
44.453	92.499	220.000
44.463	92.440	220.000
44.473	92.499	220.000
44.483	92.499	220.000
44.493	92.499	219.011
44.503	92.499	219.543
44.513	92.499	220.483
44.523	92.782	220.636
44.533	92.499	220.000
44.543	92.499	220.000
44.553	92.499	219.024
44.563	92.499	220.000
44.573	92.499	219.873
44.583	92.499	220.000
44.593	92.499	220.000
44.603	93.573	220.000
44.613	93.120	219.568
44.623	92.499	219.657
44.633	92.499	220.280
44.643	92.499	220.000
44.653	92.499	220.000
44.663	93.120	220.000
44.673	92.499	220.000
44.683	92.499	220.000
44.693	92.499	219.962
44.703	92.227	219.594
44.713	92.499	220.547
44.723	92.755	221.236
44.733	92.499	220.000
44.743	92.499	219.530
44.753	92.499	219.239
44.763	92.499	220.000
44.773	92.499	218.480
44.783	92.499	218.518
44.793	92.499	219.239
44.803	92.499	221.083
44.813	92.499	220.611
44.823	92.499	219.125
44.833	92.296	220.102
44.843	92.499	217.850
44.853	92.499	219.721
44.863	92.499	219.264
44.873	92.499	220.000
44.883	92.499	220.000
44.893	92.179	221.083
44.903	91.987	220.458
44.913	92.499	220.000
44.923	92.499	220.064
44.933	92.547	220.102
44.943	92.445	220.000
44.953	92.499	220.000
44.963	92.499	220.153
44.973	92.499	220.000
44.983	92.499	440.203
44.993	92.499	440.992
45.003	92.499	440.305
45.013	92.499	440.102
45.023	92.499	440.000
45.033	92.499	440.000
45.043	92.499	439.416
45.053	92.499	441.400
45.063	92.499	440.585
45.073	92.499	437.036
45.083	92.691	439.873
45.093	92.499	440.000
45.103	92.499	440.000
45.113	92.552	439.949
45.123	92.499	219.581
45.133	92.499	219.911
45.143	92.499	219.924
45.153	92.499	220.000
45.163	92.499	219.949
45.173	92.499	219.962
45.183	92.499	220.000
45.193	92.499	220.000
45.203	92.499	220.000
45.213	92.499	220.013
45.223	92.499	220.038
45.233	92.499	219.987
45.243	92.499	220.013
45.253	92.499	220.000
45.263	92.499	220.000
45.273	92.499	219.962
45.283	92.499	220.458
45.293	92.499	220.000
45.303	92.499	219.835
45.313	93.233	220.000
45.323	92.499	219.619
45.333	92.499	219.176
45.343	92.499	220.000
45.353	92.499	219.556
45.363	92.499	218.594
45.373	92.499	219.492
45.383	92.499
45.393	92.499
45.403	92.499
45.413	92.499
45.423	92.499
45.433	92.408
45.443	92.771
45.453	92.686
45.463	92.499
45.473	92.499
45.483	92.499
45.493	92.499
45.503	92.499
45.513	92.499
45.523	92.922
45.533	92.573
45.543	92.499
45.553	92.499
45.563	92.499
45.573	92.499
45.583	92.499
45.593	92.611
45.603	92.499
45.613	92.499
45.623	92.499
45.633	91.886
45.643	93.509
45.653	92.873
45.663	415.305
45.673	416.506
45.683	416.963
45.693	207.652
45.703	207.652
45.713	208.217
45.723	209.193
45.733	207.652
45.743	207.652
45.753	416.145
45.763	415.281
45.773	414.777
45.783	414.394
45.793	415.545
45.803	415.305
45.813	414.298
45.823	415.305
45.833	415.737
45.843	415.617
45.853	415.305
45.863	415.305
45.873	415.305
45.883	415.089
45.893	415.305
45.903	414.107
45.913	415.305
45.923	415.329
45.933	415.305
45.943	415.209
45.953	415.305
45.963	415.305	124.978
45.973	415.305	123.471
45.983	415.305	123.471
45.993	415.353	123.471
46.003	415.305	123.735
46.013	415.377	123.714
46.023	415.329	123.685
46.033	415.857	245.888
46.043	415.305	246.443
46.053	415.305	246.486
46.063	415.305	246.543
46.073	415.305	246.585
46.083	415.473	246.614
46.093	415.305	246.429
46.103	415.305	246.942
46.113	414.921	246.942
46.123	415.305	246.756
46.133	415.305	246.771
46.143	415.305	246.785
46.153	415.497	246.942
46.163	415.305	246.229
46.173	415.257	246.942
46.183	415.305	246.828
46.193	415.305	123.471
46.203	415.185	123.506
46.213	415.449	123.471
46.223	415.377	123.792
46.233	415.041	123.471
46.243	414.203	123.971
46.253	414.514	123.471
46.263	415.305	123.471
46.273	415.305	123.471
46.283	415.449	123.471
46.293	415.305	246.386
46.303	415.041	246.201
46.313	414.442	247.341
46.323	415.449	247.327
46.333	415.305	246.585
46.343	414.849	246.942
46.353	414.777	246.942
46.363	415.305	246.785
46.373	414.562	246.942
46.383	414.586	246.087
46.393	415.497	246.942
46.403	415.689	246.628
46.413	415.761	246.942
46.423	415.305	246.429
46.433	415.305	246.714
46.443	415.305	246.942
46.453	415.377	246.685
46.463	415.521	246.671
46.473	415.305	246.642
46.483	414.969	246.614
46.493	420.130	246.942
46.503	415.305	246.942
46.513	415.089	245.888
46.523	415.737	246.585
46.533	415.305	246.358
46.543	414.969	246.016
46.553	415.305	246.286
46.563	415.305	246.286
46.573	415.305	245.874
46.583	420.130	246.329
46.593	415.713	246.386
46.603	415.305	246.471
46.613	415.305	246.045
46.623	413.844	246.414
46.633	415.305	246.372
46.643	415.089	246.942
46.653	415.305	246.942
46.663	415.761	246.942
46.673	416.001	246.942
46.683	415.305	246.942
46.693	415.305	248.789
46.703	415.305	247.042
46.713	415.305	246.942
46.723	415.641	247.384
46.733	415.617	246.059
46.743	415.305	246.942
46.753	415.305	246.942
46.763	415.305	246.913
46.773	415.449	329.818
46.783	420.130	327.729
46.793	415.305	329.894
46.803	415.305	329.628
46.813	415.305	330.657
46.823	415.305	333.034
46.833	415.521	329.628
46.843	415.857	329.628
46.853	415.305	329.513
46.863	415.305	329.628
46.873	420.130	330.161
46.883	415.305	329.628
46.893	414.753	328.430
46.903	415.377	329.628
46.913	415.041	329.628
46.923	415.305	123.471
46.933	415.305	123.471
46.943	414.155	123.335
46.953	416.169	123.471
46.963	416.362	123.471
46.973	416.313	123.471
46.983	414.394	123.093
46.993	415.305	122.053
47.003	123.286	415.473
47.013	123.471	415.305
47.023	123.471	415.305
47.033	123.471	415.665
47.043	123.471	415.857
47.053	123.378	415.713
47.063	123.471	415.305
47.073	123.471	415.305
47.083	123.471	416.001
47.093	122.909	416.602
47.103	123.542	416.169
47.113	123.471	415.641
47.123	123.471	418.556
47.133	124.905	210.259
47.143	207.652	123.471
47.153	207.964	123.699
47.163	207.425
47.173	207.652
47.183	207.652
47.193	207.652
47.203	207.652
47.213	207.652
47.223	207.976
47.233	207.652
47.243	207.652
47.253	207.652
47.263	207.652
47.273	207.652
47.283	207.652
47.293	207.652
47.303	207.652
47.313	207.652
47.323	208.025
47.333	207.652
47.343	207.652
47.353	208.614
47.363	207.652
47.373	207.652
47.383	207.652
47.393	207.652
47.403	207.652
47.413	208.674
47.423	207.652
47.433	207.652
47.443	207.652
47.453	209.399
47.463	207.952
47.473	207.652
47.483	207.868
47.493	207.652
47.503	207.652
47.513	207.652
47.523	207.652
47.533	207.652
47.543	207.688
47.553	207.652
47.563	207.652
47.573	207.652
47.583	207.652
47.593	207.652
47.603	207.652
47.613	207.652
47.623	207.652	247.584
47.633	207.652	247.470
47.643	207.652	247.384
47.653	207.652	248.229
47.663	207.652	246.628
47.673	207.652	246.942
47.683	207.652	245.704
47.693	207.652	246.956
47.703	207.652	246.942
47.713	207.652	246.984
47.723	207.652	247.027
47.733	207.652	247.513
47.743	246.828	207.652
47.753	246.942	207.652
47.763	246.714	207.652
47.773	246.813	207.652
47.783	248.745
47.793	247.299
47.803	247.313
47.813	247.313
47.823	415.257
47.833	416.193
47.843	415.329
47.853	414.322
47.863	415.233
47.873	415.305
47.883	415.209
47.893	415.305
47.903	207.652
47.913	207.652
47.923	207.652
47.933	207.652
47.943	207.652
47.953	207.652
47.963	246.942
47.973	246.443
47.983	247.713
47.993	246.956
48.003	246.984
48.013	246.942
48.023	246.942
48.033	246.999
48.043	247.056
48.053	330.237
48.063	330.276
48.073	330.295
48.083	330.295
48.093	329.628
48.103	329.628
48.113	329.628
48.123	331.326
48.133	333.458
48.143	329.628
48.153	329.628
48.163	329.628	415.641
48.173	330.180	415.737
48.183	330.753	415.881
48.193	329.970	416.025
48.203	329.628	416.771
48.213	328.905	416.241
48.223	331.040	416.289
48.233	330.180	416.265
48.243	329.628	416.265
48.253	329.628	416.217
48.263	330.237	416.482
48.273	331.059	416.602
48.283	329.628	415.713
48.293	329.628	415.521
48.303	329.628	415.329
48.313	332.266	414.538
48.323	329.628	415.809
48.333	329.628	414.897
48.343	329.628	414.705
48.353	329.628
48.363	330.028
48.373	330.619
48.383	329.628
48.393	329.628
48.403	330.104
48.413	331.959
48.423	328.563
48.433	329.628
48.443	329.628
48.453	331.499
48.463	329.628
48.473	329.628
48.483	329.628
48.493	329.628
48.503	331.059
48.513	329.628
48.523	329.628
48.533	327.767
48.543	329.970
48.553	332.938
48.563	329.628
48.573	329.628
48.583	374.294
48.593	369.994
48.603	369.994
48.613	369.994
48.623	369.994
48.633	369.994
48.643	369.994
48.653	369.994
48.663	369.994
48.673	369.994
48.683	369.994
48.693	370.401
48.703	370.743
48.713	371.451
48.723	370.037
48.733	370.615
48.743	371.279
48.753	371.343
48.763	370.807
48.773	369.994
48.783	370.872
48.793	370.915
48.803	370.979
48.813	369.994
48.823	369.994
48.833	371.622
48.843	124.014
48.853	124.877
48.863	123.471
48.873	123.471
48.883	124.812
48.893	124.905
48.903	123.985
48.913	123.785
48.923	123.471
48.933	123.471
48.943	123.771
48.953	123.728
48.963	123.606
48.973	123.471
48.983	369.994
48.993	370.016
49.003	370.037
49.013	370.208
49.023	369.994
49.033	370.080
49.043	369.994
49.053	369.994
49.063	369.994
49.073	369.994
49.083	369.994
49.093	369.994
49.103	369.994
49.113	369.994
49.123	369.994
49.133	369.994
49.143	369.952
49.153	369.994
49.163	369.994
49.173	369.994
49.183	369.888
49.193	369.994
49.203	368.906
49.213	369.994
49.223	369.994
49.233	369.866
49.243	369.866
49.253	369.994
49.263	369.994
49.273	369.994
49.283	369.994
49.293	369.994
49.303	369.183
49.313	369.994
49.323	369.994
49.333	369.994
49.343	369.994
49.353	369.994
49.363	369.994
49.373	369.994
49.383	369.994
49.393	369.994
49.403	369.994
49.413	369.994
49.423	369.994
49.433	369.994
49.443	369.994
49.453	369.994
49.463	369.994
49.473	369.994
49.483	123.471
49.493	123.471
49.503	123.471
49.513	123.471
49.523	123.471
49.533	123.471
49.543	123.471
49.553	123.471
49.563	123.478
49.573	123.485
49.583	123.485
49.593	123.571
49.603	123.471
49.613	123.471
49.623	123.471
49.633	123.471
49.643	123.471	311.127
49.653	123.471	311.127
49.663	123.471	310.678
49.673	123.471	310.965
49.683	123.471	311.127
49.693	123.471	311.127
49.703	123.471	309.872
49.713	123.471	311.127
49.723	310.947	123.471
49.733	311.127	123.471
49.743	311.127	123.471
49.753	311.127	123.471
49.763	312.279	123.471
49.773	312.063	123.471
49.783	311.217	123.471
49.793	310.606	123.471
49.803	311.127	123.471
49.813	310.893	123.471
49.823	310.893	123.471
49.833	311.127	123.471
49.843	311.361	123.471
49.853	311.253	123.471
49.863	311.127	123.471
49.873	311.253	123.471
49.883	311.307	123.471
49.893	123.471	311.127
49.903	123.179	311.127
49.913	311.127	124.437
49.923	311.271	123.471
49.933	311.487	123.471
49.943	311.415	123.471
49.953	311.127	123.471
49.963	311.127	123.471
49.973	311.127	123.471
49.983	311.127	123.471
49.993	311.127	123.471
50.003	310.104	123.485
50.013	310.230	369.994
50.023	310.965	370.187
50.033	311.127	369.567
50.043	311.127	369.994
50.053	311.703	368.267
50.063	311.685	369.994
50.073	311.415	369.994
50.083	310.929	369.631
50.093	311.433	369.631
50.103	311.235	369.653
50.113	311.127	498.469
50.123	310.624	498.267
50.133	307.838	499.622
50.143	308.603	499.622
50.153	310.534	499.132
50.163	311.127	494.654
50.173	496.716	312.117
50.183	496.457	311.127
50.193	499.622	311.127
50.203	494.369	310.804
50.213	494.483	310.875
50.223	493.684	310.983
50.233	493.199	220.000
50.243	494.969	220.432
50.253	493.855	220.483
50.263	499.622	220.573
50.273	493.627	220.649
50.283	494.283	220.700
50.293	494.883	220.738
50.303	494.226	220.789
50.313	494.426	220.789
50.323	493.883	220.777
50.333	493.883	222.043
50.343	493.883	221.211
50.353	494.511	220.000
50.363	494.254	220.522
50.373	494.311	220.000
50.383	494.568	220.420
50.393	493.883	220.382
50.403	493.570	219.670
50.413	494.483	220.000
50.423	494.083	220.292
50.433	493.883	220.280
50.443	493.969
50.453	494.283
50.463	494.511
50.473	494.826
50.483	494.397
50.493	494.169
50.503	494.026
50.513	494.140
50.523	493.370
50.533	492.857
50.543	493.883
50.553	493.969
50.563	494.026
50.573	493.883
50.583	493.883
50.593	493.342
50.603	493.883
50.613	494.740
50.623	493.883
50.633	499.622
50.643	493.883
50.653	495.541
50.663	494.540
50.673	247.113
50.683	246.942
50.693	246.942
50.703	246.942
50.713	246.942
50.723	248.774
50.733	246.942
50.743	247.199
50.753	247.184
50.763	246.942
50.773	246.942
50.783	246.942
50.793	246.942
50.803	246.942
50.813	248.387
50.823	247.141
50.833	246.942
50.843	246.942
50.853	247.099
50.863	247.070
50.873	246.942
50.883	246.942
50.893	246.999
50.903	493.883
50.913	246.999
50.923	246.942
50.933	247.042
50.943	246.942
50.953	246.942
50.963	247.084
50.973	247.099
50.983	246.942
50.993	248.128
51.003	247.084
51.013	246.942
51.023	246.942
51.033	246.942
51.043	246.942
51.053	246.942
51.063	246.942
51.073	246.942
51.083	246.942
51.093	246.942
51.103	246.942
51.113	246.942
51.123	246.942
51.133	246.942
51.143	246.942
51.153	493.399
51.163	493.798
51.173	493.883
51.183	493.883
51.193	493.855
51.203	493.855
51.213	493.883
51.223	493.969
51.233	493.997	311.127
51.243	493.883	311.127
51.253	311.901	493.883
51.263	311.001	493.912
51.273	311.127	493.912
51.283	311.127	493.883
51.293	311.127	493.883
51.303	311.055	493.912
51.313	310.534	493.969
51.323	311.127
51.333	311.127
51.343	311.127
51.353	311.127
51.363	311.127
51.373	311.127
51.383	311.127
51.393	310.678
51.403	311.127
51.413	310.893
51.423	311.163
51.433	311.001
51.443	311.127
51.453	311.289
51.463	310.696
51.473	311.127
51.483	311.127
51.493	311.127
51.503	311.127
51.513	311.127
51.523	311.127
51.533	311.739
51.543	311.127
51.553	370.444
51.563	369.994
51.573	369.994
51.583	369.994
51.593	369.845	311.127
51.603	369.183	311.127
51.613	311.127	369.077
51.623	310.534	369.994
51.633	311.127	369.888
51.643	311.127	369.930
51.653	311.127	369.994
51.663	311.343	369.994
51.673	311.145	369.994
51.683	310.893	370.230
51.693	311.109	371.129
51.703	311.379	370.187
51.713	311.127	369.994
51.723	311.127	370.401
51.733	310.481	370.979
51.743	311.127	370.807
51.753	311.127
51.763	311.505
51.773	310.804
51.783	310.230
51.793	310.230
51.803	310.517
51.813	310.678
51.823	310.642
51.833	310.606
51.843	310.552
51.853	329.209
51.863	329.323
51.873	329.418
51.883	329.456
51.893	326.275
51.903	329.628
51.913	329.628
51.923	333.458
51.933	329.628
51.943	329.628
51.953	329.628
51.963	329.628
51.973	329.856
51.983	329.894
51.993	165.262
52.003	164.814
52.013	165.462
52.023	82.407
52.033	82.416
52.043	82.407
52.053	82.407
52.063	82.407
52.073	82.407
52.083	82.407
52.093	82.407
52.103	82.407
52.113	82.407
52.123	82.784
52.133	82.407
52.143	82.407
52.153	82.407
52.163	82.469
52.173	82.407
52.183	82.407
52.193	82.407
52.203	82.559
52.213	82.407
52.223	82.407
52.233	82.407
52.243	82.407
52.253	82.407
52.263	82.407
52.273	82.407
52.283	82.407
52.293	82.407
52.303	82.407
52.313	82.407
52.323	82.913
52.333	82.407
52.343	82.407
52.353	82.407
52.363	82.407
52.373	82.407
52.383	82.569
52.393	82.407
52.403	82.455
52.413	82.636
52.423	82.602
52.433	82.407
52.443	82.407
52.453	82.407
52.463	82.407
52.473	82.393
52.483	82.407
52.493	82.407
52.503	82.407
52.513	82.407
52.523	82.407
52.533	82.407
52.543	82.407
52.553	82.407
52.563	82.798
52.573	82.407
52.583	82.455
52.593	82.407
52.603	82.407
52.613	82.407
52.623	82.407
52.633	82.407
52.643	82.407
52.653	82.407
52.663	82.407
52.673	82.407
52.683	82.407
52.693	82.407
52.703	82.407
52.713	82.407
52.723	82.407
52.733	82.407
52.743	82.407
52.753	82.407
52.763	82.407
52.773	82.407
52.783	82.407
52.793
52.803
52.813
52.823
52.833
52.843
52.853
52.863
52.873
52.883
52.893
52.903
52.913	82.407
52.923	81.871
52.933	82.407
52.943	82.407
52.953	82.555
52.963	82.640
52.973	82.407
52.983	82.264
52.993	82.407
53.003	82.407
53.013	82.621
53.023	82.407
53.033	82.407
53.043	82.407
53.053	82.407
53.063	82.093
53.073	82.407
53.083	82.407
53.093	82.765
53.103	82.407
53.113	82.407
53.123	82.407
53.133	82.407
53.143	82.407
53.153	82.407
53.163	82.407
53.173	82.407
53.183	82.407
53.193	82.407
53.203	82.407
53.213	82.407
53.223	82.407
53.233	82.459
53.243	82.407
53.253	82.407
53.263	82.407
53.273	82.407
53.283	82.407
53.293	82.407
53.303	82.407
53.313	82.407
53.323	82.407
53.333	82.407
53.343	82.407
53.353	82.374
53.363	82.369
53.373	82.359
53.383	82.355
53.393	82.407
53.403	81.493
53.413	83.071
53.423	207.652
53.433	207.652
53.443	207.652
53.453	207.652
53.463	207.652
53.473	207.652
53.483	206.922
53.493	207.700
53.503	207.532
53.513	207.520
53.523
53.533
53.543
53.553
53.563
53.573
53.583
53.593
53.603
53.613
53.623
53.633
53.643
53.653
53.663
53.673
53.683
53.693
53.703
53.713
53.723
53.733
53.743
53.753
53.763
53.773
53.783
53.793
53.803
53.813
53.823
53.833
53.843
53.853
53.863
53.873
53.883
53.893
53.903
53.913
53.923
53.933
53.943
53.953
53.963
53.973
53.983
53.993
54.003
54.013
54.023
54.033
54.043
54.053
54.063
54.073
54.083
54.093
54.103
54.113
54.123
54.133
54.143
54.153
54.163
54.173
54.183
54.193
54.203
54.213
54.223
54.233
54.243
54.253
54.263
54.273
54.283
54.293
54.303
54.313
54.323
54.333
54.343
54.353
54.363
54.373
54.383
54.393
54.403
54.413
54.423
54.433
54.443
54.453
54.463
54.473
54.483
54.493
54.503
54.513
54.523
54.533
54.543
54.553
54.563
54.573
54.583
54.593
54.603
54.613
54.623
54.633
54.643
54.653
54.663
54.673
54.683
54.693
54.703
54.713
54.723
54.733
54.743
54.753
54.763
54.773
54.783
54.793
54.803
54.813
54.823
54.833
54.843
54.853
54.863
54.873
54.883
54.893
54.903
54.913
54.923
54.933
54.943
54.953
54.963
54.973
54.983
54.993
55.003
55.013
55.023
55.033
55.043
55.053
55.063
55.073
55.083
55.093
55.103
55.113
55.123
55.133
55.143
55.153
55.163
55.173
55.183
55.193
55.203
55.213
55.223
55.233
55.243
55.253
55.263
55.273
55.283
55.293
55.303
55.313
55.323
55.333
55.343
55.353
55.363
55.373
55.383
55.393
55.403
55.413
55.423
55.433
55.443
55.453
55.463
55.473
55.483
55.493
55.503
55.513
55.523
55.533
55.543
55.553
55.563
55.573
55.583
55.593
55.603
55.613
55.623
55.633
55.643
55.653
55.663
55.673
55.683
55.693
55.703
55.713
55.723
55.733
55.743
55.753
55.763
55.773
55.783
55.793
55.803
55.813
55.823
55.833
55.843
55.853
55.863
55.873
55.883
55.893
55.903
55.913
55.923
55.933
55.943
55.953
55.963
55.973
