0.023
0.033
0.043
0.053
0.063
0.073
0.083
0.093
0.103
0.113
0.123
0.133
0.143
0.153
0.163
0.173
0.183
0.193
0.203
0.213
0.223
0.233
0.243
0.253
0.263
0.273
0.283
0.293
0.303
0.313
0.323
0.333
0.343
0.353
0.363
0.373
0.383
0.393
0.403
0.413
0.423
0.433
0.443
0.453
0.463
0.473
0.483
0.493
0.503
0.513
0.523
0.533
0.543
0.553
0.563
0.573
0.583
0.593
0.603
0.613
0.623
0.633
0.643
0.653
0.663
0.673
0.683
0.693
0.703
0.713
0.723
0.733
0.743
0.753
0.763
0.773
0.783
0.793
0.803
0.813
0.823
0.833
0.843
0.853
0.863
0.873
0.883
0.893
0.903
0.913
0.923
0.933
0.943
0.953
0.963
0.973
0.983
0.993
1.003
1.013
1.023
1.033
1.043
1.053
1.063
1.073
1.083
1.093
1.103
1.113
1.123
1.133
1.143
1.153
1.163
1.173
1.183
1.193
1.203
1.213
1.223
1.233
1.243
1.253
1.263
1.273
1.283
1.293
1.303
1.313
1.323
1.333
1.343
1.353
1.363
1.373
1.383
1.393
1.403
1.413
1.423
1.433
1.443
1.453
1.463
1.473
1.483
1.493
1.503
1.513
1.523
1.533
1.543
1.553
1.563
1.573
1.583
1.593
1.603
1.613
1.623
1.633
1.643
1.653
1.663
1.673
1.683
1.693
1.703
1.713
1.723
1.733
1.743
1.753
1.763
1.773
1.783
1.793
1.803
1.813
1.823
1.833
1.843
1.853
1.863
1.873
1.883
1.893
1.903
1.913
1.923
1.933
1.943
1.953
1.963
1.973
1.983
1.993
2.003
2.013
2.023
2.033
2.043
2.053
2.063
2.073
2.083
2.093
2.103
2.113
2.123
2.133
2.143
2.153
2.163
2.173
2.183
2.193
2.203
2.213
2.223
2.233
2.243
2.253
2.263
2.273
2.283
2.293
2.303
2.313
2.323
2.333
2.343
2.353
2.363
2.373
2.383
2.393
2.403
2.413
2.423
2.433
2.443
2.453
2.463
2.473
2.483
2.493
2.503
2.513
2.523
2.533
2.543
2.553
2.563
2.573
2.583
2.593
2.603
2.613
2.623
2.633
2.643
2.653	627.995
2.663	628.794
2.673	627.633
2.683	625.931
2.693	629.484
2.703	627.343
2.713	628.140
2.723	627.923
2.733	629.484
2.743	629.484
2.753	627.778
2.763	626.148
2.773	626.401
2.783	625.425
2.793	629.484
2.803
2.813
2.823
2.833
2.843
2.853
2.863
2.873
2.883
2.893
2.903
2.913
2.923
2.933
2.943
2.953
2.963
2.973
2.983
2.993
3.003
3.013
3.023
3.033
3.043
3.053
3.063
3.073
3.083
3.093
3.103
3.113
3.123
3.133
3.143
3.153
3.163
3.173
3.183
3.193
3.203
3.213
3.223
3.233
3.243
3.253
3.263
3.273
3.283
3.293
3.303
3.313
3.323
3.333
3.343
3.353
3.363
3.373	124.905
3.383	123.950
3.393	124.869
3.403	124.093
3.413	124.905
3.423	124.905
3.433	124.905
3.443	124.776
3.453	124.905
3.463	124.898
3.473	124.812
3.483	124.812
3.493	124.905
3.503	124.905
3.513	124.905
3.523	124.905
3.533	124.215
3.543	124.754
3.553	124.905
3.563	124.905
3.573	123.742
3.583	124.905
3.593	124.905
3.603	124.905
3.613	123.678
3.623	124.330
3.633	123.756
3.643	124.905
3.653	123.471
3.663	124.165
3.673	666.915
3.683	666.915
3.693	665.299
3.703	666.915
3.713	661.964
3.723	662.806
3.733	666.915
3.743	662.844
3.753	663.112
3.763	666.915	186.715
3.773	664.454	186.683
3.783	663.802	187.147
3.793	663.151	186.230
3.803	664.147	186.726
3.813	666.915	187.147
3.823	666.915	187.147
3.833	663.764	186.499
3.843	664.877	184.997
3.853	663.764	185.983
3.863	665.338	187.006
3.873	666.915	187.147
3.883	665.030	186.445
3.893	663.457	184.997
3.903	662.041	186.467
3.913	666.915	124.877
3.923	663.956	124.855
3.933	663.764	124.841
3.943	663.879	124.905
3.953	660.856	124.905
3.963	662.921	124.905
3.973	664.071
3.983	662.844
3.993	663.074
4.003	663.074
4.013	124.682
4.023	124.682
4.033
4.043
4.053
4.063
4.073
4.083
4.093
4.103
4.113	124.905
4.123	123.635
4.133	123.471
4.143	124.905
4.153	124.157
4.163	124.905
4.173	124.905
4.183	124.905
4.193	124.783
4.203	124.905
4.213	124.797
4.223	124.905
4.233	124.905
4.243	125.035
4.253	124.905
4.263	126.357
4.273	124.905
4.283	124.992
4.293	124.905
4.303	124.905
4.313	124.905
4.323	125.007
4.333	124.978
4.343	124.934
4.353	124.884
4.363	124.905
4.373	124.905
4.383	124.905
4.393	124.905
4.403	124.905
4.413	124.905
4.423	124.905
4.433	123.471
4.443	124.905
4.453	123.899
4.463	123.471
4.473	124.567
4.483	124.905
4.493	124.905	557.609
4.503	126.357	557.190
4.513	124.905	556.869
4.523	124.905	560.807
4.533	124.949	557.544
4.543	124.905	554.045
4.553	557.512	330.906
4.563	328.051	70.101
4.573	329.856	70.097
4.583	331.920	69.272
4.593	333.458	69.536
4.603	331.614	69.592
4.613	331.901	70.101
4.623	332.554	69.729
4.633	331.652	69.798
4.643	332.170	69.887
4.653	331.824	69.996
4.663	331.078	94.661
4.673	332.419	558.124
4.683	331.786	557.931
4.693	332.438	557.770
4.703	331.844	557.706
4.713	330.619	560.807
4.723	331.116	556.965
4.733	331.748	557.448
4.743	331.116	556.226
4.753	331.786	556.772
4.763	331.518	556.804
4.773	331.518	556.676
4.783	333.458	557.996
4.793	332.112	556.129
4.803	333.458	556.708
4.813	333.458	560.807
4.823	331.805	560.807
4.833	331.231	560.807
4.843	330.925	560.807
4.853	332.189	559.803
4.863	333.458	559.965
4.873	331.173	560.807
4.883	330.447	560.807
4.893	333.458	560.807
4.903	333.458	560.030
4.913	332.304	374.294
4.923	332.400	374.294
4.933	332.477	374.294
4.943	332.900	373.171
4.953	372.999	330.562
4.963	371.687	332.669
4.973	373.149	333.458
4.983	371.322	332.900
4.993	372.589	333.458
5.003	372.805	333.458
5.013	372.439	333.073
5.023	372.783	333.130
5.033	371.687	110.395
5.043	372.891	93.573
5.053	372.374
5.063	372.417
5.073	372.654
5.083	371.343
5.093	372.719
5.103	372.439
5.113	372.697
5.123	372.676
5.133	372.869
5.143	372.503
5.153	374.294
5.163	374.294
5.173	372.095
5.183	628.104
5.193	628.866	373.214
5.203	626.980	373.257
5.213	629.484	373.257
5.223	627.596	186.370
5.233	627.089	185.489
5.243	627.596	186.392
5.253	625.642	187.147
5.263	629.484	187.147
5.273	629.484	187.147
5.283	629.484	186.252
5.293	626.944	185.361
5.303	627.161	184.997
5.313	186.112	626.076
5.323	187.298	625.208
5.333	186.327	624.739
5.343	184.261
5.353	187.147
5.363	186.047
5.373	186.047
5.383	186.069
5.393
5.403
5.413
5.423
5.433
5.443
5.453
5.463
5.473
5.483
5.493
5.503
5.513
5.523
5.533
5.543
5.553
5.563
5.573
5.583
5.593
5.603	187.147
5.613	186.995
5.623	187.147
5.633	187.147
5.643	187.147
5.653	186.758
5.663	186.683
5.673	186.607
5.683	185.286
5.693	187.147
5.703	371.858
5.713	371.966
5.723	371.923
5.733	372.009
5.743	371.880
5.753	371.815
5.763	186.521
5.773	186.532
5.783	187.147
5.793	186.467
5.803	186.295
5.813	187.060
5.823	187.147
5.833	185.500
5.843	186.187
5.853	184.997
5.863	186.080
5.873	186.413
5.883	185.479
5.893	185.972
5.903	371.880
5.913	371.944
5.923	372.009
5.933	370.593
5.943	372.181
5.953	496.257
5.963	496.888
5.973	497.319
5.983	499.622
5.993	497.663
6.003	497.433
6.013	249.811
6.023	250.432
6.033	249.898
6.043	249.811
6.053	249.811
6.063	249.811
6.073	249.811
6.083	249.811
6.093	249.811
6.103	249.811
6.113	249.811
6.123	249.811
6.133	249.105
6.143	248.918
6.153	248.947
6.163	248.573
6.173	248.071
6.183	249.811
6.193	249.335
6.203	249.811
6.213	249.811
6.223	249.811
6.233	249.811
6.243	248.358
6.253	247.613
6.263	248.143
6.273	248.602
6.283	248.947
6.293	248.846
6.303	248.100
6.313	249.811
6.323	249.811
6.333	248.516
6.343	248.817
6.353	248.243
6.363	249.811
6.373	249.811
6.383	249.811
6.393	247.914
6.403	247.699
6.413	249.811
6.423	248.760
6.433	249.811
6.443	249.811
6.453	249.811
6.463	249.811
6.473	249.306
6.483	249.811
6.493	249.811
6.503	249.811
6.513	247.871
6.523	249.148
6.533	248.329
6.543	247.999
6.553	249.811
6.563	248.100
6.573	250.056
6.583	249.191
6.593	247.785
6.603	249.811
6.613	248.990
6.623	249.019
6.633
6.643
6.653
6.663
6.673
6.683
6.693
6.703
6.713
6.723
6.733
6.743
6.753
6.763
6.773
6.783
6.793
6.803
6.813
6.823
6.833
6.843
6.853
6.863
6.873
6.883
6.893
6.903
6.913
6.923
6.933
6.943	183.190
6.953	187.147
6.963	187.147
6.973	184.997
6.983	187.147
6.993	187.147
7.003	185.479
7.013	186.499
7.023	186.090
7.033	187.147
7.043	184.997
7.053	186.521
7.063	187.222
7.073	187.147
7.083	186.402	247.613
7.093	188.024	249.091
7.103	187.147	248.904
7.113	187.017	248.745
7.123	187.147	248.832
7.133	184.997	248.932
7.143	184.997	249.811
7.153	185.575	248.501
7.163	188.568	249.811
7.173	188.645	248.516
7.183	186.305	249.206
7.193	184.997	249.162
7.203	187.147	249.119
7.213	184.997	249.811
7.223	187.147
7.233	184.997
7.243	185.725
7.253	185.511
7.263	185.254
7.273	184.965
7.283	186.241
7.293	182.872
7.303	183.359
7.313	184.347
7.323	184.304
7.333	498.728
7.343	498.815
7.353	498.930
7.363	499.622	182.872
7.373	499.622	187.147
7.383	499.622	185.339
7.393	185.661	499.045
7.403	185.886	372.891
7.413	186.015	372.934
7.423	184.997	371.837
7.433	186.639	371.837
7.443	186.413	371.644
7.453	187.147	371.901
7.463	186.704	839.097
7.473	185.800	839.097
7.483	188.459	839.533
7.493	838.903	186.812
7.503	837.305	186.758
7.513	840.261	186.650
7.523	838.757	186.542
7.533	838.854	186.381
7.543	840.261	186.230
7.553	838.903	187.147
7.563	838.079	185.522
7.573	836.532	185.757
7.583	836.773	185.597
7.593	840.261	184.997
7.603	837.741	372.374
7.613	838.418	372.719
7.623	838.418	373.020
7.633	838.176	373.257
7.643	840.261	371.815
7.653	371.687	838.515
7.663	374.013	838.515
7.673	378.643	837.595
7.683	374.294	499.622
7.693	374.294	498.152
7.703	374.294
7.713	373.149
7.723	373.581
7.733	376.179
7.743	373.538
7.753	373.300
7.763	373.991
7.773	371.493
7.783	371.022
7.793	371.579
7.803	371.000
7.813	371.944
7.823	371.794
7.833	69.749
7.843	70.101
7.853	70.101
7.863	68.500
7.873	69.580
7.883	69.564
7.893	69.536
7.903
7.913
7.923
7.933
7.943
7.953
7.963
7.973
7.983
7.993
8.003
8.013
8.023
8.033
8.043
8.053
8.063
8.073
8.083
8.093
8.103
8.113
8.123
8.133
8.143
8.153
8.163
8.173
8.183
8.193
8.203
8.213
8.223
8.233
8.243
8.253
8.263
8.273
8.283
8.293
8.303
8.313
8.323
8.333
8.343
8.353
8.363
8.373
8.383
8.393
8.403
8.413
8.423
8.433
8.443
8.453
8.463
8.473
8.483
8.493
8.503
8.513
8.523
8.533
8.543
8.553
8.563
8.573
8.583
8.593
8.603
8.613
8.623	187.147
8.633	184.997
8.643	186.166
8.653	187.147
8.663	187.147
8.673	187.147
8.683	185.897
8.693	187.082
8.703	185.672
8.713	184.997
8.723	187.147
8.733	186.704
8.743	187.147
8.753	186.467
8.763	187.028
8.773	186.370
8.783	185.511
8.793
8.803
8.813
8.823
8.833
8.843
8.853
8.863
8.873
8.883
8.893
8.903
8.913
8.923
8.933
8.943
8.953
8.963
8.973
8.983
8.993
9.003
9.013
9.023
9.033
9.043
9.053
9.063
9.073
9.083
9.093
9.103
9.113
9.123
9.133
9.143
9.153
9.163
9.173
9.183
9.193
9.203
9.213	653.455
9.223	663.534
9.233	666.915
9.243	664.454
9.253	666.915
9.263	666.915
9.273	666.915
9.283	663.074
9.293	665.338
9.303	663.227
9.313	666.915
9.323	664.301
9.333	666.915
9.343	666.915
9.353	665.684
9.363	666.915
9.373	665.568
9.383	663.189
9.393	665.338
9.403	665.261
9.413	666.915
9.423	665.107
9.433	664.915
9.443	664.838
9.453	664.800
9.463	662.615
9.473	662.959
9.483	663.917
9.493	666.915
9.503	666.915
9.513	665.415
9.523	666.915
9.533	665.607
9.543
9.553
9.563
9.573
9.583
9.593
9.603
9.613
9.623
9.633
9.643
9.653
9.663
9.673
9.683
9.693
9.703
9.713
9.723
9.733	627.524
9.743	630.212
9.753	628.866
9.763	629.484
9.773	628.177
9.783	124.891
9.793	124.905
9.803	124.423
9.813	125.209
9.823	124.905
9.833	125.252
9.843	124.481
9.853	124.905
9.863	125.108
9.873	125.694
9.883	124.905
9.893	124.905
9.903	124.905
9.913	124.495
9.923	124.905
9.933	124.150
9.943	124.754
9.953	124.718
9.963
9.973
9.983
9.993
10.003
10.013
10.023
10.033
10.043
10.053
10.063
10.073
10.083
10.093
10.103
10.113
10.123
10.133
10.143
10.153
10.163
10.173
10.183
10.193
10.203
10.213
10.223
10.233
10.243
10.253
10.263
10.273	125.354
10.283	125.129
10.293	124.596
10.303	123.471
10.313	124.905
10.323	124.905
10.333	125.383
10.343	124.905
10.353	124.905
10.363	125.978
10.373	124.610
10.383	124.905
10.393	124.905
10.403	125.064
10.413	125.811
10.423	124.668
10.433	125.441
10.443	125.927	666.915
10.453	124.366	666.915
10.463	124.905	666.915
10.473	124.905	663.112
10.483	124.905	663.572
10.493	124.905	664.263
10.503	123.471	664.800
10.513	124.905	665.107
10.523	124.466	665.107
10.533	126.196	665.530
10.543	123.471	664.531
10.553	124.905	664.800
10.563	126.255	664.800
10.573	125.108	664.915
10.583	124.905
10.593	123.471
10.603	124.905
10.613	125.317
10.623	124.905
10.633	124.905
10.643	124.905
10.653	124.905
10.663	124.768
10.673	125.137
10.683	124.920	661.353
10.693	665.146	124.942
10.703	665.299	124.905
10.713	666.915	186.963
10.723	666.915	187.147
10.733	664.762	186.769
10.743	664.954	187.147
10.753	665.645	187.147
10.763	666.915	187.147
10.773	666.915	186.305
10.783	186.402	664.608
10.793	187.147	666.915
10.803	186.435	666.915
10.813	187.147	665.222
10.823	186.305	666.915
10.833	187.147	666.915
10.843	187.147	666.915
10.853	187.147	666.376
10.863	187.147	666.376
10.873	186.683	664.646
10.883	187.147
10.893	187.147
10.903	187.147
10.913	187.147
10.923	185.865
10.933	186.618
10.943	187.212
10.953	186.941
10.963	187.147
10.973	187.147
10.983	186.704
10.993	187.147
11.003	187.017
11.013	187.147
11.023	187.147
11.033	187.060
11.043	187.060
11.053	187.147
11.063	187.147
11.073	186.585
11.083	187.114
11.093	187.147
11.103	187.039
11.113	187.147	664.339
11.123	187.028	632.108
11.133	187.147	638.899
11.143	186.790	629.484
11.153	630.685	373.473
11.163	372.353	628.031
11.173	372.999	629.884
11.183	373.538	629.557
11.193	628.431	374.294
11.203	628.975	373.581
11.213	627.995	374.294
11.223	629.484	373.149
11.233	628.431	373.559
11.243	627.705	374.294
11.253	628.467	373.581
11.263	627.850	372.740
11.273	628.394	373.602
11.283	627.306	373.624
11.293	629.484	373.689
11.303	372.805	630.685
11.313	373.969	628.830
11.323	374.294	628.866
11.333	374.294	186.941
11.343	374.337	186.564
11.353	374.445	186.370
11.363	374.142	187.233
11.373	374.294	69.955
11.383	375.745	69.988
11.393	375.701	70.101
11.403	70.040	374.964
11.413	70.060	375.008
11.423	70.101	333.458
11.433	70.097	333.458
11.443	70.101	333.458
11.453	70.101	333.458
11.463	70.101	333.361
11.473	70.072	333.304
11.483	70.068
11.493	70.060
11.503	70.101
11.513	70.040
11.523	69.846
11.533	333.458
11.543	332.170	70.085
11.553	333.458	93.573
11.563	332.765	93.942
11.573	332.688	93.573
11.583	333.458	94.029
11.593	332.515	560.450
11.603	331.633	560.807
11.613	333.458	560.418
11.623	331.729	560.418
11.633	332.189	560.807
11.643	332.035	560.807
11.653	331.441	560.807
11.663	557.963	332.208
11.673	560.807	331.633
11.683	560.774	332.285
11.693	560.871	333.458
11.703	560.807	332.458
11.713	561.131	374.402
11.723	561.260	374.315
11.733	560.807	378.643
11.743	372.977	567.323
11.753	373.991	560.807
11.763	372.267	558.157
11.773	372.762	561.196
11.783	373.343	561.033
11.793	373.408	560.839
11.803	373.689	560.612
11.813	373.149	560.807
11.823	372.999	560.159
11.833	372.826	559.965
11.843	372.181	559.803
11.853	558.189	372.740
11.863	560.807	371.880
11.873	559.965	373.063
11.883	558.544	372.891
11.893	560.807	372.977
11.903	560.127	373.322
11.913	560.807	373.128
11.923	560.807	373.214
11.933	629.230	560.289
11.943	629.484	373.473
11.953	629.775	374.294
11.963	629.048	186.585
11.973	628.939	186.575
11.983	629.484	186.575
11.993	629.484	187.396
12.003	627.234	185.532
12.013	628.794	186.037
12.023	628.540	187.147
12.033	627.596	187.147
12.043	629.484	186.596
12.053	629.484	186.219
12.063	629.484	185.983
12.073	628.177	187.147
12.083	628.431	186.618
12.093	628.467	186.639
12.103	629.121	187.147
12.113	628.866	186.359
12.123	628.358	186.650
12.133	628.394	186.187
12.143	629.957	187.147
12.153	630.467	186.327
12.163	629.484	186.823
12.173	627.451	186.715
12.183	629.484	187.147
12.193	629.484	187.147
12.203	627.669	187.147
12.213	630.175	187.147
12.223	629.484
12.233	629.193
12.243	187.060
12.253	187.071
12.263	187.060
12.273	187.050
12.283	187.028
12.293	186.974
12.303	186.941
12.313	187.147
12.323	188.623
12.333	185.994
12.343	185.757
12.353	186.704
12.363	186.704
12.373	186.693
12.383	186.004
12.393	187.147
12.403	187.147
12.413	186.327
12.423	187.147
12.433	185.876
12.443	187.147
12.453	187.147
12.463	186.467
12.473	187.147
12.483	187.147
12.493	187.147
12.503	187.147
12.513	187.147
12.523	187.147
12.533	187.147
12.543	187.147
12.553	185.908
12.563	187.125
12.573	186.877
12.583	186.855
12.593	186.844
12.603	186.585
12.613	186.596
12.623	187.147
12.633	93.573
12.643	93.573
12.653	93.573
12.663	186.985
12.673	187.017
12.683	187.050
12.693	187.093
12.703	187.082
12.713	187.071	69.592
12.723	187.147	69.540
12.733	70.166	187.017
12.743	70.101	187.147
12.753	69.204	187.147
12.763	67.666	186.941
12.773	70.101	249.595
12.783	70.101	249.551
12.793	68.829	249.811
12.803	248.803	67.713
12.813	249.811	68.579
12.823	249.479	67.713
12.833	249.811	67.713
12.843	248.473	186.974
12.853	249.638	187.017
12.863	249.479	187.050
12.873	249.508	187.093
12.883	499.622	187.147
12.893	499.507	187.147
12.903	499.535	187.147
12.913	499.622	187.147
12.923	499.535	187.104
12.933	499.622	187.147
12.943	499.622	186.985
12.953	499.535	186.920
12.963	499.622	187.147
12.973	499.622	186.758
12.983	499.391	186.661
12.993	499.622	186.424
13.003	499.622	187.147
13.013	498.728	186.402
13.023	499.276	184.826
13.033	499.218	560.807
13.043	499.160	559.706
13.053	498.815	186.456
13.063	499.103	559.319
13.073	499.103	70.202
13.083	499.622	186.780
13.093	498.987	187.147
13.103	497.865	373.106
13.113	499.189	374.294
13.123	499.622	370.465
13.133	499.622	373.020
13.143	499.622	373.085
13.153	499.305	374.294
13.163	499.651	373.149
13.173	373.128	499.305
13.183	372.848	499.622
13.193	373.042	498.815
13.203	373.408	498.815
13.213	373.430	499.247
13.223	372.891	473.956
13.233	374.294	473.874
13.243	372.589	471.580
13.253	372.331	477.060
13.263	372.095	473.737
13.273	475.657	373.063
13.283	471.580	373.322
13.293	471.580	373.365
13.303	477.970	373.538
13.313	471.580	373.732
13.323	471.580	373.516
13.333	472.344	374.294
13.343	473.081	374.358
13.353	471.580	374.467
13.363	468.837	374.531
13.373	471.580	378.643
13.383	471.580	499.622
13.393	471.580	499.622
13.403	470.927	499.564
13.413	471.308	499.622
13.423	471.335	499.074
13.433	498.843	471.580
13.443	498.670	471.362
13.453	499.622	185.833
13.463	501.501	186.359
13.473	499.766	187.147
13.483	488.211	186.402
13.493	497.922	184.997
13.503	187.147	498.008
13.513	186.144	499.622
13.523	186.661	499.622
13.533	186.726	499.622
13.543	187.147	502.168	629.484
13.553	186.284	491.635
13.563	186.564	629.484
13.573	186.564	627.306
13.583	186.585	628.612
13.593	187.547	629.484
13.603	186.585	628.322
13.613	185.243	628.177
13.623	187.147	627.995
13.633	185.779	626.437
13.643	186.058	629.484
13.653	187.147	499.189
13.663	500.836	187.147
13.673	500.720	187.147
13.683	499.622	186.877
13.693	498.296	186.952
13.703	499.911	187.039
13.713	497.635	186.618
13.723	499.622	187.147
13.733	499.622	187.320
13.743	499.622	187.396
13.753	499.622	189.321
13.763	500.171	187.385
13.773	500.228	187.309
13.783	500.460	187.212
13.793	499.622	185.843
13.803	505.427	69.693
13.813	501.328
13.823	69.826
13.833	69.887
13.843	69.947
13.853	70.008
13.863	70.101
13.873	70.101
13.883	70.101
13.893	840.261
13.903	838.515
13.913	838.951
13.923	839.678
13.933	839.921
13.943	840.261
13.953	838.757
13.963	840.600
13.973	840.892
13.983	840.261
13.993	839.533
14.003	842.253
14.013	69.396
14.023	69.344
14.033	69.320
14.043	69.316
14.053	69.316
14.063	374.596
14.073	374.294
14.083	374.553	70.101
14.093	374.834	69.584
14.103	375.246	69.673
14.113	375.224	70.101
14.123	374.899	70.101
14.133	373.883	70.101
14.143	374.294	69.802
14.153	372.826	69.810
14.163	373.646	69.822
14.173	372.826	69.778
14.183	371.773	70.101
14.193	373.300	279.950
14.203	373.236
14.213	373.214
14.223	372.417
14.233	373.343
14.243	374.294
14.253	373.581
14.263	373.581
14.273	374.618
14.283	279.692
14.293	279.708
14.303
14.313
14.323
14.333
14.343
14.353
14.363
14.373
14.383
14.393
14.403
14.413
14.423
14.433
14.443
14.453
14.463
14.473
14.483
14.493
14.503
14.513	374.294
14.523	374.294
14.533	373.991
14.543	373.948
14.553	374.294
14.563	93.573
14.573	93.573
14.583	93.573
14.593	93.573
14.603	93.573
14.613	93.573
14.623	93.573
14.633	93.573
14.643	93.573
14.653	372.697
14.663	372.783
14.673	373.193
14.683	372.912
14.693	372.891
14.703	372.934
14.713	373.128
14.723	372.977
14.733	372.654
14.743	373.042
14.753	373.063
14.763	372.956
14.773	372.654
14.783	374.294
14.793
14.803
14.813
14.823
14.833
14.843
14.853
14.863
14.873
14.883	186.736
14.893	186.672
14.903	187.147
14.913	187.125
14.923	185.447
14.933	187.147
14.943	186.532
14.953	187.147
14.963	186.736
14.973	185.372
14.983	184.997
14.993	187.147
15.003	186.607
15.013	187.147
15.023	186.585
15.033	186.909
15.043	187.082
15.053	186.866
15.063	186.467
15.073	186.359
15.083	187.147
15.093	187.147
15.103
15.113
15.123
15.133
15.143
15.153
15.163
15.173
15.183
15.193
15.203
15.213
15.223
15.233
15.243
15.253
15.263
15.273
15.283
15.293
15.303
15.313
15.323
15.333
15.343
15.353	666.646
15.363	666.530
15.373	666.376
15.383	666.915
15.393	666.915
15.403	666.915
15.413	666.915
15.423	666.915
15.433	664.378
15.443	664.608
15.453	664.608
15.463	664.723
15.473	664.762
15.483	665.376
15.493	664.954
15.503	666.915
15.513	665.722
15.523	665.415
15.533	93.573
15.543	93.573
15.553	93.573
15.563	93.573
15.573	93.573
15.583
15.593
15.603
15.613
15.623
15.633
15.643
15.653
15.663
15.673
15.683
15.693
15.703
15.713
15.723
15.733
15.743
15.753
15.763
15.773
15.783
15.793
15.803
15.813
15.823
15.833
15.843	91.436
15.853	124.956
15.863	124.970
15.873	124.963
15.883	124.949
15.893	124.905
15.903	124.905
15.913	124.905
15.923	124.387
15.933	126.240
15.943	124.905
15.953	124.905
15.963	124.179
15.973	124.905
15.983	124.905
15.993	124.905
16.003	124.905
16.013	124.704
16.023	124.905
16.033	124.905
16.043	125.194
16.053	124.294
16.063	124.905
16.073	124.905
16.083	124.905
16.093	123.964
16.103	124.905
16.113	123.771
16.123	125.043
16.133	125.723
16.143	124.905
16.153	124.905
16.163	124.366
16.173	124.617
16.183	124.272
16.193	124.502
16.203	124.905
16.213	126.357	185.372
16.223	126.357	186.037
16.233	125.484	187.147
16.243	126.357	187.147
16.253	126.357	187.147
16.263	124.394	187.147
16.273	124.172	187.147
16.283	126.357	187.147
16.293	126.357	186.736
16.303	126.357	187.147
16.313	124.079	187.147
16.323	124.905	186.037
16.333	124.905	187.147
16.343	124.552	187.721
16.353	123.871	187.104
16.363	126.357	186.931
16.373	124.768	186.661
16.383	125.412	186.112
16.393	124.567	186.370
16.403	124.394	187.147
16.413	124.740	187.147
16.423	124.905	187.147
16.433	124.905	187.147
16.443	124.905	188.819
16.453	124.344	187.255
16.463	124.905	187.147
16.473	124.905	184.997
16.483	124.905	185.757
16.493	122.053	186.747
16.503	122.053	187.948
16.513	125.549	594.154
16.523	124.905	594.154
16.533	124.905	594.120
16.543	124.301	597.078
16.553	124.905	594.154
16.563	124.905	595.872
16.573	124.905	596.010
16.583	125.043	595.528
16.593	124.869	594.566
16.603	124.905	593.674
16.613	124.905	593.605
16.623	124.905	595.116
16.633	124.905	594.875
16.643	124.905	592.851
16.653	124.905	591.688
16.663	594.154	124.862
16.673	594.154	124.905
16.683	594.154	124.942
16.693	594.154	124.387
16.703	594.154	124.373
16.713	595.976	125.093
16.723	593.605	124.905
16.733	124.905	594.154
16.743	125.361	594.154
16.753	124.913	594.154
16.763	124.905	594.154
16.773	124.905	593.571
16.783	124.905	594.154
16.793	124.905	594.085
16.803	124.905	594.017
16.813	124.905	316.054
16.823	124.927	314.433
16.833	124.905	314.397
16.843	124.905	314.742
16.853	124.905	314.742
16.863	124.905	314.742
16.873	125.941	311.919
16.883	124.337	312.261
16.893	124.905	313.400
16.903	123.928	314.397
16.913	124.905	318.399
16.923	124.905	314.815
16.933	124.905	318.399
16.943	314.742	124.905
16.953	314.742	124.905
16.963	313.871	124.905
16.973	314.742	125.194
16.983	312.351	126.357
16.993	314.742	125.223
17.003	314.252	126.357
17.013	313.454	125.339
17.023	314.742	124.043
17.033	314.742	126.357
17.043	314.742	124.905
17.053	314.742	125.354
17.063	314.742	124.905
17.073	314.742	125.346
17.083	314.742	125.296
17.093	318.399	124.927
17.103	313.653	126.357
17.113	315.671	117.175
17.123	315.871	117.223
17.133	118.216	318.546
17.143	113.879	69.681
17.153	117.895	69.818
17.163	117.895	69.870
17.173	117.895	69.911
17.183	117.895	70.101
17.193	117.895	70.101
17.203	117.895	70.101
17.213	117.745	70.101
17.223	117.895	69.907
17.233	117.895	69.854
17.243	117.895	69.802
17.253	117.895	69.296
17.263	117.895	69.717
17.273	117.895	235.368
17.283	117.895	235.790
17.293	233.378	117.895
17.303	235.368	117.895
17.313	117.895	235.790
17.323	117.895	236.049
17.333	117.895	235.817
17.343	117.895	235.491
17.353	117.895	235.518
17.363	117.895	361.544
17.373	117.895	361.544
17.383	117.895	361.544
17.393	117.895	361.544
17.403	117.895	70.101
17.413	117.895	70.101
17.423	117.895	353.551
17.433	117.895	353.572
17.443	117.895	353.286
17.453	353.286	210.065
17.463	353.776	212.506
17.473	353.286	212.506
17.483	353.286	212.506
17.493	354.963	210.868
17.503	354.676	210.673
17.513	353.286	210.065
17.523	353.286	210.065
17.533	354.410	210.065
17.543	357.391	210.065
17.553	209.738	354.615
17.563	206.409	353.286
17.573	209.435	354.697
17.583	209.423	354.697
17.593	209.484	357.391
17.603	210.065	70.308
17.613	117.297	210.065
17.623	117.074	70.101
17.633	117.895	70.308
17.643	117.895	70.101
17.653	116.952	70.915
17.663	114.050	420.883
17.673	118.866	425.012
17.683	117.277	418.242
17.693	117.895	420.932
17.703	116.541	418.193
17.713	117.270	421.029
17.723	117.352	421.151
17.733	117.895	420.519
17.743	116.541	425.012
17.753	119.313	420.713
17.763	117.779	210.065
17.773	117.895	746.903
17.783	748.587	117.868
17.793	747.896	209.944
17.803	747.809	210.065
17.813	747.982	209.932
17.823	748.587	209.920
17.833	747.766	209.217
17.843	747.248	210.065
17.853	746.903	209.944
17.863	746.299	210.065
17.873	748.587	210.065
17.883	748.587	210.065
17.893	748.587	210.065
17.903	747.852	210.004
17.913	748.587	353.286
17.923	746.083	352.654
17.933	747.896	352.634
17.943	748.587	351.596
17.953	748.587	352.695
17.963	748.587	352.736
17.973	745.566	352.817	209.895
17.983	748.587	353.286	210.065
17.993	748.587	353.286	210.065
18.003	747.896	209.701	352.817
18.013	746.903	209.932	352.939
18.023	747.939	208.650	351.495
18.033	747.896	210.017	353.286
18.043	748.587	210.916	353.286
18.053	748.587	210.490	297.077
18.063	748.414	210.065	300.529
18.073	746.213	208.265	298.884
18.083	748.587	212.506	300.529
18.093	748.241	298.988	210.429
18.103	748.587	298.988	210.539
18.113	747.075	300.529	208.964
18.123	745.437	297.077	212.506
18.133	757.285	298.126	210.892
18.143	746.213	297.867	210.989
18.153	747.075	297.695	210.989
18.163	298.625	745.308	707.144
18.173	300.529	748.587	706.572
18.183	300.529	746.428	706.572
18.193	300.529	746.903	707.879
18.203	296.511	731.489	708.247
18.213	297.077	708.534	739.604
18.223	297.764	708.698	720.253
18.233	295.605	710.132	736.705
18.243	297.420	707.348	735.175
18.253	298.367	714.782	69.580
18.263	297.386	705.023	68.500
18.273	297.077	708.575	70.101
18.283	296.940	706.980	70.101
18.293	295.349	714.782
18.303	296.700	705.186
18.313	296.648	708.002
18.323	295.981	707.716
18.333	297.077	707.430
18.343	300.529	706.572
18.353	295.161	706.572
18.363	297.077	706.572
18.373	707.021	296.683
18.383	706.572	296.528
18.393	705.186	296.391
18.403	706.287	295.639
18.413	706.246	296.015
18.423	706.654	295.776
18.433	706.164	295.485
18.443	704.941	78.318
18.453	706.940	78.305
18.463	78.686	706.205
18.473	78.686	706.287
18.483	78.640	706.368
18.493	77.782	706.450
18.503	76.888	704.087
18.513	78.686	156.013
18.523	78.137	157.826
18.533	153.777	78.101
18.543	157.317	78.074
18.553	153.919	78.047
18.563	156.022	69.862
18.573	157.371	69.665
18.583	69.794	156.194
18.593	69.296	156.284
18.603	70.915	77.867
18.613	69.963	77.782
18.623	69.959	77.782
18.633	69.959	78.686
18.643	69.959	77.827
18.653	69.935	76.888
18.663	70.915	157.053
18.673	157.644	68.630
18.683	157.017	70.101
18.693	157.371	69.818
18.703	155.986	69.810
18.713	157.371	69.830
18.723	157.099	69.846
18.733	156.401	70.101
18.743	157.371	68.861
18.753	156.311	236.349
18.763	157.053	234.554
18.773	158.246	235.790
18.783	158.521	235.790
18.793	157.371	78.061
18.803	76.888	157.489
18.813	77.782	157.526
18.823	77.782	157.580
18.833	78.686
18.843	78.686
18.853	78.686
18.863	78.686
18.873	78.686
18.883	78.686
18.893	78.686
18.903	78.681
18.913	78.686
18.923	78.686
18.933	77.782	186.123
18.943	78.595	182.872
18.953	78.599	187.147
18.963	78.686	187.147
18.973	187.147	80.019
18.983	185.983	78.686
18.993	187.147	76.888
19.003	187.147	79.480
19.013	186.532	77.975
19.023	187.017	78.572
19.033	187.147	78.590
19.043	187.147	78.595
19.053	187.147	78.686
19.063	187.147	78.686
19.073	187.147	78.640
19.083	187.147	78.686
19.093	187.363	78.686
19.103	187.147	78.686
19.113	187.147	78.695
19.123	187.147	78.695
19.133	187.147	78.686
19.143	187.147	78.686
19.153	187.147	78.686
19.163	187.147	79.973
19.173	187.742	78.626
19.183	186.866	76.773
19.193	187.147	78.686
19.203	187.147	78.590
19.213	186.478	79.288
19.223	187.147	78.577
19.233	187.093	235.804
19.243	187.147	235.804
19.253	187.147	235.790
19.263	187.147	236.458
19.273	235.790	187.060
19.283	235.790	187.039
19.293	234.432	187.147
19.303	236.281	187.147
19.313	235.790	186.952
19.323	235.790	187.147
19.333	235.790	186.855
19.343	235.790	187.147
19.353	235.273	186.747
19.363	235.396	184.997
19.373	235.790	187.147
19.383	234.934	186.747
19.393	237.142	187.147
19.403	235.954	186.499
19.413	235.790	186.823
19.423	235.790	187.147
19.433	238.530	186.909
19.443	236.145	78.454
19.453	235.314	79.600
19.463	236.008	78.686
19.473	78.686	235.913
19.483	78.858	236.418
19.493	78.686	235.681
19.503	78.849	235.790
19.513	79.600	235.273	369.973
19.523	78.686	235.287	371.172
19.533	78.686	234.378	371.065
19.543	78.686	234.351	370.807
19.553	78.686	235.137	369.546
19.563	235.151	78.686	371.622
19.573	235.790	371.880	78.754
19.583	235.178	371.193	314.397
19.593	234.947	314.742	371.493
19.603	234.988	314.742	371.730
19.613	235.790	313.780	372.138
19.623	234.432	314.851	372.159
19.633	235.736	313.762	372.396
19.643	235.790	313.038	372.611
19.653	234.988	313.907	373.322
19.663	235.790	313.363	372.912
19.673	235.450	313.816	372.460
19.683	235.477	313.762	374.294
19.693	235.790	313.726	372.956
19.703	235.504	313.671	373.042
19.713	234.649	313.671	372.999
19.723	235.790	314.742	372.956
19.733	235.790	313.635	371.987
19.743	235.708	313.526	372.891
19.753	235.790	313.056	157.317
19.763	235.790	157.344	312.568
19.773	234.879	157.371	313.617
19.783	235.300	157.371	374.294
19.793	235.600	157.417	372.181
19.803	235.586	157.371	372.460
19.813	235.572	157.890	559.545
19.823	157.371	559.577	235.572
19.833	558.511	157.453	235.586
19.843	557.867	157.444	235.613
19.853	560.807	157.371	235.790
19.863	560.807	157.371
19.873	560.807	157.426
19.883	559.545	157.417
19.893	560.807	157.407
19.903	557.963	157.389
19.913	559.512	157.371
19.923	556.161	157.371
19.933	560.807	69.580
19.943	558.899	69.701
19.953	559.739	70.101
19.963	560.807	69.870
19.973	560.807	69.935
19.983	559.965	69.923
19.993	560.807	69.911
20.003	560.192	69.296
20.013	560.256	165.998
20.023	560.256	166.104
20.033	560.192	166.190
20.043	560.289	166.729
20.053	558.544	166.729
20.063	164.433	560.807
20.073	560.807	166.729
20.083	560.807	166.123
20.093	559.383	166.729
20.103	559.189	165.682
20.113	557.899	166.075
20.123	558.834	83.770
20.133	558.737	83.794
20.143	556.804	83.364
20.153	557.416	84.333
20.163	560.807	84.333
20.173	558.060	84.333
20.183	557.512	83.726
20.193	558.447	83.654
20.203	557.963	83.364
20.213	560.807	83.528
20.223	560.807	83.364
20.233	556.322	83.364
20.243	557.577	83.364
20.253	558.673	83.364
20.263	557.963	83.364
20.273	557.094	82.717
20.283	83.364	557.609
20.293	83.364	558.286
20.303	83.364	559.125
20.313	83.364	559.351
20.323	567.323	83.321
20.333	558.447	83.364
20.343	558.705	83.336
20.353	557.802	83.364
20.363	556.997	83.364
20.373	560.807	83.364
20.383	560.807	83.364
20.393	560.807	166.729
20.403	560.807	166.729
20.413	557.738	166.594
20.423	561.552	166.729
20.433	558.447	165.807
20.443	567.323	166.729
20.453	567.323	166.729
20.463	83.331	567.323
20.473	83.172	166.594
20.483	83.364	166.604
20.493	83.364	166.613
20.503	83.364	166.652
20.513	83.364	166.700
20.523	83.364	420.908
20.533	83.364	420.908
20.543	83.364	420.762
20.553	83.307	420.130
20.563	420.130	83.364
20.573	425.012	83.249
20.583	420.373	83.201
20.593	418.894	166.729
20.603	416.819	166.469
20.613	425.012	166.411
20.623	420.130	166.363
20.633	415.305	166.325
20.643	419.597	166.133
20.653	420.130	166.729
20.663	419.451	165.138
20.673	419.354	166.248
20.683	418.677	166.286
20.693	419.403	166.315
20.703	166.652	419.185
20.713	166.729	420.130
20.723	166.392	419.403
20.733	166.123	420.130
20.743	166.431	419.427
20.753	560.807	419.379
20.763	560.224	419.330
20.773	560.450	419.306
20.783	560.548	418.556
20.793	560.645	418.604
20.803	560.807	419.306
20.813	561.942	70.360
20.823	560.807	83.364
20.833	70.300	561.066
20.843	70.101	561.163
20.853	70.316	561.390
20.863	70.235	559.965
20.873	561.877	165.922
20.883	562.169	83.635
20.893	84.333	562.656
20.903	83.364	562.689
20.913	83.567	210.041
20.923	83.533	210.138
20.933	83.495	210.065
20.943	83.461	210.065
20.953	83.364	210.369
20.963	83.364	210.429
20.973	83.364	210.454
20.983	83.379	212.506
20.993	83.364	208.940
21.003	83.364	210.332
21.013	211.111	83.364
21.023	210.259	83.364
21.033	210.247	83.321
21.043	209.302	83.268
21.053	210.454	83.206
21.063	209.580	278.000
21.073	210.029	280.403
21.083	210.065	418.483
21.093	418.459	209.992
21.103	418.073	209.968
21.113	418.121	209.932
21.123	418.145	81.460
21.133	418.362	82.545
21.143	420.130
21.153	418.991
21.163	419.088
21.173	420.130
21.183	419.306
21.193	419.427
21.203	419.233
21.213	418.822
21.223	419.742
21.233	420.130
21.243	419.839
21.253	420.130
21.263	420.130
21.273	419.936
21.283	420.130	210.296
21.293	419.912	210.843
21.303	420.130	210.174
21.313	419.766	209.375
21.323	419.645	209.907
21.333	419.524	166.008
21.343	419.427	165.577
21.353	166.056	420.130
21.363	166.104	418.798
21.373	166.729	418.628
21.383	165.434	420.130
21.393	166.286	418.508
21.403	166.604	418.338
21.413	165.482	419.088
21.423	166.729	210.065
21.433	166.402	209.883
21.443	166.642	209.302
21.453	166.729	210.223
21.463	166.633	210.041
21.473	166.142	210.065
21.483	166.536	210.065
21.493	166.729	209.980
21.503	166.729	210.187
21.513	166.729	209.920
21.523	211.538	166.488
21.533	210.065	166.123
21.543	210.065	166.729
21.553	210.065	166.729
21.563	205.267	166.729
21.573	210.965	165.405
21.583	209.592	166.142
21.593	208.831	166.066
21.603	210.065	165.443
21.613	210.065	165.998
21.623	209.471	165.654
21.633	209.459	165.970
21.643	211.148	165.960
21.653	209.375	165.979
21.663	207.976	165.979
21.673	211.759	166.046
21.683	205.267	166.363
21.693	166.729	210.868
21.703	166.066	208.711
21.713	165.023	208.831
21.723	166.334	209.193
21.733	165.319	209.109
21.743	165.893	209.000
21.753	166.729	210.065
21.763	164.814	209.520
21.773	165.682	209.617
21.783	165.970	209.786
21.793	166.018	209.895
21.803	165.692	210.442
21.813	166.363	210.065
21.823	166.556	210.065
21.833	166.729	209.847
21.843	166.277	210.320
21.853	166.729
21.863	166.152
21.873	165.596
21.883	166.729
21.893	166.344
21.903	166.354
21.913	166.334
21.923
21.933
21.943
21.953
21.963
21.973
21.983
21.993
22.003
22.013
22.023
22.033
22.043
22.053
22.063
22.073
22.083
22.093
22.103
22.113
22.123
22.133
22.143
22.153
22.163
22.173
22.183
22.193
22.203
22.213
22.223
22.233
22.243
22.253
22.263
22.273
22.283
22.293
22.303
22.313
22.323
22.333
22.343
22.353
22.363
22.373
22.383
22.393
22.403
22.413
22.423
22.433
22.443
22.453
22.463
22.473
22.483
22.493
22.503
22.513
22.523
22.533
22.543
22.553
22.563
22.573
22.583
22.593
22.603
22.613
22.623
22.633
22.643
22.653
22.663
22.673
22.683
22.693
22.703
22.713
22.723
22.733
22.743
22.753
22.763
22.773
22.783
22.793
22.803
22.813
22.823
22.833
22.843
22.853
22.863
22.873
22.883
22.893
22.903	496.314
22.913	494.454
22.923	496.228
22.933	496.917
22.943	496.859
22.953	497.146
22.963	496.716
22.973	496.457
22.983	499.622
22.993	497.376
23.003	497.577
23.013	497.433
23.023	497.347
23.033	497.261
23.043	496.572
23.053	496.142
23.063	499.622
23.073	499.622
23.083	497.347
23.093
23.103
23.113
23.123
23.133
23.143
23.153
23.163
23.173
23.183	249.609
23.193	249.551
23.203	249.523
23.213	249.494
23.223	560.807
23.233	557.094
23.243	556.901
23.253	560.807	249.811
23.263	560.807	249.811
23.273	560.807	248.702
23.283	560.807	248.559
23.293	560.807	249.811
23.303	560.807	248.803
23.313	556.579	249.220
23.323	560.807	247.971
23.333	556.193	248.789
23.343	556.579	249.811
23.353	556.836	249.811
23.363	557.126	249.811
23.373	556.290	249.811
23.383	556.740	249.811
23.393	560.807	249.652
23.403	249.811	557.706
23.413	249.739	557.770
23.423	249.811	557.899
23.433	249.739	557.867
23.443	249.811	558.479
23.453	249.811	557.867
23.463	249.811	556.579
23.473	249.609	558.447
23.483	249.551	555.808
23.493	249.811	560.807
23.503	249.811	560.807
23.513	248.171	560.807
23.523	249.321	558.834
23.533	249.595	557.158
23.543	249.177	470.085
23.553	465.276	249.091
23.563	471.580	249.047
23.573	470.818	249.004
23.583	471.580	248.961
23.593	472.780	247.441
23.603	471.254	248.947
23.613	471.580	249.811
23.623	471.580	249.033
23.633	471.580	248.875
23.643	471.580	249.811
23.653	249.811	471.580
23.663	248.372	471.662
23.673	249.033	471.580
23.683	247.942	471.608
23.693	249.105	507.534
23.703	249.811	501.530
23.713	500.893	249.177
23.723	499.622	249.234
23.733	499.622	249.306
23.743	499.622	249.393
23.753	500.373	249.479
23.763	499.622	249.580
23.773	500.084	249.234
23.783	249.811	499.911
23.793	249.811	499.680
23.803	249.696	499.622
23.813	249.696	471.580
23.823	249.811	471.580
23.833	249.811	471.580
23.843	249.681	471.580
23.853	249.811	471.580
23.863	249.811	471.580
23.873	249.811	498.124
23.883	248.702	497.836
23.893	249.811	497.692
23.903	249.811	497.548
23.913	499.622	249.623
23.923	494.683	93.573
23.933	499.132	92.499
23.943	499.622	93.379
23.953	493.940	93.573
23.963	495.684	93.573
23.973	498.325	93.573
23.983	498.959	93.573
23.993	496.859	93.573
24.003	93.573	495.398
24.013	93.573	499.622
24.023	93.573	499.622
24.033	91.373	499.016
24.043	93.573	499.766
24.053	94.606	499.074
24.063	90.386	499.016
24.073	90.386	499.622
24.083	92.584	499.276
24.093	94.661	499.420
24.103	93.573	499.391
24.113	92.499	499.305
24.123	91.436	499.189
24.133	91.436	499.651
24.143	92.499	499.622
24.153	92.659	499.622
24.163	93.573	499.622
24.173	92.040	498.843
24.183	90.386	498.008
24.193	93.029	495.312
24.203	93.730	498.815
24.213	90.386
24.223	90.386
24.233	91.754
24.243	91.674
24.253	91.579
24.263
24.273
24.283
24.293
24.303
24.313
24.323
24.333
24.343
24.353
24.363
24.373
24.383
24.393
24.403
24.413
24.423
24.433
24.443
24.453
24.463
24.473
24.483
24.493
24.503
24.513
24.523
24.533
24.543
24.553
24.563
24.573
24.583
24.593
24.603
24.613
24.623
24.633	629.484
24.643	627.560
24.653	626.039
24.663	629.484
24.673	624.883
24.683	629.484
24.693	626.763
24.703	625.606
24.713	627.125
24.723	186.985
24.733	185.479
24.743	187.147
24.753	185.876
24.763	184.997
24.773
24.783
24.793
24.803
24.813
24.823
24.833
24.843
24.853
24.863
24.873
24.883
24.893
24.903
24.913
24.923
24.933
24.943
24.953
24.963
24.973
24.983
24.993
25.003
25.013
25.023
25.033
25.043
25.053
25.063
25.073
25.083
25.093
25.103
25.113
25.123
25.133
25.143
25.153
25.163
25.173
25.183
25.193
25.203
25.213
25.223
25.233
25.243
25.253
25.263
25.273
25.283
25.293
25.303
25.313
25.323
25.333
25.343
25.353
25.363
25.373
25.383
25.393
25.403
25.413
25.423
25.433
25.443
25.453
25.463
25.473
25.483
25.493	92.499
25.503	91.436
25.513	92.713
25.523	92.499
25.533	92.949
25.543	93.573
25.553	93.142
25.563	93.233
25.573	93.573
25.583	94.034
25.593	93.158
25.603	93.573
25.613	93.411
25.623	93.379
25.633	93.325
25.643	93.207
25.653	93.573
25.663	92.499
25.673	92.852
25.683	556.836
25.693	556.869
25.703	558.028
25.713	557.029
25.723	556.836
25.733	185.489
25.743	185.532
25.753	186.618
25.763	185.361
25.773	185.072
25.783	185.564
25.793	184.997
25.803	185.179
25.813	185.704
25.823	187.147
25.833	185.811
25.843
25.853
25.863
25.873
25.883
25.893
25.903
25.913
25.923
25.933
25.943
25.953
25.963
25.973
25.983	496.917
25.993	496.199
26.003	496.171
26.013	497.146
26.023	124.891
26.033	124.848
26.043	124.905
26.053	124.905
26.063	124.905
26.073	124.905
26.083	124.905
26.093	124.905
26.103	124.905
26.113	124.279
26.123	123.471
26.133	124.905
26.143	125.158
26.153	124.401
26.163	124.905
26.173	124.905
26.183	124.905
26.193	124.596
26.203	124.905
26.213	123.471
26.223	123.471
26.233	123.471
26.243	123.471
26.253	123.471
26.263	123.044
26.273	123.471
26.283	124.905
26.293	124.416
26.303	123.649
26.313	124.898
26.323	124.869
26.333	124.000
26.343	123.828
26.353	123.656
26.363	124.905
26.373	124.401
26.383	124.905
26.393	124.481
26.403	124.776
26.413	124.423
26.423	123.471
26.433	123.471
26.443	123.471
26.453	123.471
26.463	124.322
26.473	124.409
26.483	123.706
26.493	123.471
26.503	123.471
26.513
26.523
26.533
26.543
26.553
26.563
26.573
26.583
26.593
26.603
26.613
26.623
26.633
26.643
26.653
26.663
26.673
26.683
26.693
26.703
26.713
26.723
26.733
26.743
26.753
26.763
26.773
26.783
26.793
26.803
26.813
26.823
26.833
26.843
26.853
26.863
26.873
26.883
26.893
26.903
26.913
26.923
26.933
26.943
26.953
26.963
26.973
26.983
26.993
27.003
27.013
27.023
27.033
27.043
27.053
27.063
27.073
27.083
27.093
27.103
27.113
27.123
27.133
27.143
27.153
27.163
27.173
27.183
27.193
27.203
27.213
27.223
27.233
27.243
27.253
27.263
27.273
27.283
27.293
27.303
27.313
27.323
27.333
27.343
27.353
27.363
27.373
27.383
27.393
27.403
27.413
27.423
27.433
27.443
27.453
27.463
27.473
27.483
27.493
27.503
27.513
27.523
27.533
27.543
27.553
27.563
27.573
27.583
27.593
27.603
27.613
27.623
27.633
27.643
27.653
27.663
27.673
27.683
27.693
27.703
27.713
27.723
27.733
27.743
27.753
27.763
27.773
27.783
27.793
27.803
27.813
27.823
27.833
27.843
27.853
27.863
27.873
27.883
27.893
27.903
27.913
27.923
27.933
27.943
27.953
27.963
27.973
