0.023
0.033
0.043
0.053
0.063
0.073
0.083
0.093
0.103
0.113
0.123
0.133
0.143
0.153
0.163
0.173
0.183
0.193
0.203
0.213
0.223
0.233
0.243
0.253
0.263
0.273
0.283
0.293
0.303
0.313
0.323
0.333
0.343
0.353
0.363
0.373
0.383
0.393
0.403
0.413
0.423
0.433
0.443
0.453
0.463
0.473
0.483
0.493
0.503
0.513
0.523
0.533
0.543
0.553
0.563
0.573
0.583
0.593
0.603
0.613
0.623
0.633
0.643
0.653
0.663
0.673
0.683
0.693
0.703
0.713
0.723
0.733
0.743
0.753
0.763
0.773
0.783
0.793
0.803
0.813
0.823
0.833
0.843
0.853
0.863
0.873
0.883
0.893
0.903
0.913
0.923
0.933
0.943
0.953
0.963
0.973
0.983
0.993
1.003
1.013
1.023
1.033
1.043
1.053
1.063
1.073
1.083
1.093
1.103
1.113
1.123
1.133
1.143
1.153
1.163
1.173
1.183
1.193
1.203
1.213
1.223
1.233
1.243
1.253
1.263
1.273
1.283
1.293
1.303
1.313
1.323
1.333
1.343
1.353
1.363
1.373
1.383
1.393
1.403
1.413
1.423
1.433
1.443
1.453
1.463
1.473
1.483
1.493
1.503
1.513
1.523
1.533
1.543
1.553
1.563
1.573
1.583
1.593
1.603
1.613
1.623
1.633
1.643
1.653
1.663
1.673
1.683
1.693
1.703
1.713
1.723
1.733
1.743
1.753
1.763
1.773
1.783
1.793	186.683
1.803	186.650
1.813	187.147
1.823	187.147
1.833	186.219
1.843	186.392
1.853	185.564
1.863	187.147
1.873	187.147
1.883	186.090
1.893	185.972
1.903	187.147
1.913	186.542
1.923	186.542
1.933	186.564
1.943
1.953
1.963
1.973
1.983
1.993
2.003
2.013
2.023
2.033
2.043
2.053
2.063
2.073
2.083
2.093
2.103
2.113
2.123
2.133
2.143
2.153
2.163
2.173
2.183
2.193
2.203
2.213
2.223
2.233
2.243
2.253
2.263
2.273
2.283
2.293
2.303
2.313
2.323
2.333
2.343
2.353
2.363
2.373
2.383
2.393
2.403
2.413
2.423
2.433
2.443
2.453
2.463	330.161
2.473	330.314
2.483	330.505
2.493	330.619
2.503	329.628
2.513	329.628
2.523	331.959
2.533	329.628
2.543	329.628
2.553	331.518
2.563	333.438
2.573	333.901
2.583	331.709
2.593	331.824
2.603	373.732
2.613	373.646
2.623	373.581
2.633	373.732
2.643	374.294	73.416
2.653	374.294	73.731
2.663	374.294	73.799
2.673	374.294	73.416
2.683	369.141	74.648
2.693	373.214	73.416
2.703	74.269	373.559
2.713	74.269	373.063
2.723	74.652	373.257
2.733	74.209	374.294
2.743	74.269
2.753	74.226
2.763	386.867
2.773	387.224
2.783	383.042	166.440
2.793	387.493	164.814
2.803	387.493	168.666
2.813	387.493	164.814
2.823	387.493	166.729
2.833	387.493	167.047
2.843	391.995	166.729
2.853	391.995	166.729
2.863	392.948	166.258
2.873	393.811	168.520
2.883	392.811	164.814
2.893	396.550	164.814
2.903	394.471	166.219
2.913	396.550	166.729	82.894
2.923	391.995	167.772
2.933	393.265	164.814
2.943	387.493	82.407
2.953	396.711	82.407
2.963	82.832	396.550
2.973	82.407	387.493
2.983	82.407	393.288
2.993	83.364	393.447
3.003	83.364	393.697
3.013	83.364	393.902
3.023	83.364	392.290
3.033	82.407	396.550
3.043	82.407	395.932	162.160
3.053	83.364	394.608
3.063	83.364	393.834
3.073	83.364	394.813
3.083	82.407	396.550
3.093	83.364	395.315
3.103	83.364	390.166
3.113	82.712	385.573
3.123	82.531	393.857
3.133	374.294	83.114
3.143	373.451	83.172
3.153	374.294	164.814
3.163	374.294	164.814
3.173	374.294	74.432
3.183	373.602	74.269
3.193	377.202	74.269
3.203	369.994	75.132
3.213	374.294	74.269
3.223	371.601	74.484
3.233	373.343	393.220
3.243	393.220	373.257
3.253	393.197	83.311
3.263	391.995	83.364
3.273	391.995	83.364
3.283	393.629	82.407
3.293	395.635	84.333
3.303	394.335	83.230
3.313	394.312	83.220
3.323	391.995	82.407
3.333	391.995	83.364
3.343	391.995	83.364
3.353	391.995	83.736	167.259
3.363	398.203	82.407	166.729
3.373	83.364	395.110	167.327
3.383	83.364	391.995	167.395
3.393	83.364	391.995	373.214
3.403	83.364	391.995	373.559
3.413	83.364	395.064	373.732
3.423	82.521	371.622	393.493
3.433	374.294	83.182	393.538
3.443	369.994	83.364	74.842
3.453	374.294	83.364	74.842
3.463	374.294	75.132	83.033
3.473	378.053	75.132	82.932
3.483	376.941	74.269	82.817
3.493	378.643	74.269
3.503	372.353	75.132
3.513	378.643	75.132
3.523	374.294	74.842
3.533	375.615	74.842
3.543	375.528	74.842
3.553	375.268	123.778
3.563	123.857	493.883	374.878
3.573	123.907	497.692	246.942
3.583	123.471	503.853	248.760
3.593	123.471	497.692	248.516
3.603	123.471	497.003	252.714
3.613	123.471	498.354	248.717
3.623	124.905	493.883	248.559
3.633	124.905	248.401	497.232
3.643	124.905	246.942	497.204
3.653	124.481	246.942	497.146
3.663	123.857	248.042	437.693
3.673	124.905	437.213	247.956
3.683	124.905	436.734	564.349
3.693	123.471	564.381	434.946
3.703	123.471	564.414	278.065
3.713	124.905	564.447	277.952
3.723	123.471	560.807	277.904
3.733	124.905	563.795	277.920
3.743	124.905	280.403	567.323	138.591
3.753	277.183	124.172	567.323	468.215
3.763	277.183	126.357	564.153	474.778
3.773	277.183	567.323	466.164	120.651
3.783	277.183	465.142	560.807	123.957
3.793	276.527	466.164	563.241	138.447
3.803	277.792	468.107	562.819	372.460
3.813	277.984	466.164	374.294	562.299
3.823	280.403	467.215	372.310	136.999
3.833	280.403	467.161	371.773	92.997
3.843	283.661	467.107	373.193	92.499
3.853	277.423	467.026	573.915	93.573
3.863	279.175	573.915	92.499	466.945
3.873	279.175	573.915	93.573	467.080
3.883	280.403	573.915	467.323	93.131
3.893	280.403	466.164	573.915	93.158
3.903	278.000	468.296	573.915	233.351
3.913	277.647	466.191	233.163	139.571
3.923	277.183	232.988	468.810
3.933	277.183	233.257	140.121
3.943	278.177	140.242	232.772
3.953	278.193	140.202	233.082
3.963	278.209	140.202	235.790
3.973	280.403	141.831	232.262
3.983	276.527	141.831	233.082
3.993	276.767	140.957	227.758
4.003	277.183	140.202	227.758
4.013	277.183	140.202	233.082
4.023	283.661	138.591	232.074
4.033	278.354	140.258	232.182
4.043	278.000	140.218	234.717
4.053	277.631	91.436	185.350
4.063	283.661	92.664	185.372
4.073	283.661	92.857	186.133
4.083	283.661	93.018	187.147
4.093	279.902	93.573	185.790
4.103	280.403	92.499
4.113	276.351	93.573
4.123	93.573	277.824
4.133	93.573	277.503
4.143	94.661	280.403
4.153	93.573	278.740
4.163	93.573	277.183
4.173	93.573	277.679
4.183	93.573	278.386
4.193	93.573	278.466
4.203	92.499	278.563	746.213
4.213	93.784	278.193	745.007
4.223	93.573	276.367	744.577
4.233	93.573	757.285	371.193
4.243	93.573	753.185	371.150
4.253	93.573	742.729	372.783	552.543
4.263	92.499	374.294	734.920	552.926
4.273	93.573	368.608	731.489	552.958
4.283	93.433	367.651	739.263	552.990
4.293	93.573	369.354	731.489	553.022
4.303	93.573	372.181	739.989	552.447
4.313	373.387	93.573	757.285	553.118
4.323	369.994	93.573	741.315	552.224	1540.422
4.333	370.508	93.573	550.663	741.058	1547.378
4.343	365.745	93.573	554.173	741.101	1553.737
4.353	371.215	93.465	557.383	741.444	1553.378
4.363	374.294	92.906	554.013	741.872	1546.842
4.373	374.294	92.895	742.086	554.333
4.383	93.573	371.858	742.043	554.750
4.393	93.573	372.396	731.489	555.263
4.403	92.499	372.783	748.587	233.082
4.413	92.499	374.294	743.159	556.451
4.423	93.573	378.643	743.030	140.307
4.433	93.573	371.751	742.343	140.299
4.443	92.499	374.294	742.472	328.715
4.453	92.499	372.460	328.753	742.772
4.463	92.499	371.322	329.628	743.159
4.473	92.499	373.516	326.237	743.545
4.483	92.499	374.294	328.962	182.872
4.493	92.499	373.818	329.076	183.475
4.503	93.573	371.687	329.628	183.825
4.513	93.573	371.837	329.628	183.910
4.523	93.573	378.643	329.628	184.059
4.533	91.436	371.258	329.628
4.543	93.573	374.380	329.418
4.553	93.573	378.643	329.628
4.563	92.499	374.294	329.551
4.573	93.217	378.643	329.628
4.583	92.499	374.207	139.789
4.593	92.499	371.536	140.202
4.603	93.465	371.493	139.910
4.613	93.379	369.994	140.202
4.623	93.573	378.643	140.202
4.633	92.499	374.294	140.024
4.643	92.499	373.710	140.202
4.653	93.573	372.245	184.997
4.663	92.499	372.073	185.158
4.673	93.573	371.880	185.125
4.683	93.573	378.643	185.093
4.693	92.809	372.805	187.147
4.703	93.573	372.030	183.528
4.713	93.573	371.687	184.741
4.723	93.573	378.643	184.997	85.867
4.733	93.573	371.708	184.709	86.304
4.743	93.573	365.745	184.997	86.304
4.753	93.573	369.994	85.313	185.083
4.763	93.573	371.880	86.304	587.330
4.773	93.573	366.231	587.330	85.313
4.783	93.223	587.499	293.665	365.745
4.793	582.801	293.665	92.927	124.891
4.803	293.665	587.873	124.905	90.386
4.813	293.970	594.154	124.905	92.680
4.823	293.665	587.974	124.905	92.579
4.833	297.077	124.905	588.076	92.499
4.843	290.829	124.905	588.178	92.376
4.853	297.077	124.905	584.689	92.274
4.863	297.077	124.905	587.330	1178.125
4.873	293.665	124.552	589.096	1179.214
4.883	293.665	124.905	591.620	1179.418
4.893	124.905	293.665	594.944	1180.168
4.903	124.624	293.665	588.926
4.913	123.471	293.665	588.382
4.923	124.905	293.665	587.839
4.933	124.905	300.529	587.330
4.943	123.471	293.665	586.414
4.953	123.471	293.665	585.670
4.963	124.905	293.665	584.960
4.973	124.007	293.665	584.453
4.983	124.905	293.665	573.915
4.993	124.905	293.665	584.554
5.003	124.898	297.077	587.330
5.013	124.905	293.665	585.568
5.023	124.186	293.665	586.008
5.033	124.905	300.529	587.703
5.043	124.905	295.400	587.465
5.053	124.581	295.434	587.330
5.063	124.905	295.417	587.330
5.073	124.905	298.643	588.756
5.083	124.905	293.665	588.518
5.093	124.179	293.665	588.756
5.103	124.905	588.994	293.665
5.113	124.200	589.028	294.667
5.123	123.471	590.698	294.497
5.133	123.471	294.293	591.039
5.143	123.471	294.072
5.153	124.905	293.987
5.163	123.471	294.072
5.173	123.614	294.004
5.183	123.471	294.021
5.193	124.905	293.665
5.203	124.905	295.178
5.213	123.471	293.665
5.223	124.905	293.665	373.818
5.233	123.471	294.021	374.294
5.243	123.471	372.331	488.239
5.253	123.471	487.647	589.743
5.263	123.471	487.281	590.732
5.273	123.471	492.687	589.675
5.283	493.028	124.905	96.946
5.293	488.211	123.885	96.968
5.303	482.603	97.999	123.871
5.313	482.603	95.761	83.818
5.323	481.907	97.092	84.333
5.333	481.211	95.761	421.102
5.343	482.519	96.873	420.130
5.353	488.211	95.761	419.088
5.363	488.211	97.434	82.407
5.373	493.883	249.206	83.364
5.383	505.427	249.047	83.364
5.393	490.387	252.714	82.875
5.403	249.941	490.670	82.812
5.413	247.956	83.364	490.869
5.423	249.811	82.407	496.486
5.433	248.401	83.364	488.211
5.443	248.171	80.525	488.098
5.453	241.301	82.507	490.019
5.463	248.559	82.407	482.603
5.473	246.942	82.445	489.934
5.483	246.942	83.364	488.211
5.493	246.942	82.383	491.067
5.503	249.811	82.336	492.402
5.513	250.403	493.940	82.269
5.523	249.652	495.483	82.407
5.533	249.811	497.003	418.048
5.543	249.811	505.427	417.831
5.553	249.753	420.130	496.085
5.563	246.942	413.820	499.362	140.477
5.573	249.811	425.012	140.202	499.593
5.583	246.942	141.831	416.867	495.827
5.593	248.358	138.591	410.535	505.427
5.603	246.942	140.429	414.442	149.442
5.613	248.028	141.831	416.289	148.770
5.623	249.652	140.412	148.934	420.130
5.633	246.942	140.202	149.201	416.049
5.643	249.062	147.640	140.202	415.929
5.653	251.578	148.538	140.202	412.388
5.663	250.838	148.538	140.202	416.169
5.673	249.811	148.538	140.202
5.683	249.811	148.564	75.132
5.693	249.753	148.538	73.871
5.703	249.811	74.209	149.132
5.713	246.942	73.416	70.915
5.723	249.811	75.132	70.048
5.733	74.038	248.415	69.947
5.743	74.269	249.263	69.854
5.753	74.269	69.770	249.811
5.763	73.769	70.915	418.749
5.773	72.774	68.500	418.459
5.783	73.416	69.657	369.845
5.793	75.145	369.994	70.915
5.803	369.994	72.573	69.621
5.813	369.994	73.302	184.144
5.823	369.994	182.872	71.739
5.833	368.650	183.794	92.440
5.843	374.294	184.997	91.436
5.853	365.745	184.997	93.573
5.863	187.147	365.745	92.654
5.873	182.872	374.294	92.499
5.883	182.830	370.829	92.499
5.893	183.497	91.436	371.472
5.903	182.872	92.499	371.300
5.913	182.872	93.573	371.193
5.923	93.573	186.123	372.181
5.933	93.573	182.872	372.439
5.943	93.573	184.997	372.848
5.953	93.573	184.922	378.643
5.963	93.573	373.279	186.370
5.973	93.514	372.116	184.997
5.983	92.499	371.193	187.147
5.993	92.499	374.294	185.372
6.003	92.499	374.294	185.522
6.013	92.499	374.294	185.650
6.023	93.573	370.850	277.183
6.033	91.436	372.030	277.551
6.043	92.499	374.294	274.585
6.053	92.499	374.294	278.145
6.063	92.525	371.000	280.403
6.073	91.436	371.515	277.167
6.083	93.573	372.439	273.999
6.093	93.573	372.331	277.183
6.103	92.499	372.095	282.077
6.113	92.584	374.294	281.979
6.123	93.573	371.022	283.661
6.133	93.573	371.708	280.371
6.143	93.104	371.966	282.174
6.153	93.573	369.994	189.234
6.163	92.499	374.294
6.173	93.573	371.022
6.183	93.573	371.858
6.193	93.573	183.783
6.203	92.777	185.629
6.213	93.573	185.661
6.223	93.573	183.359
6.233	93.573	186.273
6.243	93.368	189.321
6.253	92.611	185.865
6.263	93.374	185.961
6.273	92.499	187.147
6.283	92.499	186.047
6.293	92.643	184.997
6.303	91.436	184.997
6.313	92.499	186.090
6.323	92.499	183.783
6.333	92.713	187.147
6.343	187.147	92.766
6.353	187.147	92.499
6.363	186.435	93.573
6.373	186.866	93.024
6.383	93.573	297.077
6.393	297.077	93.573
6.403	294.395	187.147
6.413	295.554
6.423	295.622
6.433	295.724
6.443	185.972
6.453	330.047
6.463	329.970
6.473	329.818
6.483	329.628	139.177
6.493	333.458	140.202
6.503	325.841	139.097
6.513	325.841	139.032
6.523	333.458	138.591
6.533	333.458	137.992
6.543	330.619	138.984
6.553	325.841	138.591
6.563	325.841	140.202
6.573	325.841	139.056
6.583	328.241	139.089
6.593	328.127
6.603	328.127
6.613	373.214
6.623	373.236
6.633	373.279	147.155
6.643	369.994	74.158
6.653	374.294	74.175
6.663	374.294	73.416
6.673	374.294	74.244
6.683	374.294	74.269
6.693	374.294	75.132
6.703	374.294	74.269
6.713	371.107	74.359
6.723	374.294	74.368
6.733	373.624
6.743	373.667
6.753	373.602
6.763	373.538
6.773	390.526
6.783	390.414
6.793	390.391
6.803	390.391
6.813	391.995	74.269
6.823	391.995	74.760
6.833	388.434	73.658
6.843	390.978	73.425
6.853	387.493	73.209
6.863	387.493	73.006	81.460
6.873	391.995	72.816	83.364
6.883	391.995	72.644	82.531
6.893	391.995	82.578	71.739
6.903	391.995	82.626	72.084
6.913	396.550	82.664	332.112
6.923	396.550	82.407	331.595
6.933	396.550	82.407	331.441
6.943	395.749	82.875	93.573
6.953	396.550	82.937	93.573
6.963	396.550	83.364
6.973	389.850	83.364
6.983	393.356	83.004
6.993	387.493	83.004
7.003	392.834	83.004
7.013	394.585	83.364
7.023	391.588	83.364
7.033	394.061	165.415
7.043	393.970	165.405
7.053	391.995	166.498
7.063	387.493	164.814
7.073	393.584	164.814
7.083	391.995	82.664
7.093	391.995	82.655
7.103	391.452	83.364
7.113	392.562	83.364
7.123	391.995	82.407
7.133	394.973	82.540
7.143	395.384	83.364
7.153	83.364	393.493
7.163	82.593	392.721
7.173	82.550	392.517
7.183	82.497	374.294
7.193	187.147	81.460
7.203	187.147	374.294
7.213	187.147	374.294
7.223	187.147	74.321
7.233	187.147	74.437
7.243	187.147	74.269
7.253	187.147	74.269
7.263	187.147	74.269
7.273	187.147	74.304
7.283	187.147	391.181
7.293	391.475	187.147
7.303	391.656	166.469
7.313	383.042	166.411
7.323	394.585	166.729
7.333	396.504	166.729
7.343	394.608	166.123
7.353	391.995	82.407
7.363	391.995	83.071
7.373	83.364	391.995
7.383	82.755	394.745
7.393	82.407	395.315	166.729
7.403	83.364	401.158	164.814
7.413	82.407	401.158	165.568
7.423	81.894	396.527	165.424
7.433	82.416	394.357	374.294
7.443	83.364	374.294	396.894
7.453	81.460	374.294	397.192
7.463	374.294	82.464	397.376
7.473	374.294	82.445	161.049
7.483	374.294	82.445	165.205
7.493	374.294	82.450	78.959
7.503	374.294	82.455	78.922
7.513	374.294	82.502	78.881
7.523	374.294	82.555	78.836
7.533	374.294	82.884
7.543	374.294	78.686
7.553	374.294	78.686
7.563	373.797	78.686
7.573	373.581	78.686
7.583	373.300	73.927
7.593	372.934	489.566
7.603	489.764	248.458
7.613	489.877	248.272	882.392
7.623	482.603	248.143	124.905
7.633	492.231	249.811	124.891
7.643	249.811	491.976	124.884
7.653	249.566	491.578	126.357
7.663	244.105	492.630	124.430
7.673	249.811	123.471	490.982
7.683	244.486	124.905	493.883
7.693	246.942	124.905	488.211
7.703	246.457	124.905	491.181
7.713	124.905	247.356	491.351
7.723	124.790	372.891	247.356
7.733	371.022	124.783	247.370
7.743	371.022	546.291	247.470
7.753	371.086	547.144	185.072
7.763	369.994	541.704	280.371
7.773	371.236	539.923	274.966
7.783	374.294	550.695	166.123
7.793	368.821	547.998	166.133
7.803	368.246	551.013	166.729	280.403
7.813	374.294	554.205	163.656	280.922
7.823	369.994	554.365	166.729	281.068
7.833	371.880	166.729	560.807	281.344
7.843	374.294	166.729	554.013	281.572
7.853	371.236	166.729	567.323	576.506
7.863	371.215	166.729	567.323	576.540
7.873	374.294	166.729	558.641	573.915
7.883	369.994	164.814	558.641	573.915
7.893	374.294	164.814	555.744	577.006
7.903	374.294	166.729	281.604	558.899
7.913	370.123	166.729	283.661	573.915
7.923	371.815	166.142	283.661	573.915
7.933	372.396	164.814	279.692	558.092
7.943	369.994	282.484	166.729	554.654
7.953	371.086	280.679	166.729	554.365
7.963	371.708	277.183	166.037	557.577
7.973	369.994	280.403	166.008	558.028
7.983	372.374	280.403	166.729	565.458
7.993	369.994	283.661	166.729	558.576
8.003	374.294	283.661	165.903	111.278
8.013	369.439	280.679	163.912	108.737
8.023	373.624	280.403	165.816	219.784
8.033	373.689	280.403	164.814	218.569
8.043	372.482	280.403	166.729	219.911
8.053	279.756	371.923	164.719	222.556
8.063	280.403	369.994	166.729	219.848
8.073	277.071	372.116	166.729	218.379
8.083	278.402	370.059	166.729
8.093	280.403	371.987	165.989
8.103	280.403	370.893	165.472
8.113	280.403	369.994	164.206
8.123	378.643	166.729	280.403
8.133	371.601	166.729	280.403
8.143	372.052	166.729	280.403
8.153	369.994	166.037	280.403
8.163	166.729	374.294	279.821
8.173	166.018	372.245	279.740
8.183	164.814	374.294	276.335
8.193	166.729	371.944	279.530
8.203	163.827	371.408	280.403
8.213	165.376	369.994	280.403
8.223	166.729	372.783	280.403
8.233	369.994	166.729	280.403	220.305
8.243	369.994	167.520	280.403	219.949
8.253	374.294	165.252	277.183	219.721
8.263	372.934	162.949	277.247	219.619
8.273	374.294	166.729	277.183	219.848
8.283	370.765	167.898	280.403	219.632
8.293	369.994	167.472	278.901	218.733
8.303	367.078	167.211	219.835	737.471
8.313	374.294	165.778	219.936	731.489
8.323	365.745	215.859	723.087	165.472
8.333	372.676	220.000	735.302	165.109
8.343	371.343	723.087	222.556	438.807
8.353	365.745	737.940	222.556	434.946
8.363	370.700	739.263	222.556	441.196
8.373	371.365	748.587	436.255	221.019
8.383	374.294	741.743	93.271	434.745
8.393	378.643	759.212	93.196	436.255
8.403	374.294	730.814	92.499	185.468
8.413	378.643	759.958	93.573	185.254
8.423	371.065	93.061	747.896	184.997
8.433	372.224	92.499	731.489	1326.072
8.443	372.503	92.499	743.416	1319.424
8.453	371.794	92.499	731.489	1330.906
8.463	378.643	93.573	752.315	1329.216
8.473	365.745	93.573	742.687	1326.915
8.483	365.745	93.573	742.258	277.183
8.493	374.294	92.970	736.790	277.535
8.503	371.429	92.499	741.144	277.487
8.513	378.643	92.499	740.630	277.439
8.523	378.643	93.573	745.954	277.391
8.533	370.872	92.873	749.539	275.220
8.543	374.294	92.499	739.604	277.695
8.553	369.141	92.761	738.750	280.403
8.563	371.300	93.573	728.874	887.504
8.573	370.636	92.643	737.258	887.299
8.583	92.499	372.052	723.087	885.660
8.593	92.499	371.322	748.587
8.603	92.499	371.107	736.918
8.613	90.386	370.936	102.101
8.623	92.499	361.544	102.060
8.633	371.365	93.573	102.634
8.643	378.643	92.627	101.455
8.653	369.994	93.573	101.455
8.663	370.850	92.729	101.889
8.673	372.181	92.900	110.184
8.683	374.294	108.737	93.190
8.693	374.294	110.083	185.682
8.703	374.294	185.961	108.367
8.713	374.294	186.155	110.197
8.723	372.633	187.147	110.331
8.733	365.745	187.147	586.990
8.743	372.374	184.997	586.821
8.753	372.719	188.046	586.618
8.763	587.330	372.138	185.897
8.773	587.330	374.294	94.661	185.693
8.783	587.431	374.294	93.877	185.768
8.793	587.330	93.719	371.365	184.997
8.803	584.926	94.661	371.086	184.858
8.813	587.431	93.573	370.915	184.453
8.823	584.622	370.807	93.185	296.203
8.833	583.239	367.821	92.970	292.784
8.843	582.835	364.500	296.477	90.386
8.853	374.294	295.537	584.318	91.436
8.863	297.077	370.315	124.905	584.048
8.873	297.077	373.387	124.905	580.583
8.883	300.529	124.905	371.622	583.239
8.893	300.529	123.471	371.708	582.902
8.903	293.665	123.471	371.815	582.532
8.913	297.077	124.905	372.589	608.042
8.923	297.077	124.905	372.396	607.445
8.933	293.665	123.471	374.294	607.340
8.943	124.905	297.077	373.451	607.199
8.953	124.905	297.077	372.783	193.746
8.963	124.905	298.143	378.643	193.746
8.973	124.905	293.665	373.279	193.746
8.983	123.771	293.665	374.294	193.746
8.993	124.905	293.665	372.482	587.737
9.003	124.905	290.560	372.374	588.552
9.013	124.905	297.077	372.181	586.448
9.023	123.471	297.077	371.880	187.093
9.033	123.471	294.395	367.863	187.147
9.043	124.905	291.704	369.418	186.209
9.053	123.957	290.292	374.294	183.921
9.063	124.905	297.077	371.000	185.800
9.073	124.905	294.140	371.193	185.704
9.083	123.471	297.077	371.730	185.597
9.093	124.905	295.161	369.994	185.500
9.103	122.583	293.665	370.658	187.039
9.113	123.471	295.315	374.294	182.872
9.123	124.222	297.077	378.643	185.372
9.133	124.905	293.665	371.837	185.790
9.143	124.905	297.764	371.923	184.997
9.153	122.053	301.276	371.365	185.897
9.163	124.322	293.665	365.745	186.101
9.173	123.471	293.665	371.043	186.316
9.183	122.053	293.665	370.037	186.542
9.193	124.905	293.665	370.915	186.780
9.203	124.905	293.665	371.086	189.321
9.213	122.053	297.077	371.258
9.223	124.905	297.077	371.708
9.233	124.905	297.077	371.065
9.243	124.905	293.665	371.215
9.253	124.718	293.665	371.429
9.263	124.905	297.077	371.687
9.273	124.905	295.434	373.020
9.283	124.905	293.733	371.451
9.293	124.905	297.077	345.217
9.303	124.905	295.247	345.297
9.313	124.905	345.217	295.025
9.323	345.217	124.891	294.769
9.333	345.217	124.898	294.650
9.343	345.217	124.898	69.657
9.353	345.217	69.653	249.811	294.531
9.363	347.117	69.661	252.582	685.150
9.373	347.417	70.915	248.473	690.354
9.383	347.678	69.296	246.942	695.156
9.393	70.101	348.422	247.985	294.821
9.403	70.101	349.228	247.828	295.093
9.413	69.296	355.004	246.942	294.872
9.423	69.580	349.228	247.756	298.229
9.433	348.241	70.101	247.584	295.707
9.443	347.317	69.552	242.321	295.810
9.453	344.440	70.101	248.487	297.077
9.463	345.217	69.296	249.753	293.665
9.473	346.876	69.296	246.942	294.769
9.483	345.416	69.296	250.056	296.340
9.493	348.523	69.412	247.713	695.196
9.503	351.556	69.296	694.674	247.727
9.513	352.186	69.296	694.153	247.713
9.523	351.272	69.296	694.714	247.613
9.533	69.404	348.020	695.116	247.456
9.543	69.296	347.940	247.299	695.277
9.553	69.296	349.228	246.102	695.397
9.563	69.296	349.349	247.584	695.558
9.573	69.296	349.814	249.033	695.718
9.583	69.296	349.349	246.614	694.795
9.593	70.915	246.329	349.188	696.804
9.603	70.101	246.942	349.006	696.684
9.613	68.500	244.995	348.865	125.093
9.623	69.564	244.105	349.228
9.633	69.296	349.228	246.771
9.643	69.605	348.302	247.013
9.653	70.101	348.704	247.270
9.663	69.296	349.228	246.942
9.673	70.016	348.181	247.999
9.683	69.572	346.255	248.401
9.693	69.544	347.779	251.650
9.703	69.296	347.598	249.047
9.713	69.544	347.397
9.723	70.101	347.117
9.733	69.296	245.846
9.743	69.296	349.228
9.753	69.296	348.523
9.763	69.296	341.252
9.773	69.416	346.175
9.783	69.408	346.115
9.793	69.400	346.036
9.803	69.384	366.930
9.813	366.697	185.243
9.823	185.040	92.643
9.833	184.912	92.691
9.843	184.848	92.734
9.853	186.209	92.782	366.506
9.863	93.573	186.305	366.675
9.873	93.573	182.872	361.544
9.883	92.499	187.147	365.745
9.893	93.094	182.872	367.630
9.903	93.573	182.872	368.246
9.913	93.573	182.872	369.994
9.923	92.499	184.421	369.396
9.933	93.573	185.865	369.994
9.943	93.573	182.872	374.640
9.953	93.974	187.147	370.722
9.963	93.855	184.997	371.022
9.973	93.573	184.517	371.343
9.983	93.573	184.581	369.994
9.993	93.287	182.872	375.116
10.003	93.304	184.837	369.994
10.013	93.573	183.348	371.408
10.023	92.499	187.147	365.745
10.033	93.573	182.872	371.536
10.043	92.499	183.465	376.766
10.053	92.499	187.147	371.815
10.063	92.499	187.147	233.082
10.073	92.499	187.147	233.459
10.083	92.499	187.147	233.082
10.093	93.573	182.872	233.082
10.103	93.573	185.265
10.113	93.573	184.997
10.123	93.573	185.125
10.133	93.573	185.104
10.143	92.499	181.683
10.153	93.573	184.997
10.163	93.573	185.008
10.173	93.573	185.083
10.183	92.782	185.179
10.193	93.573	184.997
10.203	93.931	184.997
10.213	93.573	184.997
10.223	92.499	187.147
10.233	92.499	187.147
10.243	92.852	182.872
10.253	92.499	185.822
10.263	93.088	187.992
10.273	93.573	185.983
10.283	93.304
10.293	93.573
10.303	92.959
10.313	92.499
10.323	92.997
10.333	92.986
10.343	92.959
10.353	92.916
10.363	92.836
10.373	92.729
10.383	124.905
10.393	124.905
10.403	124.905
10.413	124.905
10.423	124.905
10.433	124.905
10.443	124.905
10.453	124.905
10.463	139.233
10.473	330.734
10.483	331.040
10.493	331.212
10.503	331.307
10.513	331.384
10.523	329.628	140.202
10.533	329.628	136.999
10.543	333.458	140.202
10.553	329.628	140.202
10.563	334.925	139.991
10.573	333.458
10.583	332.189
10.593	332.246
10.603	332.362
10.613	139.362
10.623	138.952
10.633	375.354
10.643	375.485
10.653	375.615
10.663	375.723
10.673	374.294
10.683	374.294	182.872
10.693	378.643	750.969
10.703	373.905	754.055
10.713	376.071	94.661
10.723	376.897	68.690
10.733	377.311	68.698
10.743	377.245	68.500
10.753	376.701	67.713
10.763	378.643	70.101
10.773	377.071
10.783	377.180
10.793	377.245
10.803	394.904
10.813	394.631
10.823	394.403	165.845
10.833	396.550	165.826
10.843	396.550	166.729
10.853	396.550	166.729
10.863	391.950	166.729
10.873	391.995	166.729	88.802
10.883	391.995	166.729	88.322
10.893	391.995	166.729	83.196
10.903	391.995	165.807	83.364
10.913	392.109	165.788	82.942
10.923	399.147	164.814	83.033
10.933	396.550	164.814	83.004
10.943	396.550	166.767	82.985
10.953	396.550	167.076	82.961
10.963	396.550	164.814	82.951
10.973	396.550	83.364	165.520
10.983	396.550	83.364	165.405
10.993	396.550	82.407	165.319
11.003	396.550	81.460	166.066
11.013	395.429	83.364
11.023	395.041	83.364
11.033	390.730	83.364
11.043	391.995	82.407
11.053	395.292	83.364
11.063	82.407	394.562
11.073	82.407	396.550
11.083	82.407	389.175	165.501
11.093	83.364	392.267	165.692
11.103	81.460	396.550	165.845
11.113	81.460	387.493	166.729
11.123	81.460	387.493	164.814
11.133	385.952	83.364	166.229
11.143	396.550	83.432	166.286
11.153	395.566	82.407	167.114
11.163	396.550	82.407	166.729
11.173	82.741	393.948	166.729
11.183	83.364	394.403
11.193	82.942	164.814
11.203	83.018	166.729
11.213	83.076	166.729
11.223	83.100	166.382
11.233	83.364	166.373
11.243	83.364	75.132
11.253	83.364	396.825
11.263	83.364	396.802
11.273	83.364	396.756
11.283	82.407	396.596
11.293	81.786	396.298
11.303	82.617	395.932
11.313	82.574	395.566
11.323	82.407	396.550
11.333	81.460	396.550	164.814
11.343	81.460	396.550	165.233
11.353	83.364	394.654	162.921
11.363	396.550	83.364	165.462
11.373	393.515	82.578	166.729
11.383	391.995	82.621	164.814
11.393	391.995	83.364	168.666
11.403	391.995	165.721	82.407
11.413	391.724	165.682	82.407
11.423	396.894	165.644	82.717
11.433	165.606	393.538	377.682
11.443	165.558	393.447	379.080
11.453	164.814	378.643	755.407
11.463	166.729	376.679	757.285
11.473	376.331	161.170	756.586
11.483	376.027	166.729	73.633
11.493	378.643	73.752	165.243
11.503	374.294	73.854	165.119
11.513	372.999	73.416	148.538
11.523	373.624	74.269	146.832
11.533	374.294	74.269	147.274
11.543	378.643	74.269	147.215
11.553	374.294	74.115	147.164
11.563	373.473	74.269	147.104
11.573	374.748	74.149	490.812
11.583	375.485	490.812	74.158
11.593	374.683	493.912	146.832
11.603	374.294	488.606	146.832
11.613	371.065	488.211	246.002
11.623	372.848	490.982	241.301
11.633	374.294	492.118	246.699
11.643	377.180	491.379	246.942
11.653	369.994	490.330	124.841
11.663	123.471	374.337	490.727
11.673	123.471	245.576	378.643
11.683	123.471	250.302	491.890
11.693	124.905	247.770	493.883
11.703	124.905	246.942	493.342
11.713	123.471	249.811	494.254
11.723	123.278	248.042	495.226
11.733	123.471	247.971	558.608
11.743	123.471	245.066	558.382
11.753	124.905	558.221	247.570
11.763	123.471	558.060	247.370
11.773	123.471	560.807	372.288
11.783	123.471	560.807	374.294
11.793	124.351	560.807	371.794
11.803	123.471	554.365	371.730	185.436
11.813	552.798	123.471	371.687	185.414
11.823	368.182	554.365	120.651	185.425
11.833	374.294	557.706	184.997	123.079
11.843	364.816	557.867	184.997	123.001
11.853	371.751	184.997	557.641	93.573
11.863	369.994	187.147	567.323	93.525
11.873	365.745	186.370	94.661	554.365
11.883	378.643	185.639	93.573	559.739
11.893	374.294	92.499	183.200	573.915
11.903	370.422	93.573	185.704	573.915
11.913	372.116	93.573	186.359	573.915
11.923	94.661	372.095	186.834	573.915
11.933	91.436	372.310	186.015	573.915
11.943	92.499	372.503	186.144	573.915
11.953	93.573	372.676	573.915	186.262
11.963	92.499	372.439	573.915	186.370
11.973	92.499	372.224	573.915	186.478
11.983	92.499	371.472	186.693	573.915
11.993	92.499	371.451	187.147	573.915
12.003	93.573	372.396	186.877	573.915
12.013	92.499	372.934	186.909
12.023	92.499	371.794	186.931
12.033	92.499	371.687	187.147
12.043	92.499	371.558	186.155
12.053	93.573	369.994	186.995
12.063	92.830	371.429	187.147
12.073	92.499	371.150	187.526
12.083	92.499	371.515	187.147
12.093	94.661	371.279	98.817
12.103	93.573	372.202	98.738
12.113	93.174	371.365	97.999
12.123	93.573	98.698	371.386
12.133	92.916	95.761	371.408
12.143	93.573	100.289
12.153	92.499	100.289
12.163	93.573	98.777
12.173	93.573	98.732
12.183	93.573	98.732
12.193	92.499	98.783
12.203	92.499	187.147
12.213	94.148	186.058
12.223	92.499	185.564
12.233	92.911	183.688
12.243	93.573	185.382
12.253	93.606	371.901
12.263	93.573	371.794
12.273	93.573	371.687	184.602
12.283	93.514	371.730	184.219
12.293	93.115	371.901	746.170
12.303	93.573	369.994	745.954
12.313	93.573	369.994	752.358
12.323	93.573	378.643	739.989
12.333	372.848	92.499	184.027
12.343	368.480	93.573	180.772	743.545
12.353	367.863	91.436	187.147	745.351
12.363	369.952	92.472	183.232	748.587
12.373	372.030	93.573	182.872	745.265
12.383	369.994	91.695	187.147	745.179
12.393	372.568	91.436	184.869	739.989
12.403	371.515	91.436	183.964	748.587
12.413	371.258	91.436	184.997	744.448
12.423	372.052	92.499	185.125	744.233
12.433	372.503	92.499	185.190	744.018
12.443	372.052	90.386	185.629	743.631
12.453	372.267	91.998	187.147	760.090
12.463	372.052	92.067	187.147	758.511
12.473	374.294	92.136	185.822	739.989
12.483	92.072	371.687	185.136	737.173
12.493	92.499	371.880	182.872	738.153
12.503	92.499	372.181	182.872	742.086
12.513	93.573	182.872	371.858	740.801
12.523	93.573	185.008	371.880	740.331
12.533	92.499	185.865	378.643	766.084
12.543	92.499	185.940	372.912	762.465
12.553	92.499	187.504	372.977	766.084
12.563	92.499	187.558	371.408	766.084
12.573	93.573	184.954	373.149	765.554
12.583	92.499	371.858	183.560	766.084
12.593	93.573	371.558	182.872	766.084
12.603	93.573	371.472	182.872	765.775
12.613	374.294	92.499	185.104	765.819
12.623	371.536	92.830	184.997	280.403
12.633	378.643	92.804	184.997	280.403
12.643	378.643	92.771	187.147	280.403
12.653	374.294	92.499	185.790	280.403
12.663	371.687	92.499	186.047	280.290
12.673	374.943	92.499	186.855	280.290
12.683	369.994	93.482	280.258	186.726
12.693	378.643	92.499	280.403	187.082
12.703	374.294	92.499	280.096	189.321
12.713	378.643	91.436	280.403	187.147
12.723	378.643	93.573	279.886	86.304
12.733	378.643	93.034	279.094	86.369
12.743	370.572	94.661	279.675
12.753	378.643	92.632	279.627
12.763	371.644	93.573	279.611
12.773	372.331	93.271	279.595
12.783	374.294	93.309	278.418
12.793	378.643	93.357	280.403
12.803	373.797	93.573	279.675
12.813	373.430	279.708	93.573	1303.742
12.823	373.710	279.143	93.352	591.073
12.833	369.994	280.403	591.176	93.287
12.843	374.294	588.756	295.861	279.886
12.853	365.745	592.338	295.930	280.403
12.863	374.294	293.665	592.167	123.950
12.873	372.676	297.077	591.415	123.978
12.883	374.294	297.077	123.471	591.142
12.893	294.855	374.294	123.471	591.039
12.903	297.077	372.697	124.905	590.971	497.146
12.913	297.077	123.471	374.294	592.886	496.486
12.923	294.531	124.905	372.654	591.756
12.933	297.077	123.471	374.294	589.914
12.943	297.077	124.905	369.994	588.620
12.953	297.077	123.471	372.482	590.118
12.963	297.077	124.905	589.641	372.181
12.973	124.905	295.537	589.437	369.994
12.983	124.905	295.520	589.675	372.805
12.993	125.238	297.077	590.220	371.365
13.003	123.471	294.769	589.369
13.013	123.471	297.077	589.505
13.023	124.905	295.998	589.198
13.033	124.905	292.395	588.994
13.043	124.064	297.077	589.130
13.053	124.129	295.315	588.586
13.063	124.905	297.077	588.552
13.073	124.905	297.077	588.348
13.083	123.350	297.077	588.008
13.093	124.423	286.957	589.164
13.103	124.905	293.665	589.062
13.113	124.905	588.960	301.921
13.123	124.682	589.062	297.077
13.133	124.905	589.641	297.077
13.143	124.905	589.573	298.332
13.153	124.905	589.369	297.472
13.163	124.905	590.016	297.799
13.173	124.905	590.288	297.077
13.183	124.208	589.982	300.529
13.193	124.905	589.675	300.529
13.203	124.905	587.737	299.385
13.213	124.905	587.330	299.437
13.223	124.905	589.062	299.610
13.233	124.905	589.062	117.895
13.243	124.905	589.130	117.895
13.253	123.857	588.994	300.529
13.263	124.905	588.858	300.529
13.273	124.905	589.369	299.040
13.283	124.905	589.471	298.763
13.293	124.905	590.357	298.436
13.303	124.905	589.709	296.066
13.313	124.905	590.050	300.529
13.323	124.905	590.595	297.077
13.333	121.042	589.743	297.077
13.343	124.905	590.016	297.266
13.353	124.905	589.028	296.923
13.363	124.905	589.641	489.821
13.373	124.905	493.883	588.314
13.383	124.344	488.690	589.573
13.393	123.471	488.493	589.573
13.403	123.471	492.971	590.323
13.413	488.211	124.905	418.048
13.423	482.603	124.279	415.305
13.433	482.603	249.811	417.735
13.443	483.747	249.811	420.130
13.453	484.418	249.105	417.638
13.463	488.521	249.407	417.493
13.473	493.256	248.544	418.459
13.483	505.427	248.100	417.252
13.493	505.427	248.300	415.305	82.103
13.503	248.114	505.427	418.967	82.407
13.513	248.717	497.003	416.891	83.364
13.523	249.811	497.520	416.747	70.101
13.533	247.056	500.980	414.945
13.543	247.341	415.305	74.269
13.553	247.084	74.269	69.713
13.563	241.301	72.573	69.665
13.573	246.942	69.296	73.416
13.583	249.220	70.101	73.416
13.593	247.785	69.296	73.450
13.603	246.942	69.052	73.433
13.613	249.696	70.101	73.416
13.623	248.602	69.476	73.416
13.633	246.913	69.452	72.573
13.643	250.461	69.296	73.497
13.653	249.306	69.408	74.269
13.663	252.714	69.388	73.416
13.673	249.811	69.296	73.739
13.683	252.714	69.296	73.799
13.693	248.286	69.332	73.850
13.703	245.732	73.416	69.296
13.713	252.714	74.269	69.564
13.723	247.184	73.416	350.988
13.733	248.587	350.846	75.428
13.743	241.301	349.228	69.883
13.753	246.942	349.228	69.984
13.763	249.941	353.286	70.085
13.773	247.799	350.805	70.915
13.783	246.942	70.101	350.765
13.793	246.942	70.101	350.704
13.803	249.797	70.101	345.217
13.813	246.942	70.279	350.947
13.823	247.284	70.275	75.132
13.833	249.278	70.271	410.535
13.843	249.811	70.271	409.966
13.853	246.942	70.101	410.037
13.863	246.942	70.101	409.540
13.873	252.334	70.915	409.398
13.883	249.811	70.915	409.209
13.893	246.942	69.296	236.185
13.903	248.702	70.239	238.530
13.913	235.954	248.774	186.499
13.923	186.532	235.804	378.643
13.933	184.997	231.699	374.294
13.943	187.147	235.831	365.745
13.953	235.790	187.147	372.546
13.963	238.530	186.489	372.568
13.973	238.530	186.629	92.573
13.983	92.499	232.356	187.147	367.948
13.993	92.499	378.643	235.777	187.147
14.003	92.499	374.294	235.790	186.521
14.013	92.670	369.994	235.790	186.456
14.023	92.499	372.676	238.530	187.147
14.033	92.499	373.343	233.082	186.284
14.043	92.499	373.193	235.396	187.147
14.053	93.239	372.460	235.790	183.741
14.063	93.120	371.901	234.974	187.147
14.073	93.573	371.708	235.790	182.872
14.083	92.499	235.790	370.807	187.439
14.093	92.499	235.790	374.294	186.155
14.103	93.947	233.082	369.994	186.166
14.113	92.499	233.082	374.294	186.155
14.123	92.499	233.082	372.374	186.155
14.133	92.499	232.772	187.147	279.417
14.143	92.499	232.665	187.147	273.999
14.153	92.499	234.053	187.938	278.949
14.163	92.884	233.392	184.997
14.173	92.932	233.082	185.779
14.183	92.991	185.650	233.082
14.193	93.573	182.872	278.434
14.203	93.573	184.997	100.289
14.213	92.499	100.289	185.672
14.223	93.573	100.289	184.997
14.233	93.115	99.138	185.865
14.243	92.499	97.999	186.037
14.253	93.573	100.289	378.643
14.263	93.573	374.748	189.321
14.273	92.499	186.564	374.294
14.283	92.499	186.650
14.293	92.499	187.147
14.303	92.499	186.349
14.313	93.573	185.329
14.323	92.499	186.661
14.333	92.499	186.166
14.343	92.499	186.629
14.353	92.499
14.363	92.499
14.373	92.595
14.383	92.589
14.393	92.573
14.403	92.589
14.413	92.606
14.423	186.995
14.433	187.050
14.443	186.888
14.453	186.747
14.463	186.661
14.473	186.704	125.404
14.483	187.515	126.357
14.493	126.357	186.456
14.503	125.187	186.985
14.513	123.471	187.147
14.523	124.905	186.058
14.533	124.905	182.872
14.543	124.891	185.779
14.553	124.797
14.563	124.682
14.573	124.552
14.583	124.387
14.593	124.272
14.603	329.628
14.613	329.628
14.623	329.628	651.382
14.633	329.628	644.198
14.643	329.628	91.711
14.653	329.628	93.573
14.663	329.628
14.673	329.628
14.683	329.628
14.693	329.628
14.703	329.628
14.713	329.628
14.723	374.294
14.733	374.510
14.743	374.618
14.753	374.683
14.763	374.661
14.773	374.294
14.783	374.294
14.793	374.294	146.832
14.803	374.294	147.854
14.813	374.294	148.033
14.823	378.643	148.573
14.833	374.769
14.843	374.294
14.853	372.783
14.863	374.618
14.873	374.618
14.883	374.596
14.893	388.771
14.903	388.771
14.913	388.906
14.923	389.153
14.933	391.995
14.943	387.493	166.729
14.953	387.493	166.729
14.963	387.493	166.729
14.973	387.493	166.507
14.983	387.493	166.729
14.993	391.746	166.729
15.003	393.970	166.517	82.942
15.013	396.550	82.407	166.661
15.023	397.032	82.832	167.086
15.033	396.550	81.460	166.777
15.043	391.746	82.407	166.642
15.053	396.550	83.364
15.063	396.550	83.364
15.073	396.550	83.364
15.083	396.550	82.407
15.093	387.493	83.364
15.103	82.407	389.603
15.113	82.407	396.550
15.123	83.364	391.995
15.133	82.407	387.493
15.143	83.033	391.995
15.153	83.210	396.550
15.163	82.712	393.334
15.173	82.990	391.882
15.183	82.879	393.265
15.193	82.407	391.995
15.203	82.407	394.768
15.213	82.407	387.493
15.223	82.407	387.493	166.613
15.233	83.364	164.814	387.493
15.243	83.364	165.357
15.253	81.460	165.836
15.263	82.174	167.221
15.273	82.488	374.294
15.283	374.294	164.814
15.293	374.294	82.516
15.303	374.294	82.407
15.313	374.294	82.407
15.323	374.294	82.626
15.333	374.294	82.660
15.343	374.294	82.407
15.353	374.294	83.364
15.363	374.294	82.808
15.373	374.294	82.817
15.383	83.364	374.294
15.393	82.407	374.294
15.403	83.278	374.294
15.413	82.860	391.249
15.423	81.980	391.995	168.666
15.433	82.937	387.493	166.046
15.443	391.995	83.364	162.921
15.453	391.995	82.407	166.729
15.463	391.995	83.100	166.729
15.473	391.995	83.167	166.729
15.483	393.152	83.364
15.493	391.995	83.364
15.503	83.364	390.526
15.513	83.364	390.166
15.523	84.333	383.042
15.533	83.480	389.490
15.543	83.480	374.294
15.553	83.480	374.294
15.563	374.294	83.432
15.573	374.294
15.583	374.294	149.408
15.593	374.294
15.603	374.294
15.613	374.294
15.623	374.423
15.633	374.596
15.643	374.813
15.653	375.073
15.663	375.441
15.673	493.456
15.683	493.370
15.693	493.370
15.703	493.285
15.713	493.883	162.921
15.723	484.922	123.592
15.733	499.622	123.649
15.743	490.189	124.905
15.753	491.720	122.053
15.763	492.402	122.053
15.773	492.487	123.885	162.921
15.783	495.770	125.738	377.289
15.793	124.725	488.211	69.786
15.803	124.905	488.211	69.786
15.813	124.905	488.211	69.786
15.823	123.471	491.067	376.810
15.833	125.513	490.954	377.093
15.843	124.114	495.970	376.941
15.853	123.471	377.376	488.211
15.863	124.905	376.505	277.535
15.873	123.471	375.810	277.679
15.883	123.799	380.418	272.925	547.998
15.893	283.661	375.701	547.998	123.649
15.903	280.403	375.354	547.998	123.471
15.913	273.999	374.294	550.854	122.053
15.923	273.999	560.807	374.294	123.328
15.933	278.000	547.998	374.294	123.264
15.943	280.403	547.998	373.969	123.257
15.953	280.403	552.639	373.948	123.286	110.000
15.963	280.403	545.881	372.374	122.053	108.737
15.973	280.403	550.155	373.365	124.905
15.983	273.999	374.294	567.323	123.471
15.993	283.661	374.294	547.998	123.471
16.003	283.661	371.258	547.998	109.829
16.013	276.575	371.987	567.323	109.854
16.023	280.403	372.202	553.437	109.905
16.033	280.403	371.408	553.373	110.000
16.043	278.306	372.116	110.013	553.182
16.053	277.583	374.294	110.000	552.830
16.063	280.403	371.644	110.000	547.998
16.073	278.579	365.745	110.000	547.998
16.083	283.661	370.358	110.000	551.873
16.093	277.183	372.310	110.025	552.479
16.103	278.386	378.643	110.000	554.365
16.113	280.403	371.451	111.278	553.278
16.123	280.403	374.294	110.000	553.981
16.133	283.661	373.581	109.322	555.295
16.143	278.418	369.994	109.272	550.727
16.153	283.661	369.717	110.000	556.451
16.163	280.403	378.643	109.854	557.867
16.173	277.856	372.353	110.000	559.286
16.183	283.661	369.994	110.000	570.412
16.193	110.000	280.160	371.408	561.131
16.203	111.278	279.627	371.923
16.213	110.000	280.403	372.353
16.223	111.278	277.183	371.815
16.233	110.000	278.531	374.294
16.243	110.000	278.933	365.745
16.253	110.000	278.370	369.994
16.263	110.000	280.403	371.665
16.273	110.000	280.403	370.465
16.283	110.000	280.403	369.994
16.293	110.000	278.708	369.994
16.303	110.000	280.403	371.880
16.313	280.403	110.000	370.915
16.323	276.735	109.051	369.994
16.333	280.403	110.541	372.977
16.343	275.905	110.887	371.022
16.353	369.994	277.183	111.278	738.921
16.363	368.161	277.183	110.000	743.760
16.373	371.429	280.403	110.000	744.276
16.383	373.861	280.403	110.000	743.287
16.393	369.994	735.684	280.403	110.000
16.403	369.994	738.366	280.403	110.216
16.413	374.294	731.489	279.369	110.216
16.423	375.138	723.087	279.530	183.677
16.433	370.915	724.969	180.772	93.024
16.443	368.480	731.489	184.997	93.024
16.453	368.374	723.087	184.997	93.029	438.782
16.463	371.837	739.263	93.573	184.219	438.832
16.473	374.294	92.499	757.285	185.447	438.123
16.483	374.294	92.771	184.400	742.601	434.946
16.493	372.073	92.499	181.609	759.607	439.721
16.503	93.573	371.472	183.974	745.782	439.594
16.513	94.661	372.181	187.147	760.661	445.113
16.523	93.573	372.181	185.061	751.620	440.051
16.533	93.573	372.310	184.997	748.544	440.203
16.543	93.573	371.515	185.297	731.489	889.043
16.553	92.499	365.745	187.147	748.544
16.563	374.294	92.804	182.872	747.766
16.573	378.643	92.499	187.147	766.394
16.583	371.923	184.997	94.661	766.394
16.593	378.643	187.147	92.986	766.350
16.603	374.294	184.997	93.347	767.325
16.613	378.643	185.661	93.573	762.376
16.623	370.208	187.147	94.661	766.084
16.633	374.294	181.788	93.239	766.571
16.643	374.294	189.321	93.169	773.153
16.653	378.643	187.147	93.088	766.439
16.663	371.386	184.997	93.002	745.351
16.673	374.056	184.645	92.906	725.514
16.683	378.643	182.872	92.499	748.587
16.693	372.138	185.040	91.436	739.989
16.703	372.848	91.436	184.997	742.815
16.713	371.923	93.573	185.040	743.717
16.723	370.829	93.573	184.474	744.835
16.733	94.661	371.258	185.019	746.213
16.743	92.499	374.185	185.168	510.150
16.753	93.040	185.083	374.510	510.208
16.763	92.499	185.372	374.294
16.773	93.573	185.436	378.643
16.783	185.929	93.185	375.463
16.793	186.090	93.573	378.643
16.803	187.147	92.499	378.643
16.813	184.997	93.304	375.680
16.823	185.929	93.573	375.485
16.833	184.997	375.224	93.271
16.843	184.997	374.878	93.271
16.853	184.261	372.740	93.573	102.711
16.863	183.242	373.149	93.201	128.491
16.873	184.997	374.294	93.147	127.825
16.883	187.201	370.936	93.104	102.865
16.893	187.147	373.322	94.661	297.575
16.903	182.872	378.643	93.573	297.558
16.913	373.300	184.176	93.573	297.541
16.923	372.546	185.297	297.077	92.499
16.933	374.294	297.077	185.382	587.330
16.943	374.294	297.077	589.675	185.500	122.611
16.953	300.529	371.665	590.254	187.147	120.651
16.963	297.077	362.925	592.817	123.471	186.758
16.973	297.077	123.471	367.290	601.266	185.607
16.983	297.077	121.764	372.030	597.182	185.554
16.993	122.053	297.077	371.880	593.674
17.003	124.905	297.077	372.654	184.997
17.013	123.471	297.060	374.294	184.070
17.023	123.471	296.100	373.581	185.554
17.033	122.053	295.776	373.948	186.801
17.043	123.471	297.077	378.643	187.147
17.053	124.905	294.344	378.643	183.666
17.063	122.703	293.665	372.116	185.757
17.073	123.971	293.665	372.826	185.865
17.083	124.603	293.665	378.643	184.997
17.093	124.747	293.665	378.643	186.155
17.103	124.905	294.548	369.994	186.316
17.113	124.905	370.123	293.665	189.321
17.123	124.819	371.065	297.077	186.370
17.133	123.899	300.529	378.643	187.147
17.143	123.471	297.077	374.294	186.166
17.153	124.373	293.665	373.279	184.368
17.163	124.905	370.658	293.665	185.897
17.173	124.905	371.279	296.169	185.715
17.183	122.760	374.294	296.426	185.532
17.193	123.471	374.294	297.077	185.350
17.203	122.053	374.294	297.077	185.211
17.213	124.552	297.077	372.245	184.997
17.223	123.471	297.077	371.987	185.093
17.233	123.471	365.745	297.077	185.083
17.243	122.053	374.294	297.403	185.522
17.253	124.905	371.665	297.575	184.102
17.263	124.905	371.429	297.077	184.070
17.273	123.471	301.607	372.073	185.222
17.283	124.905	297.386	370.379	185.286
17.293	122.053	297.077	371.107	187.147
17.303	122.053	372.676	297.077	186.155
17.313	122.618	374.294	297.334	184.997
17.323	122.314	374.294	297.249	184.997
17.333	123.471	374.294	297.077	184.890
17.343	122.053	374.294	297.077	185.125
17.353	122.053	373.624	294.974	185.051
17.363	122.349	374.294	297.249	184.912
17.373	124.905	373.753	297.077	115.202
17.383	123.471	374.294	296.940	116.541
17.393	123.621	374.294	297.060	115.830
17.403	124.524	371.236	297.231	115.763
17.413	123.471	350.947	297.609	373.494
17.423	124.711	350.927	297.386	115.616
17.433	124.905	353.286	115.536	297.472
17.443	350.360	124.905	115.202	297.592
17.453	349.228	123.864	69.432	115.202
17.463	345.217	123.892	69.452	297.764
17.473	353.286	69.296	123.892	300.529
17.483	356.072	69.468	123.928	296.700
17.493	352.817	69.296	249.335	296.032
17.503	347.578	69.296	249.177	293.665
17.513	349.228	69.296	249.811	295.025
17.523	345.217	70.101	249.811	294.735
17.533	345.217	70.101	248.731	294.480
17.543	340.189	69.296	251.157	294.242
17.553	69.448	345.217	247.499	299.074
17.563	69.296	354.103	246.942	286.957
17.573	69.296	248.516	354.738
17.583	69.296	248.085	348.523
17.593	69.296	245.988	348.563
17.603	69.296	246.942	348.825
17.613	69.484	248.229	349.087
17.623	69.548	248.387	349.289
17.633	69.296	248.229	349.390
17.643	69.733	349.228	248.659
17.653	69.834	347.658	248.889
17.663	69.931	348.060	249.970
17.673	69.963	348.885	251.041
17.683	70.915	349.228	250.693
17.693	69.512	353.286	249.249
17.703	70.101	349.067	248.961
17.713	70.915	346.215	210.065
17.723	69.661	348.080	128.180
17.733	70.101	347.940	127.825
17.743	70.101	347.799	127.825
17.753	70.068	346.375	129.310
17.763	70.101	345.217	128.358
17.773	70.101	347.598	119.265
17.783	69.802	347.598	115.469
17.793	70.915	347.297	117.338
17.803	70.101	346.636	245.052
17.813	69.296	348.322	245.165
17.823	69.296	353.286
17.833	69.741	348.885
17.843	69.296	349.107
17.853	69.296	349.349
17.863	69.296	349.531
17.873	70.101	349.571
17.883	69.296	349.612
17.893	69.296	349.228
17.903	69.296	364.521
17.913	69.296	364.774
17.923	69.296	365.745
17.933	70.101	363.428	92.322
17.943	70.101	361.544	92.360
17.953	69.713	365.745	92.413
17.963	92.461	182.872	367.736
17.973	90.386	181.557	368.565
17.983	93.573	182.872	369.354
17.993	92.499	182.872	374.294
18.003	93.573	184.070	371.129
18.013	91.436	187.147	371.794
18.023	93.573	185.372	367.269
18.033	93.573	184.997	378.643
18.043	93.573	184.709	374.964
18.053	93.573	182.145	374.726
18.063	92.895	185.029	374.943
18.073	92.499	189.048	374.986
18.083	93.573	184.997	378.643
18.093	93.573	184.997	378.643
18.103	93.573	184.997	374.380
18.113	93.573	188.786	371.944
18.123	93.573	182.872	373.581
18.133	92.499	182.872	374.294
18.143	92.499	183.253	372.589
18.153	94.426	184.997
18.163	92.499	187.147
18.173	91.436	184.997
18.183	93.099	182.872
18.193	93.573	184.890
18.203	93.573	186.037
18.213	93.304	185.029
18.223	92.499	185.222
18.233	93.573	185.425
18.243	93.573	184.997
18.253	93.573	184.997
18.263	93.573	185.908
18.273	93.320	187.147
18.283	93.573	186.370
18.293	93.573	186.521
18.303	93.320	186.672
18.313	93.201	187.147
18.323	91.436	187.147
18.333	93.573
18.343	93.573
18.353	92.499
18.363	93.573
18.373	93.180
18.383	93.725
18.393	93.228
18.403	93.266
18.413	93.314
18.423	93.341
18.433	93.336	586.448
18.443	92.499	587.330
18.453	93.573	573.915
18.463	93.573	587.330
18.473	93.573	591.859
18.483	93.573	590.084	369.994
18.493	93.573	588.042	369.994
18.503	93.573	592.098	369.589
18.513	92.499	592.714	369.759
18.523	93.573	587.330
18.533	93.573	594.154
18.543	93.573	588.178
18.553	91.436	369.994
18.563	93.239	370.636
18.573	93.277	370.915
18.583	93.325	661.544
18.593	93.406	661.506
18.603	662.576	93.492
18.613	659.255	94.661
18.623	660.513	93.573
18.633	662.998	93.573
18.643	661.850	93.633
18.653	661.850	93.584
18.663	663.419	92.499
18.673	662.232	93.573
18.683	658.152	94.661
18.693	93.633	661.162
18.703	93.617	661.047
18.713	93.595	660.971
18.723	93.617	660.780
18.733	93.638	660.589
18.743	93.573	660.360
18.753	93.573	295.571
18.763	92.499	297.077	659.712
18.773	293.750	94.661	750.492
18.783	296.631	93.573	750.319
18.793	297.077	93.552	187.428
18.803	293.665	93.536	187.688
18.813	293.665	94.661	187.147
18.823	294.718	93.573	182.050
18.833	296.888	93.314	187.147
18.843	297.077	90.726	187.147
18.853	293.377	93.573	186.316
18.863	293.665	94.661	186.305
18.873	93.094	294.906	664.186
18.883	93.067	294.838	665.299
18.893	93.056	328.696	776.420
18.903	91.436	321.783	777.048
18.913	93.126	329.647	777.632
18.923	93.212	766.084	330.085
18.933	92.499	778.980	333.458
18.943	777.093	93.573	329.628
18.953	783.991	330.791	93.573
18.963	776.824	333.150	94.661	185.350
18.973	783.991	330.543	93.573	184.997
18.983	783.991	333.458	93.573	185.479
18.993	783.991	329.932	93.573	184.315
19.003	783.991	331.422	93.573	185.757
19.013	785.941	331.250	93.514	184.997
19.023	783.991	329.704	187.147	93.498
19.033	783.402	330.734	184.816	93.482
19.043	783.267	330.028	187.147	92.499
19.053	774.986	330.734	186.155	93.573
19.063	779.836	333.458	186.026	93.573
19.073	781.911	333.458	93.573	186.381
19.083	778.216	331.403	93.573	186.133
19.093	782.543	331.040	93.573	185.211
19.103	784.036	331.499	93.573	186.241
19.113	777.811	333.458	187.147	93.330
19.123	780.692	330.237	187.147	93.298
19.133	783.991	329.628	184.997	93.573
19.143	783.991	329.628	185.715	93.573
19.153	332.400	784.489	185.886	93.266
19.163	187.147	330.505	783.946	92.499
19.173	187.147	330.314	782.950	92.499
19.183	186.166	329.628	780.737	92.499
19.193	187.028	330.371	783.991	92.879
19.203	187.320	331.020	783.991	92.841
19.213	187.147	331.078	779.836	69.072
19.223	184.368	332.208	782.769	69.296
19.233	184.997	331.901	69.296	782.814
19.243	186.069	329.628	69.392	782.860
19.253	184.997	333.458	69.224	783.040
19.263	184.997	331.020	67.713	374.294
19.273	187.147	333.458	68.889	369.695
19.283	187.147	331.882	367.566	68.873
19.293	185.736	331.920	369.268	785.260
19.303	185.961	331.920	365.745	785.532
19.313	186.402	787.531	369.226	331.939
19.323	187.147	785.532	370.850	331.901
19.333	186.381	781.414	369.589	74.076
19.343	187.147	785.532	74.269	369.909
19.353	187.147	787.122	74.269	331.135
19.363	185.307	788.032	332.093	73.416
19.373	187.147	786.168	329.628	74.021
19.383	187.147	786.531	333.458	74.034
19.393	184.997	784.081	330.524	74.047
19.403	187.147	787.440	330.409	68.500
19.413	185.575	783.493	330.295	68.066
19.423	185.500	788.077	330.237	67.713
19.433	184.997	322.099	784.489	374.294
19.443	185.757	327.824	793.100	68.030
19.453	333.458	793.100	186.736
19.463	330.600	793.146	184.997
19.473	333.246	792.780	185.597
19.483	330.734	793.100	184.858
19.493	329.628	783.991	185.725
19.503	330.390	778.081	185.318
19.513	332.304	786.168	185.929
19.523	333.458	774.270	186.069
19.533	187.147	332.400	788.077
19.543	186.295	325.841	788.532
19.553	184.997	784.761	329.095	298.367
19.563	187.147	784.534	322.099	298.194
19.573	187.147	784.761	300.946	328.620
19.583	187.406	297.764	785.124	371.493
19.593	184.997	294.991	374.294	785.714
19.603	187.147	300.529	368.821	783.991
19.613	187.147	370.337	297.077	786.713
19.623	186.596	372.245	296.477	785.396
19.633	187.147	371.258	296.734
19.643	184.997	372.956	296.477
19.653	187.147	369.994	788.988
19.663	187.147	371.065	793.650
19.673	186.047	369.994	788.806
19.683	186.693	789.034	370.915
19.693	186.769	789.307	370.829
19.703	186.823	249.350	589.777
19.713	186.877	249.393	592.886
19.723	187.147	249.422	588.348
19.733	184.997	247.713	588.178
19.743	189.321	249.970	589.164
19.753	249.811	187.147	589.062
19.763	249.811	187.222	195.998
19.773	249.811	186.941	195.998
19.783	251.041	187.147	196.474
19.793	248.257	187.147	196.428
19.803	249.811	187.147	196.360
19.813	249.811	187.277	195.998
19.823	248.587	187.287	196.247
19.833	249.105	188.177	297.713
19.843	188.459	248.947	294.242
19.853	187.147	246.942	235.314
19.863	235.232	557.996	184.997
19.873	235.790	560.807	186.780
19.883	235.790	556.386	371.365
19.893	235.790	560.807	371.258
19.903	233.082	560.807	363.806
19.913	235.790	557.770	374.294
19.923	235.790	554.365	371.279
19.933	234.920	553.246	374.294
19.943	234.067	551.873	371.536
19.953	233.082	551.969	184.357
19.963	233.082	557.062	184.368
19.973	234.784	187.147	372.095
19.983	233.082	187.071	372.245
19.993	235.790	187.147	365.745
20.003	238.530	189.321	372.654
20.013	235.790	187.158	372.417
20.023	235.097	187.147	372.697
20.033	235.790	187.266	372.095
20.043	233.082	187.147	378.643
20.053	235.790	187.147	378.643
20.063	235.790	190.132	371.858
20.073	233.082	187.147	374.077
20.083	234.432	184.602	374.250
20.093	235.790	186.747	554.365
20.103	235.790	186.607	554.365
20.113	234.676	186.521	556.933
20.123	234.040	186.435	558.092
20.133	235.790	186.359	559.706
20.143	233.082	182.872	560.580
20.153	233.243	187.147
20.163	233.635	187.147
20.173	235.790	187.147
20.183	235.002	187.147
20.193	234.893	187.147
20.203	235.790	186.704
20.213	235.300
20.223	234.961
20.233	235.029
20.243	235.151
20.253	235.260
20.263
20.273
20.283
20.293
20.303
20.313	461.182
20.323	461.662
20.333	461.929
20.343	462.089
20.353	462.329
20.363	460.809	185.972
20.373	186.026	455.517
20.383	187.147	466.164
20.393	184.997	466.164
20.403	184.997	233.878
20.413	184.997	233.217
20.423	187.147	233.082
20.433	187.147	233.082
20.443	185.425	233.163
20.453	187.147	233.082
20.463	187.147	233.082
20.473	187.147	233.082
20.483	187.147	471.580
20.493	187.147	469.569	233.095
20.503	187.028	472.617	233.082
20.513	187.071	469.027	488.211
20.523	187.071	492.004	466.164
20.533	187.071	493.883	468.593
20.543	187.082	492.345	466.164
20.553	187.147	493.883	468.161
20.563	490.642	189.004	467.755
20.573	492.658	187.147	361.815
20.583	493.057	185.211	368.161
20.593	493.883	185.779	368.650
20.603	493.570	187.147	369.077
20.613	494.140	186.931	369.994
20.623	494.397	186.931	369.994
20.633	492.772	186.952	373.451
20.643	490.387	187.147	369.994	561.001
20.653	497.491	186.844	565.295	370.315
20.663	500.171	186.780	559.060	77.782
20.673	495.741	186.758	561.358	77.481
20.683	501.820	189.321	554.365	77.571
20.693	493.883	186.629	563.827	77.647
20.703	493.883	184.997	560.515	76.888
20.713	493.883	186.596	77.831	233.648
20.723	187.147	493.883	233.756	77.782
20.733	184.997	497.778	233.082	78.686
20.743	184.997	498.469	233.082	78.174
20.753	187.147	499.132	235.790	559.933
20.763	186.661	502.923	234.243	556.869
20.773	186.758	500.546	234.310	375.029
20.783	186.790	504.319	662.538	375.094
20.793	187.147	662.768	376.527	559.609
20.803	666.915	187.147	380.572	559.254
20.813	657.430	189.321	374.445	558.931
20.823	655.647	186.909	373.818	554.365
20.833	666.915	186.780	279.288	373.387
20.843	666.915	186.629	275.873	369.994
20.853	659.255	281.084	186.478	369.994	558.673
20.863	666.915	284.646	187.147	372.546	497.031
20.873	666.915	279.062	182.598	372.439	496.257
20.883	666.915	280.403	187.147	369.994	495.627
20.893	277.055	665.338	187.147	372.224	492.772
20.903	277.183	187.147	666.915	372.224	498.786
20.913	184.997	273.999	666.915	372.181	497.376
20.923	184.997	280.403	666.915	378.643
20.933	186.144	278.483	665.838	372.009
20.943	187.147	662.309	278.466	372.374
20.953	189.321	665.876	372.202	277.455
20.963	183.422	372.417	665.876	279.191
20.973	186.090	666.915	369.994	278.338
20.983	666.915	187.147	369.994	277.183
20.993	666.915	184.997	371.987	280.403
21.003	660.856	184.997	371.944	280.403
21.013	666.915	186.629	370.700	278.434
21.023	666.915	186.004	374.294	278.386
21.033	666.915	185.136	278.386	372.999
21.043	666.915	185.940	278.434	372.633
21.053	666.915	186.736	273.999	370.422
21.063	666.915	187.147	277.183	371.966
21.073	666.915	184.368	280.403	372.052
21.083	666.915	187.147	277.295	372.095
21.093	666.915	186.209	280.403
21.103	666.915	186.273	277.183
21.113	666.915	184.997	283.661
21.123	184.997	666.915	280.403
21.133	184.816	666.915	280.403
21.143	185.929	661.888	279.482
21.153	187.634	665.645	280.403
21.163	186.101	666.915	278.998
21.173	184.826	662.385	278.837
21.183	187.147	666.915	272.673
21.193	187.147	664.378	278.193
21.203	184.997	664.493	197.978
21.213	186.499	664.339	197.772
21.223	187.147	664.263	197.589
21.233	187.147	666.915	198.275
21.243	187.147	664.186	198.275
21.253	186.359	660.093	198.275
21.263	186.639	659.255	196.803
21.273	186.639	664.762	196.565	93.573
21.283	665.222	187.147	193.746	374.164
21.293	666.915	187.147	193.746	378.643
21.303	666.915	184.997	196.292	373.516
21.313	666.915	186.596	196.372	373.063
21.323	666.915	187.147	278.434	196.531
21.333	659.255	184.997	278.225	594.154
21.343	674.664	187.807	280.403	592.577
21.353	187.147	666.915	273.999	589.879
21.363	186.069	666.915	273.999	591.722
21.373	187.147	664.838	278.129	591.415
21.383	185.725	664.071	278.257	591.210
21.393	660.437	187.147	594.154	277.183
21.403	659.255	188.786	594.154	280.403
21.413	666.915	187.147	590.800	279.143
21.423	666.915	187.147	587.330	281.084
21.433	660.399	586.313	182.735	369.994
21.443	587.330	658.038	184.997	370.080
21.453	587.330	666.915	185.961	369.994
21.463	594.154	657.848	185.961	369.994
21.473	594.154	368.842	660.742	185.951
21.483	594.154	369.994	185.972	659.255
21.493	594.154	374.294	245.363	182.872
21.503	594.154	368.608	249.811	187.147
21.513	594.154	249.811	368.629	187.147
21.523	590.254	249.811	371.858	187.147
21.533	594.154	247.313	372.353	187.147
21.543	594.154	246.942	372.891	187.147
21.553	249.811	588.824	373.171	186.898
21.563	248.573	588.042	374.294	187.006
21.573	249.811	594.154	376.266
21.583	249.811	594.154	196.792
21.593	249.811	195.998	488.211
21.603	195.998	248.071	493.883
21.613	198.275	493.883	244.105
21.623	198.275	491.436	246.942
21.633	198.275	493.883	247.570
21.643	193.937	494.369	247.427
21.653	195.049	495.026	247.227
21.663	197.795	494.397
21.673	198.275	494.683
21.683	198.275	496.199
21.693	198.275	493.883
21.703	198.275	499.276
21.713	197.658	495.884
21.723	197.738	374.423
21.733	374.575	197.875
21.743	374.705	464.658
21.753	374.791	464.497
21.763	466.164	380.616
21.773	466.164	372.288
21.783	466.164	187.147	378.643
21.793	466.164	189.234	369.994
21.803	460.809	187.147	373.106
21.813	460.809	187.147	369.994
21.823	460.809	187.147	378.643
21.833	460.809	187.147	374.510
21.843	466.029	187.147	374.531
21.853	466.164	187.147	374.510
21.863	187.147	473.765	374.467
21.873	185.876	470.193	374.445
21.883	187.147	471.580	369.994
21.893	187.147	477.060	378.643
21.903	187.147	471.580	378.643
21.913	186.693	471.580	373.581
21.923	187.147	471.580	373.020
21.933	187.147	469.244	372.589
21.943	187.147	468.350	370.508
21.953	187.147	465.814	371.815
21.963	186.693	467.917	369.994
21.973	187.147	471.580	369.354
21.983	189.825	466.164	370.786
21.993	187.147	469.298
22.003	184.997	470.383
22.013	184.997	471.580
22.023	185.972	469.759
22.033	186.456
22.043	186.370
22.053	186.273
22.063	186.144
22.073
22.083
22.093
22.103
22.113
22.123
22.133
22.143
22.153
22.163
22.173
22.183
22.193
22.203
22.213
22.223
22.233
22.243
22.253
22.263
22.273
22.283
22.293
22.303
22.313
22.323
22.333
22.343
22.353
22.363
22.373
22.383
22.393
22.403
22.413
22.423
22.433
22.443
22.453
22.463
22.473
22.483
22.493
22.503
22.513
22.523
22.533
22.543
22.553
22.563
22.573
22.583
22.593
22.603
22.613
22.623
22.633
22.643
22.653
22.663
22.673
22.683
22.693
22.703
22.713
22.723
22.733
22.743
22.753
22.763
22.773
22.783
22.793
22.803
22.813
22.823
22.833
22.843
22.853
22.863
22.873
22.883
22.893
22.903
22.913
22.923
22.933
22.943
22.953
22.963
22.973
