0.023
0.033
0.043
0.053
0.063
0.073
0.083
0.093
0.103
0.113
0.123
0.133
0.143
0.153
0.163
0.173
0.183	400.001
0.193	399.932
0.203	399.862
0.213	399.747
0.223	400.556	325.165
0.233	400.255	325.634
0.243	399.539	322.099
0.253	399.678	322.099
0.263	324.058	399.516	525.068
0.273	326.652	399.193	525.280
0.283	328.810	399.355	525.432
0.293	329.628	398.594	523.251
0.303	331.135	396.756	527.195
0.313	331.173	525.523	132.333
0.323	331.633	525.978	132.333
0.333	331.556	132.333	525.675
0.343	331.518	132.333	527.256
0.353	332.170	132.333	526.221
0.363	332.131	132.058	525.644
0.373	331.863	131.221	523.463
0.383	332.016	132.363	523.251
0.393	332.093	132.333	522.707
0.403	331.863	132.333	520.418
0.413	332.189	131.844	517.390
0.423	332.688	129.310	521.591
0.433	332.957	132.333	517.241
0.443	333.458	132.647	519.637
0.453	333.458	132.333	522.194
0.463	334.094	130.813	521.833
0.473	334.635	132.333	525.341
0.483	334.925	131.366	522.556
0.493	335.525	132.333	527.256
0.503	335.603	132.333	523.040
0.513	132.333	335.138	523.070
0.523	132.333	335.215	522.919
0.533	132.020	335.041	522.768
0.543	132.333	334.383	522.617
0.553	130.813	334.403	522.587
0.563	132.333	334.055	522.768
0.573	132.333	333.631	522.164
0.583	132.333	333.458	519.937
0.593	132.539	333.785	518.767
0.603	132.333	333.882	523.251
0.613	130.813	334.190	525.098
0.623	132.333	334.017	525.705
0.633	132.333	333.959	527.896
0.643	132.333	333.535	530.004
0.653	132.333	333.227	530.678
0.663	132.333	332.880	530.617
0.673	132.333	332.304	527.043
0.683	132.333	332.573	398.042	526.921
0.693	131.055	332.938	398.272	527.256
0.703	130.813	333.458	398.134	525.310
0.713	130.813	333.824	397.789	525.887
0.723	130.813	398.571	333.458	520.869
0.733	130.383	398.295	333.458	525.401
0.743	130.813	397.881	525.310	333.458
0.753	130.813	398.410	523.251	333.342
0.763	130.813	397.559	524.674	262.959
0.773	132.333	398.295	525.432	263.324
0.783	132.333	526.161	398.986
0.793	526.617	132.333	399.193
0.803	527.378	131.184	401.158
0.813	527.713	132.333	293.665
0.823	528.354	293.393	131.738
0.833	295.383	527.165	132.333
0.843	297.077	528.537	131.700
0.853	297.077	529.331	399.124
0.863	297.077	529.331	399.078
0.873	297.077	526.799	401.158
0.883	298.298	526.313	199.216
0.893	298.798	199.262	525.644
0.903	299.005	198.332	495.569
0.913	298.384	198.275	499.622
0.923	297.077	199.032	495.140
0.933	297.077	200.000	493.883
0.943	297.008	200.509	496.515
0.953	296.837	200.579	493.883
0.963	199.966	296.957	493.883
0.973	199.412	297.077	492.203
0.983	198.986	493.883	297.077
0.993	198.447	493.883	297.077
1.003	198.275	494.854	296.991
1.013	198.275	495.655	297.043
1.023	198.275	496.888	296.923
1.033	198.275	497.836	296.888
1.043	198.275	498.152	296.854
1.053	198.275	498.642	296.854
1.063	197.486	499.305	296.803
1.073	198.275	499.218	296.888
1.083	198.275	498.584	297.077
1.093	198.275	497.462	297.077
1.103	198.275	297.077	495.970
1.113	198.275	297.077	494.197
1.123	198.275	297.077	493.883
1.133	198.275	297.077	493.883
1.143	198.275	297.077	493.883
1.153	198.275	489.623	297.077
1.163	198.275	489.707	297.077
1.173	198.275	490.330	297.077
1.183	198.275	491.067	297.077
1.193	198.275	492.089	297.077
1.203	197.806	493.684	297.077
1.213	198.275	493.883	297.077
1.223	497.836	198.275	297.077
1.233	499.045	198.275	296.923
1.243	498.642	198.275	296.991
1.253	497.031	198.275	296.974
1.263	495.398	198.275	297.043
1.273	493.883	198.275	297.077
1.283	493.883	197.304	297.077
1.293	489.990	197.224	296.923
1.303	488.408	198.275	296.665
1.313	488.211	296.580	197.498
1.323	488.211	296.700	197.065
1.333	488.211	297.008	198.275
1.343	488.775	297.077	198.275
1.353	297.077	489.651	195.998
1.363	297.077	490.727	195.986
1.373	297.077	491.919	196.100
1.383	297.266	196.406	492.914
1.393	196.792	297.077	493.484
1.403	197.281	296.820	493.883
1.413	197.692	296.409	493.883
1.423	197.932	296.323	493.883
1.433	198.275	296.477	493.883
1.443	199.493	297.077	493.883
1.453	198.275	297.077	493.627
1.463	295.332	201.543	493.741
1.473	294.684	198.849	376.505
1.483	294.072	376.549	439.416
1.493	375.984	290.292	440.000
1.503	376.810	438.149	146.832
1.513	376.745	146.832	437.971
1.523	376.223	146.832	440.000
1.533	376.288	146.832	439.873
1.543	377.006	146.832	440.000
1.553	377.093	146.832	440.000	290.292
1.563	377.028	146.714	442.958	294.752
1.573	377.333	146.832	440.000	297.077
1.583	377.180	147.478	440.000	297.077
1.593	148.050	376.941	440.000	295.042
1.603	148.538	377.115	440.000	295.349
1.613	148.538	377.071	440.000	295.878
1.623	146.832	376.679	440.000	296.803
1.633	146.832	376.701	440.102	297.077
1.643	147.956	376.658	440.000	296.477
1.653	146.832	376.310	440.000	296.597
1.663	146.832	375.897	440.000	295.964
1.673	146.832	376.071	440.000	296.511
1.683	146.832	375.658	440.000	297.506
1.693	146.832	375.680	440.000	295.947
1.703	146.832	376.244	440.000	296.511
1.713	146.832	375.788	440.000	297.077
1.723	148.538	375.268	440.000	296.785
1.733	148.564	375.810	440.000	296.820
1.743	146.773	375.463	439.949	297.077
1.753	148.538	375.506	440.000	296.905
1.763	146.832	375.984	440.000	1317.749
1.773	146.832	375.550	440.000	1317.825
1.783	146.832	375.181	440.000	1317.673
1.793	146.832	375.875	439.873	1317.673
1.803	146.832	376.027	440.000	1317.216
1.813	148.196	375.723	438.427	1317.597
1.823	146.832	375.701	440.000	1317.977
1.833	146.832	375.767	440.000	527.469
1.843	146.832	375.875	439.746	525.068
1.853	146.832	375.810	440.000	527.226	789.581
1.863	146.832	375.810	440.000	525.675	786.440
1.873	146.832	375.550	439.137	526.373	789.854
1.883	146.832	375.398	439.517	529.086	790.037
1.893	146.629	375.897	439.975	529.331	790.402
1.903	146.832	375.875	439.975	529.331	791.407
1.913	146.832	375.962	440.000	529.331	791.453
1.923	146.832	376.679	440.000	527.378
1.933	146.832	376.723	440.000	525.766
1.943	146.832	440.789	377.660	524.492
1.953	146.832	440.000	527.165	378.424
1.963	146.832	441.196	527.165	376.766
1.973	146.832	444.393	526.860
1.983	146.832	444.984	527.286
1.993	148.538	440.000	527.256
2.003	148.538	440.000	527.591
2.013	148.538	441.655
2.023	147.743	441.732
2.033	147.828	441.757
2.043	147.931	263.902
2.053	296.066	148.050
2.063	296.100	195.998
2.073	296.118	195.896
2.083	295.008	195.828
2.093	297.077	195.998
2.103	297.077	246.885
2.113	296.648	247.113
2.123	293.665	244.105	99.138
2.133	296.254	246.429	99.138
2.143	297.077	246.942	96.873
2.153	247.270	297.077	96.873
2.163	248.372	296.220	99.138
2.173	249.811	297.077	96.873
2.183	249.811	296.340	97.937
2.193	249.811	296.426	97.999
2.203	249.811	295.434	97.937
2.213	249.422	295.673	97.999
2.223	249.393	295.212	97.920
2.233	249.667	295.622	97.999
2.243	249.004	295.332	97.999	393.470
2.253	249.537	295.059	97.999	394.494
2.263	248.846	295.537	99.138	392.358
2.273	248.875	295.093	96.873	392.313
2.283	248.774	295.605	97.999
2.293	248.501	295.161	97.626
2.303	248.415	295.639	97.999
2.313	248.315	295.264	96.873
2.323	247.799	96.873	295.520
2.333	247.599	96.873	295.485
2.343	247.084	96.873	295.622
2.353	247.213	96.873	295.759
2.363	246.942	98.954	295.776
2.373	246.942	97.999	295.981
2.383	247.027	97.999	295.947
2.393	97.999	246.942	295.793
2.403	98.521	247.513	295.810
2.413	99.138	248.085	295.844
2.423	98.829	248.028	295.861
2.433	99.138	247.885	295.861
2.443	98.072	247.999	295.912
2.453	247.370	97.999	295.912
2.463	247.513	97.999	295.895
2.473	246.970	97.999	295.827
2.483	247.213	97.999	295.827
2.493	246.942	96.873	295.673
2.503	246.942	99.138	295.844
2.513	246.942	96.873	295.707
2.523	246.942	99.138	295.895
2.533	247.199	97.999	295.930
2.543	246.942	98.532	295.912
2.553	246.942	99.138	295.998
2.563	247.056	98.749	296.032
2.573	246.942	99.138	296.066
2.583	246.942	99.138	296.169
2.593	246.942	99.138	296.152
2.603	246.942	99.138	296.237
2.613	246.942	99.138	296.203
2.623	246.942	296.254	99.138
2.633	246.942	296.186	98.584
2.643	246.942	296.118	98.385
2.653	247.070	296.152	98.180
2.663	247.084	296.169	98.016
2.673	247.670	296.494	99.138
2.683	246.942	296.374	96.873
2.693	248.171	297.077	96.873
2.703	246.942	297.077	96.873
2.713	248.143	96.873	297.077
2.723	247.570	96.873	297.077
2.733	248.014	97.999	297.077
2.743	248.143	97.999	297.077
2.753	248.415	99.138	293.665
2.763	99.138	248.114	296.049
2.773	99.138	248.516	295.981
2.783	99.138	248.214	293.665
2.793	99.138	248.171	296.597
2.803	99.138	248.272	295.930
2.813	99.138	247.684	296.254
2.823	99.138	247.885	296.237
2.833	97.999	247.127	296.169
2.843	97.999	247.213	296.100
2.853	97.125	246.942	296.237
2.863	96.873	246.942	296.272
2.873	96.873	246.942	296.289
2.883	96.873	246.942	296.323
2.893	96.873	246.942	296.323
2.903	96.873	246.942	296.254
2.913	96.873	246.942	296.203
2.923	97.999	246.942	296.203
2.933	97.999	246.856	296.118
2.943	97.999	246.942	296.237
2.953	97.999	246.942	296.237
2.963	99.138	246.942	296.118
2.973	99.138	247.270	296.272
2.983	97.999	247.399	296.169
2.993	99.138	246.942	296.374
3.003	99.138	247.284	394.380
3.013	99.138	247.599	393.152
3.023	97.999	246.942	393.197
3.033	97.999	247.241	392.993
3.043	96.873	246.942	390.098
3.053	96.873	246.942	392.653
3.063	96.873	246.942	392.517
3.073	96.845	246.828
3.083	96.873	246.144
3.093	98.954	246.358
3.103	97.423	246.443
3.113	97.999	246.286
3.123	99.138	246.358
3.133	99.138	246.372
3.143	98.783	246.799
3.153	99.138	246.942
3.163	99.138	247.227
3.173	99.138	247.842
3.183	248.343	99.138
3.193	248.343	99.138
3.203	248.559	99.138
3.213	248.516	99.138
3.223	248.272	99.138
3.233	248.343	98.407	396.665
3.243	247.928	97.999	396.344
3.253	248.387	99.138	198.275
3.263	249.119	99.138	332.189
3.273	246.942	98.863	332.246
3.283	249.811	332.285	259.249
3.293	333.458	248.473	256.064
3.303	329.628	258.621	248.487
3.313	332.592	258.621	398.134
3.323	332.112	260.179	396.550
3.333	333.053	264.666	401.158
3.343	333.034	261.626	131.282
3.353	332.592	256.330	130.813
3.363	332.900	130.813	264.666
3.373	332.919	130.813	396.550
3.383	332.669	130.896	396.550
3.393	332.861	132.333	400.648
3.403	332.784	132.333	400.417
3.413	332.650	132.058	397.376
3.423	332.688	131.883	396.550
3.433	332.707	132.096	263.004
3.443	132.333	332.765	262.125
3.453	132.157	332.630	261.626
3.463	130.579	332.630	262.519
3.473	132.333	332.650	261.626
3.483	130.813	332.707	262.822
3.493	132.333	332.688	261.626
3.503	132.333	332.938	263.050
3.513	132.333	332.880	264.009
3.523	132.333	332.842	264.880
3.533	132.333	333.092	264.223
3.543	132.333	333.150	264.039
3.553	132.333	333.458	264.192
3.563	132.333	264.314	333.458
3.573	132.333	397.605	267.741
3.583	132.333	397.445	266.229
3.593	132.333	401.158	261.746
3.603	132.333	397.513	264.116
3.613	132.333	398.180	296.169
3.623	132.333	397.445	296.118
3.633	132.333	397.445	295.964
3.643	132.333	397.927	296.888	235.790
3.653	132.333	398.134	295.759	235.790
3.663	132.333	296.049	397.835	235.790
3.673	132.333	296.546	236.691	397.605
3.683	132.333	295.930	236.691	397.835
3.693	132.333	295.861	235.899	397.490
3.703	132.333	296.528	236.363	397.996
3.713	132.333	295.810	237.513	398.295
3.723	132.333	295.622	237.115	397.490
3.733	132.608	296.306	235.831	397.330
3.743	132.440	295.468	235.790	397.123
3.753	132.333	295.571	235.790	397.284
3.763	132.333	296.186	235.790	396.779
3.773	132.333	295.537	235.368
3.783	132.333	295.724	235.790
3.793	130.813	296.511	235.926
3.803	130.813	235.790	296.049
3.813	130.813	235.790	296.563
3.823	130.813	236.090	297.558
3.833	130.813	235.790	396.550
3.843	130.813	235.845	396.321
3.853	236.431	130.813	396.298
3.863	236.281	132.333	440.483
3.873	237.471	131.146	440.687
3.883	237.047	436.607	131.146
3.893	440.000	236.554	176.184
3.903	440.000	238.530	174.614
3.913	442.600	176.643	237.101
3.923	443.547	176.643	237.156
3.933	443.368	176.643	221.057
3.943	443.624	176.643	221.096
3.953	442.805	176.500	221.914
3.963	442.779	220.000	176.643
3.973	442.421	220.280	176.643
3.983	445.113	221.019	176.643
3.993	445.113	221.134	176.694
4.003	222.556	442.932	176.735
4.013	221.313	443.316	176.745
4.023	220.968	443.035	177.348
4.033	222.299	442.984	176.643
4.043	221.083	442.881	176.643
4.053	221.274	442.932	176.643
4.063	220.713	442.958	264.666
4.073	220.394	265.492	442.856
4.083	221.274	264.666	176.643
4.093	220.318	264.666	176.674
4.103	220.420	263.994	176.643
4.113	220.064	267.478	442.268
4.123	221.402	264.666	442.856
4.133	221.159	264.666	442.932
4.143	221.006	265.125	442.984
4.153	220.942	264.666	443.035
4.163	222.556	442.702	265.170
4.173	220.000	443.035	266.506
4.183	444.342	166.729	220.000
4.193	444.034	166.729	220.840
4.203	443.649	169.105	264.666
4.213	442.728	166.873	264.666
4.223	442.498	166.758	265.017
4.233	442.089	166.729	195.851
4.243	442.344	166.729	195.885
4.253	166.729	441.732	195.998
4.263	166.729	441.273	195.139
4.273	168.666	439.822	195.964
4.283	166.729	438.427	195.998
4.293	166.729	436.885	195.998
4.303	168.666	434.946	196.077
4.313	164.814	433.817	197.053
4.323	166.729	429.950	195.998
4.333	166.729	429.950	196.134
4.343	166.729	391.995	196.145
4.353	166.729	387.493	195.998
4.363	166.729	391.995	196.156
4.373	166.729	391.995	196.145
4.383	166.729	393.016	195.998
4.393	166.729	393.402	195.998
4.403	164.814	392.403	196.111
4.413	401.158	164.814	196.576
4.423	394.243	195.998	166.729
4.433	393.061	196.134	168.666
4.443	392.789	195.998	482.603
4.453	393.197	195.998	482.603
4.463	195.998	401.158	490.047
4.473	489.566	195.998	393.334
4.483	488.211	393.675	195.998
4.493	493.883	394.426	197.145
4.503	493.883	293.665	391.995
4.513	492.914	297.077	176.806
4.523	494.426	297.077	176.868
4.533	495.712	296.734	176.643
4.543	493.883	296.357	176.704
4.553	496.056	296.323	176.827
4.563	296.272	499.622	176.643
4.573	296.580	495.770	177.072	355.127
4.583	296.580	494.426	176.643	354.574
4.593	297.077	493.883	177.666
4.603	297.077	493.883	177.297
4.613	297.077	493.883	178.696
4.623	177.707	297.077	492.402
4.633	177.728	297.283	491.692
4.643	178.696	297.077	490.585
4.653	177.738	296.923	490.784
4.663	178.489	296.991	491.947
4.673	177.215	296.169	492.004
4.683	177.287	293.665	493.741
4.693	178.273	296.254	493.883
4.703	177.666	296.289	494.969
4.713	176.909	296.049	499.622
4.723	177.779	295.964	499.622
4.733	177.933	296.100	499.622
4.743	176.919	295.502	499.622
4.753	177.872	297.077	498.526
4.763	178.500	295.161	494.426
4.773	176.960	295.349	494.597
4.783	177.564	297.077	493.883
4.793	178.438	295.059	493.085
4.803	177.328	295.144	492.459
4.813	177.584	294.872	492.345
4.823	178.170	294.872	492.886
4.833	177.543	294.838	493.370
4.843	177.646	294.957	493.883
4.853	178.026	294.701	496.056
4.863	177.400	294.872	494.911
4.873	176.970	293.665	497.635
4.883	178.654	297.077	497.376
4.893	178.118	295.366	496.658
4.903	178.696	297.077	498.124
4.913	178.211	295.810	495.684
4.923	178.026	295.776	496.228
4.933	176.653	296.135	496.572
4.943	178.160	296.443	493.883
4.953	178.160	297.077	495.999
4.963	176.980	297.077	495.169
4.973	177.615	297.077	495.770
4.983	178.252	297.077	990.852
4.993	177.154	297.077	519.307
5.003	177.318	297.077	517.241
5.013	178.696	296.665	516.435
5.023	177.944	295.485	520.628
5.033	178.696	297.077	517.241
5.043	177.790	517.241	297.026
5.053	178.592	523.251	296.768
5.063	527.347	178.293	296.734
5.073	527.652	176.643	296.717
5.083	527.408	176.643	131.677
5.093	522.949	177.656	332.515
5.103	523.009	332.534	131.479
5.113	522.556	333.458	132.333
5.123	329.628	522.044	198.275
5.133	333.458	198.275	131.168
5.143	333.130	198.401	131.085	517.241
5.153	332.919	198.275	130.813	522.406
5.163	332.919	198.275	130.813	522.194
5.173	332.880	198.138	130.813	522.164
5.183	332.784	198.275	130.813	522.406
5.193	332.688	198.275	130.813	522.889
5.203	332.611	198.275	130.813	525.189
5.213	198.275	332.266	130.813
5.223	198.275	332.131	130.813
5.233	198.275	331.652	130.466
5.243	198.149	331.326	130.813
5.253	197.486	331.595	130.813
5.263	198.275	331.231	130.813
5.273	198.275	331.040	129.198
5.283	197.612	331.595	130.104
5.293	198.275	331.346	130.956
5.303	198.275	331.346	129.154
5.313	198.161	331.767	129.310
5.323	198.275	325.841	129.310
5.333	198.275	331.212	129.310
5.343	198.000	331.384	129.310
5.353	198.275	330.906	130.127
5.363	198.275	331.250	130.813
5.373	197.875	331.537	130.813	521.953
5.383	198.275	330.963	130.805	522.285
5.393	198.275	331.499	130.730	521.591
5.403	198.218	331.748	129.969	520.899
5.413	198.275	331.269	130.813	523.493
5.423	198.275	331.633	131.085	523.886
5.433	198.012	329.628	130.813	527.957
5.443	198.275	331.231	131.290	527.865
5.453	130.813	198.012	331.518	527.408
5.463	130.813	197.509	331.326	524.401
5.473	130.692	198.275	331.231	524.098
5.483	130.813	197.898	331.556	521.591
5.493	129.939	197.201	331.288	523.463
5.503	197.920	331.365	131.343	518.617
5.513	197.932	331.633	129.902	523.130
5.523	197.635	331.441	129.819	1041.377
5.533	198.069	331.595	129.310	1038.733
5.543	197.760	331.863	129.310	1038.613
5.553	198.275	331.537	130.813	1041.136
5.563	198.184	331.748	130.813	1043.002
5.573	198.275	331.729	130.813	525.614
5.583	198.275	331.729	129.310	525.766
5.593	197.863	331.767	130.503	527.043
5.603	198.275	331.748	130.157	526.130
5.613	198.275	332.035	130.715	529.331
5.623	197.715	332.016	132.333	523.251
5.633	197.486	331.959	130.813	526.586
5.643	197.589	332.189	130.813	524.371
5.653	197.783	332.246	130.813	524.038
5.663	197.384	331.863	130.813	521.049
5.673	197.852	332.170	130.896	520.929
5.683	198.218	331.824	132.035	522.134
5.693	197.258	331.537	130.813	523.493
5.703	197.532	331.844	130.300	523.493
5.713	130.813	198.275	331.403	522.436
5.723	130.813	197.601	331.748	523.795
5.733	130.813	197.692	331.767	524.825
5.743	130.813	198.275	331.441	525.766
5.753	130.813	197.920	331.882
5.763	132.333	198.012	331.748
5.773	132.333	198.275	331.269
5.783	132.333	197.578	331.671
5.793	132.333	198.058	331.575
5.803	132.333	198.012	331.212
5.813	131.472	197.293	331.748
5.823	130.059	198.206	331.422
5.833	130.813	198.275	331.384
5.843	130.813	197.464	331.709
5.853	130.112	198.126	331.441
5.863	130.813	198.275	331.614
5.873	130.813	197.464	331.863
5.883	130.647	197.920	331.959
5.893	130.526	198.138	332.112
5.903	130.813	197.498	332.285
5.913	131.214	197.738	332.150
5.923	131.578	197.692	332.266
5.933	132.333	197.258	332.093
5.943	132.333	198.012	331.959
5.953	132.333	197.760	331.997
5.963	132.333	198.275	331.729
5.973	132.333	198.229	331.863
5.983	132.333	198.218	332.035	524.552
5.993	132.333	198.275	331.805	527.987
6.003	130.813	198.275	331.824	525.219
6.013	130.813	198.275	331.901
6.023	130.813	198.275	332.093
6.033	130.813	198.458	332.304
6.043	130.813	198.275	332.438
6.053	130.813	198.275	332.727
6.063	130.813	198.275	325.841
6.073	130.813	198.275
6.083	130.813	198.309
6.093	130.813	198.298
6.103	130.813
6.113	130.813
6.123	130.813
6.133	130.813
6.143
6.153
6.163
6.173
6.183
6.193
6.203
6.213
6.223
6.233
6.243
6.253
6.263
6.273
6.283
6.293
6.303
6.313
6.323
6.333
6.343
6.353
6.363
6.373
6.383
6.393
6.403
6.413
6.423
6.433
6.443
6.453
6.463
6.473
6.483
6.493
6.503
6.513
6.523
6.533
6.543
6.553
6.563
6.573
6.583
6.593
6.603
6.613
6.623
6.633
6.643
6.653
6.663
6.673
6.683
6.693
6.703
6.713
6.723
6.733
6.743
6.753
6.763
6.773
6.783
6.793
6.803
6.813
6.823
6.833
6.843	245.222
6.853	245.590
6.863	245.917
6.873	246.201
6.883	243.936
6.893	244.119	98.954
6.903	245.250	99.046
6.913	246.942	99.109
6.923	246.942	99.138
6.933	249.811	99.195	595.356
6.943	249.811	99.138	595.391
6.953	249.753	100.289	597.423
6.963	249.566	99.138	597.941
6.973	249.076	99.138	598.045
6.983	249.450	99.138	596.527
6.993	249.019	99.138	593.605
7.003	249.537	99.138	593.023
7.013	249.234	99.138	592.988
7.023	249.623	99.138	591.517
7.033	99.138	249.811	587.330
7.043	99.138	249.811	587.330
7.053	99.138	250.042	587.330
7.063	97.999	250.461	590.595
7.073	99.138	249.999	590.664
7.083	99.138	250.201	590.903
7.093	99.138	249.811	594.154
7.103	99.138	249.623	397.490
7.113	99.138	249.652	397.192
7.123	99.138	249.350	397.054
7.133	99.138	249.811	397.192
7.143	99.138	249.479	397.146
7.153	99.138	249.811	397.146
7.163	249.811	99.138	397.169
7.173	249.811	99.138	397.192
7.183	249.811	97.999	397.123
7.193	249.811	97.999	396.871
7.203	249.508	99.138	397.284
7.213	249.811	99.138	582.734	397.307
7.223	249.494	99.862	583.407	397.582
7.233	249.782	99.138	397.330	585.331
7.243	249.494	99.138	397.330	586.008
7.253	249.739	98.595	397.513	587.160
7.263	249.566	98.493	397.605	586.414
7.273	249.595	97.999	397.169	586.584
7.283	249.797	97.999	397.376	587.330
7.293	249.811	397.353	97.999	587.330
7.303	249.638	97.999	397.307	587.330
7.313	249.091	97.999	397.100	587.601
7.323	249.580	97.999	396.917
7.333	248.875	97.999	397.009
7.343	249.811	396.207	97.999
7.353	249.811	396.619	98.197
7.363	249.811	396.550	97.999
7.373	249.811	396.825	97.999
7.383	250.042	395.407	99.138
7.393	395.429	250.114	195.998
7.403	387.493	249.811	198.653
7.413	391.995	249.811	198.275
7.423	391.995	198.275	249.869
7.433	398.709	198.275	249.898
7.443	397.835	111.548	197.955
7.453	398.940	111.529	105.033
7.463	401.158	111.278	262.034
7.473	401.158	111.574	262.458
7.483	402.527	112.571	261.626
7.493	399.285	111.278	263.567
7.503	401.158	111.278	261.626
7.513	401.158	111.278	264.574
7.523	111.278	398.433	264.666
7.533	111.278	397.973	264.666
7.543	111.278	397.950	263.598
7.553	111.278	398.433	264.666
7.563	111.278	398.272	264.666
7.573	111.278	398.940	263.811
7.583	111.278	398.387	262.519
7.593	111.278	398.456	262.731
7.603	111.278	398.180	261.626
7.613	111.278	397.904	262.549
7.623	111.278	397.720	263.278
7.633	111.278	397.330	261.626
7.643	111.278	396.963	264.207	521.591
7.653	111.278	396.779	261.626
7.663	111.278	397.766	261.626
7.673	111.278	396.802	262.731
7.683	111.278	262.959	397.261
7.693	111.278	264.666	397.513
7.703	111.278	261.716	398.502
7.713	111.278	263.658	398.364
7.723	111.278	264.666	401.575
7.733	111.445	263.324	401.158
7.743	111.278	264.666	524.522
7.753	111.278	261.656	524.492	399.331
7.763	112.649	261.626	523.191	376.375
7.773	111.278	264.666	521.501	376.331
7.783	111.278	264.666	522.587	377.180
7.793	111.278	261.626	376.201	522.496
7.803	111.278	263.994	376.484	520.779
7.813	111.278	264.666	375.767	522.647
7.823	111.355	263.339	376.310	521.953
7.833	111.278	261.626	375.701	522.164
7.843	111.278	261.626	376.092
7.853	110.682	261.626	376.136
7.863	111.278	261.626	375.810
7.873	110.000	261.626	375.745
7.883	111.278	261.626	375.897
7.893	110.650	261.626	375.723
7.903	109.594	261.626	375.745
7.913	111.278	261.626	376.005
7.923	261.626	111.278	375.875
7.933	261.626	111.278	375.723
7.943	263.324	111.278	376.505
7.953	261.626	111.723	376.114
7.963	264.666	111.278	376.462
7.973	264.314	111.278	376.679
7.983	264.666	111.278	376.679
7.993	264.666	111.278	378.905	488.211
8.003	264.161	111.278	490.132	374.553
8.013	264.421	492.459	111.317	373.840
8.023	264.666	489.481	361.544	394.152
8.033	491.578	265.753	394.745	132.333
8.043	495.255	265.186	395.224	123.685
8.053	493.883	393.038	267.741	123.714
8.063	396.550	498.555	122.887	265.523
8.073	400.209	498.901	123.792	296.665
8.083	396.550	493.883	124.905
8.093	396.550	298.608	123.471
8.103	396.550	297.077	123.521
8.113	396.733	297.077	124.488
8.123	396.550	297.077	123.471
8.133	397.100	297.077	124.007
8.143	396.550	297.077	123.935
8.153	396.550	297.077	123.928
8.163	396.550	297.077	124.401
8.173	297.077	396.550	123.878
8.183	297.403	396.550	124.488
8.193	297.506	396.550	123.471
8.203	297.420	396.550	123.471
8.213	297.077	396.550	122.795
8.223	297.077	396.550	124.905
8.233	297.077	396.550	124.610
8.243	297.111	396.550	122.377
8.253	297.214	396.550	123.471
8.263	297.077	396.550	123.471
8.273	297.249	396.550	123.471
8.283	297.077	396.550	123.471
8.293	297.077	395.909	495.942
8.303	297.077	396.550	496.544
8.313	297.111	394.722	498.124
8.323	297.077	498.383	396.550
8.333	297.077	495.598	394.973
8.343	298.005	494.483	396.550
8.353	297.678	493.883	132.333
8.363	297.420	493.114	132.333
8.373	297.077	490.812	132.333
8.383	297.919	491.322	132.333
8.393	297.077	490.189	132.333
8.403	297.077	489.990	132.333
8.413	297.077	490.897	132.333
8.423	297.077	490.755	132.333
8.433	297.077	493.228	132.333
8.443	297.077	132.333	493.883
8.453	297.077	132.333	492.687
8.463	298.108	132.333	492.943
8.473	297.919	132.333	493.883
8.483	297.077	132.333	493.484
8.493	297.077	132.333	494.826
8.503	297.661	132.333	493.883
8.513	297.077	132.333	493.883
8.523	297.077	132.333	493.883
8.533	297.352	132.333	493.883
8.543	297.077	132.333	493.883
8.553	297.077	132.333	493.969
8.563	297.077	132.333	493.969
8.573	297.678	132.333	493.940
8.583	297.077	132.333	148.667
8.593	298.057	132.333	148.504
8.603	297.077	132.333	148.410
8.613	297.077	150.264	438.047
8.623	297.644	148.538	440.000
8.633	148.538	300.529	440.000
8.643	148.994	440.000	297.678
8.653	146.832	440.000	376.201
8.663	146.832	374.294	440.000
8.673	146.832	374.294	439.898
8.683	146.832	374.294	439.924
8.693	148.538	374.294	440.000
8.703	148.538	374.769	440.000
8.713	148.538	374.943	440.000
8.723	148.538	375.138	440.000
8.733	148.538	374.856	440.000
8.743	146.553	374.813	440.000
8.753	148.538	374.878	440.000
8.763	148.538	374.618	440.000
8.773	148.538	374.077	440.000
8.783	146.147	374.229	440.000
8.793	148.805	374.294	440.000
8.803	148.538	373.991	440.000
8.813	148.899	374.185	440.000
8.823	146.832	374.294	440.000
8.833	146.832	373.926	440.000
8.843	148.538	374.380	440.000
8.853	148.538	374.748	440.000
8.863	146.020	374.445	440.000
8.873	146.832	374.531	440.000
8.883	148.538	374.294	440.000
8.893	148.538	374.294	440.000
8.903	148.564	374.531	440.000
8.913	148.538	374.294	440.000
8.923	148.538	374.337	440.000
8.933	148.538	374.467	440.000
8.943	148.538	374.769	440.000	1315.847
8.953	148.676	374.467	440.000	1315.771
8.963	148.538	374.596	440.000	1315.239
8.973	148.538	374.596	440.000	1315.543
8.983	148.538	374.618	440.000	1315.999
8.993	148.538	374.661	440.000	1316.075
9.003	148.590	374.705	440.000	1316.075
9.013	146.519	374.748	439.949	1315.695
9.023	148.538	374.531	440.000	1315.543
9.033	148.538	374.596	440.000	1315.391
9.043	146.147	375.051	439.924	1316.303
9.053	146.832	374.748	439.924	1315.315
9.063	146.832	374.834	439.594	297.730
9.073	146.832	375.008	439.644	297.077
9.083	146.832	374.791	439.695	297.077
9.093	146.832	374.899	297.077	440.025
9.103	148.538	375.571	298.177	440.000
9.113	148.538	375.788	300.529	440.000
9.123	148.538	374.294	300.529	441.400
9.133	148.538	298.263	374.294
9.143	148.538	297.438	374.899
9.153	148.538	493.883	297.988
9.163	499.362	148.538	297.747
9.173	499.622	297.077	148.427
9.183	496.285	297.971	148.487
9.193	497.261	297.026	393.993
9.203	497.951	297.077	198.608
9.213	493.883	296.648	198.573
9.223	498.296	296.580	198.275
9.233	497.893	198.275	296.597
9.243	497.405	198.929	290.292
9.253	497.319	199.274	297.472
9.263	497.663	199.055	297.558
9.273	497.807	198.229	298.057
9.283	497.951	198.275	297.077
9.293	498.152	198.275	298.832
9.303	498.325	197.224	298.574
9.313	498.354	298.281	197.110
9.323	498.354	298.126	197.110
9.333	298.005	498.267	196.985
9.343	297.816	498.066	198.275
9.353	297.644	497.721	198.275
9.363	297.523	497.462	197.943
9.373	297.472	198.275	497.319
9.383	297.455	198.275	497.204
9.393	297.403	198.275	497.089
9.403	297.334	198.275	496.716
9.413	297.317	198.275	499.622
9.423	297.300	198.275	499.622
9.433	297.197	198.275	498.095
9.443	297.077	196.394	521.893
9.453	297.077	198.275	517.241
9.463	297.077	198.275	521.441
9.473	297.111	196.270	523.040
9.483	297.180	196.224	523.251
9.493	297.403	197.486	523.251
9.503	297.695	198.275	525.189
9.513	297.661	198.275	525.037
9.523	297.833	198.275	524.825
9.533	298.074	524.704	196.542
9.543	298.126	525.098	196.372
9.553	297.816	525.705	196.417
9.563	297.592	525.766	198.275
9.573	526.343	198.275	297.077
9.583	526.678	198.275	297.077
9.593	198.275	526.221	297.077
9.603	198.275	526.495	297.077
9.613	198.275	526.678	297.077
9.623	198.275	526.465	297.077
9.633	198.275	526.465	297.249
9.643	198.275	526.860	297.283
9.653	195.998	526.526	296.940
9.663	198.275	526.617	296.923
9.673	198.275	527.530	297.077
9.683	195.500	296.443	528.231
9.693	198.275	296.118	528.873
9.703	198.275	296.734	529.178
9.713	195.998	297.026	529.331
9.723	195.998	296.357	529.331
9.733	198.275	297.077	528.598
9.743	297.077	198.275	528.750
9.753	297.472	198.275	442.805
9.763	297.249	198.275	443.214
9.773	298.091	198.275	443.547
9.783	298.556	195.998	434.946
9.793	299.420	443.035	197.566
9.803	445.113	297.077	197.578
9.813	446.761	297.077	395.270
9.823	448.960	396.802	131.890
9.833	445.962	132.333	391.995
9.843	445.215	130.813	396.550
9.853	446.968	132.333	395.292
9.863	447.407	132.333	396.138
9.873	447.097	132.333	395.407
9.883	445.113	131.282	395.201
9.893	445.498	131.723	395.201
9.903	444.958	132.333	395.155
9.913	445.113	130.813	394.973
9.923	444.830	395.064	132.333
9.933	445.113	329.628	394.768
9.943	444.856	330.295	394.973
9.953	445.113	330.848	394.996
9.963	444.085	330.734	395.178
9.973	444.214	331.078	394.813
9.983	443.778	330.982	394.904
9.993	331.001	444.753	394.813	132.195
10.003	331.097	444.701	394.471	130.813
10.013	330.657	445.113	394.426	132.333
10.023	330.810	445.627	130.813	394.540
10.033	330.791	446.400	130.813	394.130
10.043	330.447	446.065	132.333	394.768
10.053	330.543	446.658	131.335	394.403
10.063	330.276	446.116	130.813	394.357
10.073	330.218	446.529	132.333	394.198
10.083	330.505	445.241	131.328	394.357
10.093	330.466	444.496	393.948	131.464
10.103	330.696	442.805	394.221	130.813
10.113	331.193	441.553	394.198	130.964
10.123	331.135	440.000	394.357	131.449
10.133	331.173	438.503	395.041	132.333
10.143	331.480	439.187	394.107	132.333
10.153	331.422	438.098	132.333	395.178
10.163	331.384	438.908	130.813	394.654
10.173	331.614	440.000	130.813	394.289
10.183	331.882	441.553	130.813	394.471
10.193	331.978	442.907	130.813	394.221
10.203	331.901	444.008	130.813	394.312
10.213	331.824	445.113	130.813	394.585
10.223	131.070	331.729	445.113	394.517
10.233	130.813	331.403	445.113	394.494
10.243	131.131	331.288	444.522	394.585
10.253	132.333	443.573	331.059	394.448
10.263	132.333	442.370	331.135	394.130
10.273	130.813	440.000	331.709	394.745
10.283	129.310	439.492	332.170	395.087
10.293	130.813	439.873	332.746
10.303	437.744	130.813	333.381
10.313	440.000	130.926	333.458
10.323	440.000	132.333	333.458
10.333	440.916	132.058	333.458
10.343	443.906	132.333	332.976
10.353	445.113	132.333	333.092
10.363	445.113	132.333	333.207
10.373	446.245	132.379	296.306
10.383	445.113	132.333	296.323
10.393	445.087	295.827	132.218
10.403	443.649	294.667	374.294
10.413	443.726	374.294	297.077
10.423	441.783	375.159	297.077
10.433	440.000	374.986	297.077
10.443	440.000	375.246	297.077
10.453	440.000	374.899	296.426
10.463	374.986	440.000	298.143
10.473	374.726	442.217	293.665
10.483	374.661	442.421	296.340
10.493	375.094	443.444	148.538
10.503	375.289	148.538	443.368
10.513	374.899	148.538	295.861
10.523	375.008	148.350	296.426
10.533	374.899	148.538	296.015
10.543	374.964	147.845	296.237
10.553	375.354	148.538	443.675
10.563	147.402	375.506	441.681
10.573	146.832	374.834	442.574
10.583	146.832	374.726	440.000
10.593	148.916	374.878	440.000
10.603	148.538	374.791	440.000
10.613	148.564	374.791	440.000
10.623	146.832	375.029	439.848
10.633	146.832	374.834	440.000
10.643	146.832	374.618	440.153
10.653	146.832	374.358	439.975
10.663	147.096	374.705	439.822
10.673	146.832	374.748	439.670
10.683	147.011	374.705	439.594
10.693	146.832	374.813	439.492
10.703	146.832	374.834	440.000
10.713	146.519	374.748	791.270	439.314
10.723	146.798	374.856	792.139	528.720
10.733	146.274	374.748	791.179	529.178
10.743	146.832	374.813	790.950	528.048
10.753	146.832	375.311	790.585	528.537
10.763	146.832	375.116	790.493	528.995
10.773	146.832	375.268	791.224	527.165
10.783	146.832	375.376	791.590	526.617	878.578
10.793	146.832	375.116	790.905	525.401	878.223
10.803	146.832	375.268	789.535	526.404	877.918
10.813	146.637	375.680	789.216	526.252	877.411
10.823	146.832	375.073	527.347	787.167
10.833	146.155	375.398	524.371	787.395
10.843	145.961	375.159	524.340	787.076
10.853	145.146	375.138	523.251	787.304
10.863	145.146	374.294	525.918	788.715
10.873	145.146	375.051	525.948	789.170
10.883	145.146	374.294	528.934	789.626
10.893	145.146	374.294	528.018	789.490
10.903	146.122	374.294	528.384	788.487
10.913	145.146	376.288	529.331	793.100
10.923	145.146	376.788	529.331	793.100
10.933	148.538	376.179	529.545	786.576
10.943	146.832	375.203	532.859
10.953	146.832	373.149	535.512
10.963	146.832	375.853	783.267
10.973	148.538	767.014	375.268
10.983	148.538	782.091	247.885
10.993	148.538	247.999	774.986
11.003	146.832	246.942	787.622
11.013	247.556	146.832	295.895
11.023	247.985	295.964	396.550
11.033	246.942	295.998	395.521
11.043	249.019	296.871	396.550
11.053	249.177	296.203	396.550	96.873
11.063	249.609	295.947	98.789	394.836
11.073	249.811	295.468	99.138	391.452
11.083	249.177	296.306	99.138	394.927
11.093	249.105	295.998	99.138	394.084
11.103	248.286	296.220	99.138	394.882
11.113	248.616	295.912	99.138	395.544
11.123	248.114	295.844	99.138	395.589
11.133	248.631	295.434	99.138
11.143	248.085	295.366	98.960
11.153	248.444	294.991	99.103
11.163	248.200	295.059	99.103
11.173	248.286	294.650	99.103
11.183	248.186	294.650	99.109
11.193	247.971	294.650	197.543
11.203	248.114	294.718	99.057
11.213	247.999	295.008	99.046
11.223	247.842	294.906	99.035
11.233	248.128	294.957	99.138
11.243	248.042	295.059	99.138
11.253	247.971	295.605	99.138
11.263	248.688	295.468	99.138
11.273	247.856	99.138	293.665
11.283	248.803	97.999	295.093
11.293	247.956	99.138	295.998
11.303	248.616	99.138	295.707
11.313	248.401	99.138	293.665
11.323	248.430	99.138	295.195
11.333	248.401	97.999	295.690
11.343	248.616	97.999	295.502
11.353	248.157	98.402	295.383
11.363	249.004	97.999	295.264
11.373	248.372	97.999	295.315
11.383	248.774	97.999	295.400
11.393	248.559	97.999	295.315
11.403	248.444	97.999	393.902
11.413	249.033	99.138	394.722
11.423	247.971	99.138	397.123
11.433	249.566	97.999	398.203
11.443	247.785	97.999	400.949
11.453	97.999	249.696	397.605
11.463	98.254	248.128	397.674
11.473	249.234	97.999	401.158
11.483	248.458	97.999	400.325
11.493	248.774	97.999	398.042
11.503	248.760	99.138	396.986
11.513	248.415	97.999	396.550
11.523	248.832	97.999	393.675
11.533	248.300	97.999	392.653
11.543	248.760	97.999	395.475
11.553	248.516	97.999	395.452
11.563	248.961	98.385	395.544
11.573	248.774	98.487	392.789
11.583	249.076	98.589	393.834
11.593	248.444	99.138	395.133
11.603	249.811	99.138	396.619
11.613	248.343	97.999	397.123
11.623	249.306	99.138	398.111
11.633	248.157	97.999	399.331
11.643	248.214	100.289	400.625
11.653	248.085	97.999	401.158
11.663	247.584	100.289	397.766
11.673	247.999	99.138	397.628
11.683	247.541	98.447	295.571
11.693	248.272	96.873	295.366
11.703	247.627	97.999	295.400
11.713	246.942	97.999	295.298
11.723	247.656	97.999	295.195
11.733	248.659	97.999	295.076
11.743	247.384	97.999	294.957
11.753	247.928	97.999	294.821
11.763	247.213	97.999	395.315
11.773	246.956	98.282	396.711
11.783	247.241	97.999	396.711
11.793	246.984	98.493	396.986
11.803	247.227	98.572	397.674
11.813	247.256	99.138	397.996
11.823	247.427	100.289	398.203
11.833	246.942	97.999	401.158
11.843	246.942	99.138	401.158
11.853	246.942	98.544	398.387
11.863	246.942	99.138	394.676
11.873	246.942	97.999	790.265
11.883	246.942	97.999	792.368
11.893	246.942	97.999
11.903	247.056	97.999
11.913	246.942	97.999
11.923	246.942	97.999
11.933	246.785	97.999
11.943	246.528	97.999	787.258
11.953	246.528	98.084	789.170
11.963	246.942	99.138	791.819
11.973	246.657	99.138	197.088
11.983	246.942	97.999	197.099
11.993	246.642	100.289	196.701
12.003	246.942	97.999	197.122
12.013	247.156	97.999	197.145
12.023	246.942	99.138	197.167
12.033	248.243	98.624	198.275
12.043	248.430	98.601	293.665
12.053	248.860	98.601	395.795
12.063	246.942	98.618	395.681
12.073	246.942	97.999	395.589
12.083	246.942	99.138	392.358
12.093	97.999	246.813	392.811
12.103	97.999	246.942	394.448
12.113	99.138	246.756	396.459
12.123	99.138	400.186	247.084
12.133	97.999	401.158
12.143	100.289	397.697
12.153	100.289	397.927
12.163	100.266	398.180
12.173	100.289	398.433
12.183	99.138	197.692
12.193	99.367	198.275
12.203	99.138	197.658
12.213	99.138	197.635
12.223	99.138	197.293
12.233	99.138
12.243	99.138
12.253	97.999
12.263	98.920
12.273	98.869
12.283	98.840
12.293
12.303
12.313
12.323
12.333
12.343
12.353
12.363
12.373
12.383
12.393
12.403
12.413
12.423
12.433
12.443
12.453
12.463
12.473
12.483
12.493
12.503
12.513
12.523
12.533
12.543
12.553
12.563
12.573
12.583
12.593
12.603
12.613
12.623
12.633
12.643
12.653
12.663
12.673
12.683
12.693
12.703
12.713
12.723
12.733
12.743
12.753
12.763
12.773
12.783
12.793
12.803
12.813
12.823
12.833	259.279
12.843	259.563
12.853	397.697
12.863	397.743
12.873	397.582	258.621
12.883	397.307	258.621
12.893	397.353	258.621
12.903	397.812	168.666
12.913	398.157	168.666	261.626
12.923	398.157	168.666	261.626
12.933	398.387	167.675	263.491
12.943	166.729	398.433	260.660
12.953	166.729	398.180	260.630
12.963	167.288	397.766	260.630
12.973	166.729	397.812	261.626
12.983	166.729	397.445	259.518
12.993	166.671	397.261	261.626
13.003	166.729	397.054	258.621
13.013	166.286	397.261	258.621
13.023	165.989	397.513	258.621
13.033	166.334	397.192	261.626
13.043	166.123	397.261	261.610
13.053	165.960	261.626	397.605
13.063	165.826	261.626	397.261
13.073	166.171	262.382	396.963
13.083	165.673	261.626	397.123
13.093	165.482	261.626	396.963
13.103	166.286	261.626	396.756
13.113	165.482	261.626	396.825
13.123	165.338	261.626	396.986
13.133	164.814	261.626	397.123
13.143	164.957	261.626	397.032
13.153	165.281	261.626	397.009
13.163	165.290	258.621	397.123
13.173	164.814	258.621	397.009
13.183	165.472	258.621	396.688
13.193	165.472	263.780	396.848
13.203	165.338	262.928	396.779
13.213	165.855	261.173	396.596	532.859
13.223	165.415	261.626	396.871	521.742
13.233	165.797	261.626	396.917	1046.200
13.243	166.046	261.626	396.619	1050.075
13.253	165.424	261.626	397.032	1050.924
13.263	165.682	262.170	396.550	512.868
13.273	165.788	261.626	396.894	519.967
13.283	166.729	261.626	396.665	520.207
13.293	166.046	261.626	397.192	520.418
13.303	165.510	397.467	262.701	520.508
13.313	165.214	396.963	261.626	520.598
13.323	166.229	396.894	264.666	517.241
13.333	165.329	397.238	264.666	523.251
13.343	165.386	397.536	266.076	523.251
13.353	165.931	397.077	266.183	523.251
13.363	165.252	396.917	267.741	523.251
13.373	165.855	397.513	267.741	521.140
13.383	166.229	397.169	267.741	520.869
13.393	166.306	396.894	266.476	520.538
13.403	166.277	397.307	520.147	266.737
13.413	166.729	397.950	517.241	1041.617
13.423	166.729	397.720	296.991	493.228
13.433	166.729	397.835	493.370	297.026
13.443	166.729	398.686	488.211	297.077
13.453	166.729	493.285	297.077	391.995
13.463	493.627	297.077	166.729	396.665
13.473	495.541	297.077	166.671	396.573
13.483	499.622	297.077	148.641	166.690
13.493	491.720	293.665	148.538	351.332
13.503	495.741	300.095	148.538	351.962
13.513	493.883	298.470	148.659	352.430
13.523	493.883	149.089	297.489	353.592
13.533	493.883	148.547	352.410
13.543	493.883	148.538	352.450
13.553	493.883	148.538	352.756
13.563	495.112	148.538	353.245
13.573	496.056	149.037	353.102
13.583	496.085	148.538	353.286
13.593	497.778	148.916	353.327
13.603	497.663	148.538	353.286
13.613	148.693	353.592	499.622
13.623	148.538	353.756	499.103
13.633	148.538	353.388	499.622
13.643	148.538	353.327	499.189
13.653	148.538	353.286	498.267
13.663	148.538	353.286	497.462
13.673	148.538	353.572	495.483
13.683	148.538	353.286	495.054
13.693	148.538	353.286	492.943
13.703	148.538	353.694	492.744
13.713	148.538	353.286	491.266
13.723	148.538	353.490	490.869
13.733	148.538	353.286	491.124
13.743	148.538	353.286	492.601
13.753	148.538	353.286	493.883
13.763	148.538	353.245	495.770
13.773	148.538	353.286	496.974
13.783	148.538	353.429	498.296
13.793	148.538	353.368	498.613
13.803	148.538	353.286	498.411
13.813	148.538	353.286	497.893
13.823	148.538	353.286	497.175
13.833	148.538	353.286	496.716
13.843	148.538	352.939	495.741
13.853	148.538	353.143	495.455
13.863	148.538	353.715	494.854
13.873	148.538	353.286	494.454
13.883	148.538	353.225	494.197
13.893	148.538	353.286	494.254	293.665
13.903	148.538	353.286	494.911	296.957
13.913	148.538	352.471	494.997	297.300
13.923	148.538	353.286	495.798	297.713
13.933	148.538	353.184	495.283	300.529
13.943	146.773	353.286	496.085	297.799
13.953	150.264	353.470	495.827	298.781
13.963	150.264	353.286	496.285	299.109
13.973	150.264	352.349	495.169	440.738
13.983	150.264	353.286	493.883	299.749
13.993	150.264	353.286	495.312	300.078
14.003	150.264	353.286	518.348	495.283
14.013	148.607	354.738	518.467	300.529
14.023	148.538	517.241	353.490	332.957
14.033	148.538	517.241	332.880	353.511
14.043	519.127	148.538	335.351
14.053	519.337	335.622	150.264
14.063	519.277	330.638	149.270
14.073	518.707	330.409	149.218
14.083	518.977	331.786	132.333
14.093	519.847	331.939	132.333
14.103	520.628	331.901	132.333
14.113	520.809	332.342	132.333
14.123	520.809	332.496	132.333
14.133	332.630	521.260	132.333
14.143	332.669	521.531	132.333
14.153	332.534	520.989	132.333
14.163	332.093	520.298	132.333
14.173	331.805	519.907	132.333
14.183	331.441	519.547	132.333
14.193	132.333	330.944	519.397
14.203	132.333	330.696	518.857
14.213	132.333	330.963	519.007
14.223	132.333	331.173	519.547
14.233	132.333	331.403	519.997
14.243	130.232	331.652	520.207
14.253	132.333	331.518	520.358
14.263	129.759	331.671	520.628
14.273	129.819	331.556	520.779
14.283	132.333	331.116	520.839
14.293	132.333	331.346	520.749
14.303	129.707	331.384	520.718
14.313	132.333	331.250	520.839
14.323	132.333	331.863	520.869
14.333	130.813	331.690	520.899
14.343	130.813	331.441	521.080
14.353	130.813	331.729	521.350
14.363	132.333	331.480	521.471
14.373	130.082	331.154	521.290
14.383	130.217	331.288	521.350
14.393	130.813	331.020	521.863
14.403	132.096	331.365	521.863
14.413	132.333	331.193	521.441
14.423	132.333	330.638	521.260
14.433	132.333	331.020	521.411
14.443	130.639	330.982	521.260	395.544
14.453	130.586	330.887	520.899	396.047
14.463	130.315	331.346	521.531	396.550
14.473	130.813	331.193	396.184	521.471
14.483	130.436	331.269	396.024	521.652
14.493	130.813	331.748	395.841	521.833
14.503	130.225	331.709	396.047	522.617
14.513	130.556	332.131	396.275	521.742
14.523	130.813	332.381	396.711
14.533	130.813	332.246	396.550
14.543	130.707	332.746	396.550
14.553	130.813	333.265	396.550
14.563	130.044	333.458	396.550
14.573	132.333	333.458
14.583	130.813	333.458
14.593	130.813	324.283
14.603	130.934	331.365
14.613	397.766	130.949
14.623	397.215
14.633	396.596
14.643	395.955
14.653	395.361
14.663	394.836	197.133
14.673	398.986	197.258
14.683	197.361	249.062
14.693	193.746	246.942
14.703	198.275	249.234
14.713	198.275	248.329	387.493
14.723	198.275	249.811	580.583
14.733	198.275	249.811	580.583
14.743	198.275	249.811	580.919
14.753	198.275	251.374	580.583
14.763	198.275	250.794	580.583
14.773	198.275	250.476	580.583
14.783	198.184	250.158	580.583
14.793	197.749	250.447	580.583
14.803	198.229	250.186	582.195
14.813	197.863	250.273	580.583
14.823	197.920	250.085	582.835
14.833	197.738	250.028	587.330
14.843	197.338	249.811	587.330
14.853	197.749	249.724	582.565
14.863	197.065	249.811	587.228
14.873	197.886	249.811	580.583
14.883	193.746	249.811	580.952
14.893	197.898	249.811	580.583
14.903	196.655	249.811	580.583
14.913	197.749	249.148	579.210
14.923	198.275	249.652	573.915
14.933	197.429	248.961	573.915
14.943	198.275	249.450	573.915
14.953	198.275	248.774	580.583
14.963	198.275	249.292	580.583
14.973	198.275	248.645	387.493
14.983	198.275	249.076	394.631
14.993	195.998	248.688	395.841
15.003	195.998	248.501	395.544
15.013	196.678	248.860	396.550
15.023	197.008	248.501	396.550
15.033	196.236	249.191	395.270
15.043	195.998	248.530	396.550
15.053	249.292	195.975	396.550
15.063	248.415	195.998	396.550
15.073	249.177	198.275	395.818
15.083	248.401	198.275	395.726
15.093	249.119	198.275	395.635
15.103	248.128	196.508	395.361
15.113	248.932	198.275	395.544
15.123	248.214	198.275	391.995	1152.813
15.133	248.860	198.275	395.704	1158.220
15.143	248.544	196.894	395.841	1161.637
15.153	248.947	195.670	396.550	1163.315
15.163	248.875	195.896	396.550	584.791
15.173	248.904	195.998	396.550	585.467
15.183	248.961	195.998	396.550	589.164
15.193	249.091	195.998	396.550	589.028
15.203	249.191	195.998	396.550	586.719
15.213	249.076	195.998	396.825	587.092
15.223	249.234	195.998	395.886	1171.339
15.233	248.918	196.066	396.550	1169.311
15.243	195.568	249.378	396.550	1167.017
15.253	195.998	248.702	396.550	1164.996
15.263	193.746	249.436	396.550	1163.181
15.273	195.998	248.587	395.201
15.283	198.275	249.609	391.995
15.293	198.275	248.473	395.749
15.303	198.275	249.350	395.818
15.313	198.275	248.401	395.932
15.323	193.746	249.162	396.550
15.333	198.275	248.631	396.161
15.343	195.998	248.789	396.550
15.353	195.998	248.544	396.550
15.363	197.019	248.573	396.550
15.373	196.974	248.573	396.550
15.383	196.917	248.975	396.550
15.393	196.735	248.846	396.550
15.403	196.974	248.817	396.756
15.413	196.633	249.076	396.917
15.423	195.998	248.343	396.550
15.433	195.998	249.047	396.550
15.443	198.275	247.914	387.493
15.453	193.746	248.774	396.550
15.463	198.275	247.999	395.544
15.473	196.326	248.645	396.550
15.483	195.998	248.200	396.550
15.493	193.746	248.846	396.550
15.503	193.746	247.842	395.795
15.513	198.275	248.659	395.726
15.523	195.998	247.742	395.795
15.533	195.998	248.387	395.886
15.543	195.998	247.742	396.047
15.553	195.998	248.272	396.001
15.563	195.998	247.699	396.550
15.573	195.998	248.128	395.932
15.583	195.998	247.756	394.631
15.593	195.624	247.956	395.338
15.603	195.738	247.699	396.550
15.613	198.275	247.799	396.115
15.623	198.275	247.742	396.184
15.633	193.746	247.799	581.691
15.643	198.275	248.214	580.583
15.653	197.418	247.928	581.322
15.663	198.275	248.789	580.583
15.673	197.509	248.315	580.583
15.683	196.644	249.249	581.087
15.693	198.275	248.817	396.253
15.703	195.998	249.350	396.550
15.713	198.275	249.811	396.069
15.723	195.399	249.652	396.550
15.733	195.998	396.550	249.811
15.743	195.998	394.426	249.450
15.753	195.998	396.550	249.811
15.763	195.998	396.550
15.773	194.790	394.722
15.783	194.453	393.470
15.793	196.315	395.224
15.803	196.247
15.813	196.145
15.823	196.077
15.833	196.032
15.843	196.009
15.853	196.032
15.863	196.054
15.873	196.077	246.657
15.883	193.746	245.505
15.893	195.998	245.222
15.903	195.998	245.293
15.913	195.998	246.942	394.836
15.923	198.275	246.942	395.338
15.933	197.042	249.134	396.459
15.943	197.852	249.811	395.635
15.953	195.998	249.811	396.825
15.963	195.998	249.811	396.940
15.973	195.998	249.782	396.550
15.983	198.275	249.234	395.315
15.993	196.179	249.177	396.550
16.003	193.746	249.105	395.155
16.013	193.746	248.817	394.813
16.023	196.496	394.517	248.889
16.033	193.746	394.585	248.329
16.043	196.565	387.493	248.559
16.053	195.851	394.882	248.358
16.063	195.998	248.587	394.699
16.073	195.998	248.573	395.178
16.083	196.712	248.645	394.927
16.093	196.077	248.516	395.452
16.103	196.519	248.487	395.224
16.113	195.998	248.186	395.612
16.123	196.485	248.257	395.681
16.133	196.100	248.042	395.749
16.143	195.998	248.128	396.001
16.153	196.202	248.071	395.978
16.163	196.883	248.042	396.550
16.173	195.998	248.214	396.550
16.183	195.998	248.143	396.550
16.193	195.998	248.200	396.550
16.203	195.998	248.085	397.651
16.213	195.805	248.286	396.550
16.223	195.851	247.885	396.550
16.233	198.275	248.358	396.207
16.243	198.275	247.627	396.069
16.253	198.275	248.028	395.955	585.061
16.263	195.998	247.570	395.384	585.670
16.273	195.998	247.871	395.018	586.685
16.283	195.998	247.656	395.704	585.534
16.293	195.998	248.057	395.384	585.636
16.303	195.998	247.627	395.681
16.313	195.998	248.157	395.178
16.323	197.053	247.828	393.925
16.333	197.578	248.200	393.561
16.343	197.783	247.999	393.175
16.353	195.998	248.286	396.550
16.363	198.275	248.143	387.493
16.373	198.275	249.811	387.493
16.383	198.275	249.811	391.362
16.393	200.579	249.811	391.226
16.403	200.579	252.714	391.995
16.413	198.849	249.825
16.423	198.998	249.999
16.433	261.007	656.064
16.443	656.026	261.384
16.453	656.026	261.701
16.463	651.683	261.626	393.652
16.473	654.474	267.741	391.995
16.483	657.392	261.626	394.631
16.493	657.050	262.140	394.403
16.503	658.418	393.493	262.125
16.513	655.420	394.175	261.626
16.523	658.380	395.041	261.626
16.533	657.316	395.452	261.626
16.543	655.458	396.001	261.626
16.553	658.722	395.886	261.626
16.563	659.255	395.429	261.626
16.573	659.255	395.247	261.626
16.583	659.636	395.133	261.626
16.593	394.699	659.255	261.626
16.603	394.448	657.658	261.626
16.613	394.426	659.255	261.626
16.623	394.198	658.304	261.626
16.633	393.857	658.722	261.626
16.643	394.221	656.974	261.626
16.653	657.620	394.676	261.626
16.663	658.951	394.084	261.792
16.673	656.709	393.811	263.111
16.683	656.595	394.608	261.626
16.693	659.255	394.745	261.626
16.703	659.255	394.221	261.626	493.883
16.713	658.798	394.175	261.746	495.455
16.723	657.848	394.608	261.716	495.569
16.733	657.772	395.133	261.626	495.684
16.743	658.951	394.882	261.626	495.770
16.753	657.848	261.626	395.270	495.856
16.763	657.202	261.626	395.064	498.354
16.773	658.836	261.626	395.201	495.827
16.783	657.468	395.247	261.626	494.483
16.793	656.747	395.521	261.626	496.744
16.803	659.141	395.384	261.626	493.883
16.813	395.498	657.468	261.626	495.884
16.823	395.521	657.240	261.626	495.541
16.833	395.452	261.641	658.304	497.290
16.843	395.544	261.626	495.884	657.658
16.853	395.521	261.716	494.626	656.595
16.863	395.521	261.792	497.117
16.873	395.452	261.626	496.486
16.883	395.864	261.626	495.798
16.893	395.704	261.626	495.712
16.903	396.115	261.626	495.684
16.913	396.115	262.640	587.262
16.923	262.655	396.253	587.330
16.933	263.050	396.024	587.330
16.943	264.666	587.330	396.550
16.953	587.330	262.579	399.631
16.963	587.330	264.666	396.963
16.973	586.923	264.666	397.054
16.983	586.787	263.582	397.146
16.993	586.651	263.537	1169.784
17.003	586.753	264.666	1169.108
17.013	587.228	263.384	1172.151
17.023	587.330	263.278	1169.311
17.033	586.584	263.172	374.748	1170.460
17.043	584.622	261.626	375.008	1167.152
17.053	583.778	261.626	374.813	1166.545
17.063	584.115	261.626	374.294	443.752
17.073	374.661	264.009	582.128	443.521
17.083	374.921	263.293	581.053	443.291
17.093	375.224	264.650	579.947	443.368
17.103	375.159	264.666	577.540	443.291
17.113	374.921	579.612	263.217	443.060
17.123	375.528	578.709	263.369	443.137
17.133	375.116	576.440	264.666	442.958
17.143	375.138	575.309	262.944	442.984
17.153	375.658	261.626	572.194	87.590
17.163	375.485	262.579	573.915	87.307
17.173	375.203	261.626	573.915	87.600
17.183	375.832	261.671	573.915	87.600
17.193	375.528	261.626	574.711	87.595
17.203	375.419	261.943	87.307
17.213	375.701	263.415	87.307
17.223	375.550	261.626	88.644
17.233	375.051	261.626	87.570
17.243	375.636	261.626	87.544
17.253	375.159	261.173	87.514
17.263	375.289	261.007	87.307
17.273	375.268	261.626	87.453
17.283	375.419	261.626	521.953
17.293	374.813	261.595	520.869
17.303	375.203	263.004	520.267
17.313	375.094	261.505	520.779
17.323	375.051	261.626	220.000
17.333	375.441	261.626	220.000
17.343	375.224	260.014	220.000
17.353	374.899	261.203	220.292
17.363	375.354	261.248	221.032
17.373	375.181	261.626	219.797
17.383	375.073	261.626	220.000
17.393	375.723	261.384	220.369
17.403	375.398	261.369	222.389
17.413	375.289	261.505	220.445
17.423	375.810	261.626	219.201	523.553
17.433	375.636	258.621	523.251	220.000
17.443	375.550	261.626	523.886	87.393
17.453	375.940	262.337	87.307	523.251
17.463	375.593	261.626	87.458	524.068
17.473	375.224	268.857	87.307	525.310
17.483	258.621	375.853	87.307	526.465
17.493	264.666	375.528	87.307	443.265
17.503	262.428	375.853	88.322	443.393
17.513	263.384	375.745	442.984
17.523	264.666	376.071	443.624
17.533	264.666	376.571	444.701
17.543	267.741	374.294	444.008
17.553	264.666	378.643	442.498
17.563	264.666	376.266	445.318
17.573	264.742	196.633	444.008
17.583	196.758	588.994	264.941
17.593	195.998	594.566	265.033
17.603	195.998	587.330	247.499
17.613	195.998	587.330	247.656
17.623	195.998	588.042	247.770
17.633	198.275	587.330	246.942
17.643	198.275	587.330	246.942
17.653	198.275	247.699	587.330
17.663	198.275	247.099	587.330
17.673	198.275	248.329	587.330
17.683	198.275	249.062	585.839
17.693	197.247	249.811	387.493
17.703	198.275	249.638	387.493
17.713	196.780	248.961	392.494
17.723	196.213	248.702	394.562
17.733	196.270	248.229	394.335
17.743	195.998	248.544	394.130
17.753	195.998	248.214	394.266
17.763	196.304	248.645	394.152
17.773	195.998	248.315	395.018
17.783	196.043	248.573	395.247
17.793	198.275	248.286	394.904
17.803	198.275	248.501	395.133
17.813	198.275	248.186	395.133
17.823	195.613	248.171	395.133
17.833	195.998	248.143	396.550
17.843	195.998	248.200	395.566
17.853	195.286	248.372	395.749
17.863	196.258	248.501	395.361
17.873	193.746	248.846	395.475
17.883	193.746	248.803	395.315
17.893	193.746	248.860	395.292
17.903	196.746	248.674	387.493
17.913	198.275	248.516	395.201
17.923	195.998	248.315	395.498
17.933	195.998	248.559	396.550
17.943	196.724	247.914	396.550
17.953	196.508	248.860	395.224
17.963	196.667	248.028	395.384
17.973	196.724	249.263	395.544
17.983	196.519	248.487	395.155
17.993	196.712	249.119	395.932
18.003	196.326	248.645	396.138
18.013	195.998	248.918	396.550
18.023	195.817	248.645	396.550
18.033	195.998	248.702	396.550
18.043	193.746	248.688	396.550
18.053	198.275	248.415	396.275
18.063	198.275	248.587	396.253
18.073	195.500	248.057	395.864
18.083	198.275	248.745	396.207
18.093	195.094	248.157	396.161
18.103	194.745	249.033	396.115
18.113	195.083	248.387	585.230
18.123	195.998	249.062	586.076
18.133	195.998	248.717	586.821
18.143	195.998	248.961	587.499
18.153	195.998	248.789	592.406
18.163	196.202	248.947	592.440
18.173	196.032	248.587	590.800
18.183	196.462	248.516	587.330
18.193	195.998	248.458	588.484
18.203	196.508	248.343	395.521
18.213	193.746	248.458	395.452
18.223	193.746	248.358	395.292
18.233	195.952	248.487	395.498
18.243	195.998	248.286	394.927
18.253	198.275	248.731	395.589
18.263	193.746	248.272	395.658
18.273	193.746	248.717	1168.703
18.283	195.986	247.842	1166.612	395.886
18.293	194.970	248.372	1172.896	396.069
18.303	195.500	247.427	1174.863	396.550
18.313	195.998	248.071	1176.832	398.364
18.323	198.275	247.141	1185.771	396.504
18.333	198.275	247.785	1185.703	396.504
18.343	198.275	247.413	1183.308	396.390
18.353	195.998	247.999	396.275	1183.581
18.363	195.998	248.028	396.184
18.373	195.998	248.128	396.550
18.383	195.534	247.785	396.230
18.393	193.746	248.214	396.550
18.403	193.746	247.356	396.024
18.413	193.746	247.828	395.681
18.423	193.746	246.942	395.886
18.433	193.746	247.413	391.995
18.443	193.746	247.299	395.201
18.453	195.998	247.141	395.224
18.463	195.873	247.027	1176.560
18.473	196.304	246.942	1177.920
18.483	195.998	246.942	1179.010
18.493	195.998	246.942	1180.100
18.503	195.162	246.942	1182.078
18.513	195.998	246.913	1181.123
18.523	194.925	246.942	1182.829
18.533	195.998	246.828	1183.445
18.543	195.998	246.386	1182.966
18.553	195.998	246.429	587.126
18.563	194.936	246.842	587.330
18.573	195.896	246.343	586.211
18.583	193.746	246.671	585.805
18.593	193.746	246.927	585.433
18.603	193.746	246.942	580.583
18.613	193.746	249.407	590.152	396.550
18.623	198.275	249.047	580.583	396.711
18.633	197.772	585.602	252.714	396.802
18.643	197.692	587.330	249.970	396.894
18.653	197.932	587.330	252.816	397.032
18.663	195.998	580.483	396.161	252.714
18.673	198.023	587.330	397.330
18.683	197.978	587.330	397.513
18.693	197.361	589.573	397.513
18.703	195.998	589.369	397.720
18.713	195.998	586.177
18.723	195.998	586.042
18.733	198.596	580.583
18.743	197.019
18.753	196.997
18.763	197.008
18.773	196.962
18.783
18.793
18.803
18.813
18.823
18.833
18.843
18.853
18.863
18.873
18.883
18.893
18.903
18.913
18.923
18.933
18.943
18.953
18.963
18.973
18.983
18.993
19.003
19.013
19.023
19.033
19.043
19.053
19.063
19.073
19.083
19.093
19.103
19.113
19.123
19.133
19.143
19.153
19.163
19.173
19.183
19.193
19.203
19.213
19.223
19.233
19.243
19.253
19.263	169.222
19.273	169.183
19.283	169.144
19.293	169.095
19.303	169.408	394.722
19.313	169.496	394.448
19.323	168.666	393.061
19.333	169.330	395.635
19.343	169.320	396.550	260.871
19.353	168.520	396.550	258.621
19.363	168.666	395.475	260.841
19.373	168.637	391.995	261.626
19.383	167.966	391.995	261.626
19.393	168.296	391.995	261.626
19.403	168.345	387.493	261.626
19.413	167.801	387.493	262.291
19.423	167.588	387.493	261.535
19.433	168.092	391.995	261.580
19.443	167.908	396.756	261.626
19.453	167.375	396.550	261.626
19.463	167.569	395.772	261.626
19.473	167.898	395.475	261.626
19.483	167.028	391.995	261.626
19.493	167.424	391.995	261.626
19.503	167.540	391.995	261.641
19.513	166.922	391.995	1044.992
19.523	167.240	391.995	1045.656
19.533	167.530	395.018	1045.838
19.543	167.008	394.790	1045.294
19.553	167.530	394.813	1046.563
19.563	167.192	394.813	1046.865
19.573	167.279	394.745	1045.173
19.583	167.637	394.699	1047.409
19.593	167.143	394.950	1047.349
19.603	167.008	395.201	1049.044
19.613	167.095	395.064	1048.984
19.623	166.729	395.064	1049.711
19.633	167.066	395.247	1048.560
19.643	166.767	394.973	1048.499
19.653	167.201	394.882	1048.681
19.663	167.182	395.018	1047.107
19.673	166.902	394.973	1048.984
19.683	166.729	395.110	1049.105
19.693	166.835	395.452	1049.226
19.703	166.758	395.772	1049.226
19.713	166.729	396.024	1049.468
19.723	166.661	396.184	1051.471
19.733	166.729	396.550	1049.650
19.743	167.047	396.596	1049.287
19.753	396.550	166.941	1049.408
19.763	396.550	167.134	1049.893
19.773	396.550	167.018	1047.954
19.783	396.550	167.472	1049.893
19.793	396.894	168.083	1049.529
19.803	396.550	167.889	1050.682
19.813	396.550	166.729	1053.903
19.823	396.550	168.666
19.833	396.550	167.511
19.843	396.550	167.646
19.853	396.550	167.675
19.863	396.573	167.714
19.873	396.573	263.582
19.883	396.573	877.006
19.893	187.916	865.032
19.903	187.927	290.292
19.913	188.895	295.434
19.923	187.677	295.742
19.933	297.077	187.536	887.555
19.943	297.077	187.385	527.469
19.953	296.289	187.634	523.251
19.963	187.147	295.947	529.331
19.973	187.147	297.077	527.804	790.311
19.983	187.147	297.043	525.978	790.356
19.993	187.147	296.118	529.331	790.265
20.003	187.147	296.888	529.331	791.179
20.013	187.147	296.665	529.331	791.590
20.023	182.872	297.077	529.331	790.037
20.033	187.147	296.511	533.382	444.753
20.043	184.997	296.665	523.523	445.524
20.053	187.309	295.861	445.344	523.251
20.063	187.147	297.077	445.113	526.221
20.073	187.147	445.113	296.237	523.251
20.083	187.147	445.061	295.400	525.432
20.093	187.580	444.958	296.477	524.613
20.103	187.461	445.113	295.861	524.643
20.113	187.147	444.291	295.554	524.401
20.123	187.147	444.162	296.100	523.372
20.133	187.147	443.521	296.409	524.674
20.143	187.147	443.649	295.247	524.280
20.153	187.147	442.677	296.323	523.251
20.163	185.500	443.188	295.947	524.128
20.173	187.147	442.293	295.485	524.522
20.183	187.147	442.319	296.066	523.251
20.193	186.715	442.063	295.759	528.476
20.203	188.688	442.038	295.144	524.613
20.213	186.295	441.171	296.118	523.251
20.223	185.940	439.873	787.895	527.104
20.233	184.997	438.225	786.985	295.127
20.243	185.072	435.826	787.941	523.251
20.253	187.147	788.259	434.946	295.793
20.263	187.147	786.758	295.844	429.107
20.273	187.385	787.622	296.066	523.251
20.283	187.147	296.186	786.531	523.765
20.293	187.147	295.520	788.396	523.644
20.303	187.147	296.152	787.850	523.251
20.313	185.757	296.032	787.941	523.644
20.323	185.951	295.707	788.715	523.795
20.333	187.147	296.306	788.350	523.251
20.343	184.997	296.306	788.669	524.461
20.353	185.350	296.169	489.877	524.825
20.363	185.779	296.357	488.211	524.886
20.373	186.715	296.220	491.464	788.988
20.383	186.532	295.724	492.886	788.715
20.393	187.147	488.211	296.494	790.493
20.403	187.147	489.736	296.648	790.767
20.413	186.866	489.283	296.409	791.087
20.423	488.211	186.974	296.460
20.433	489.877	187.147	296.494
20.443	488.211	296.546	186.888
20.453	489.425	297.026	186.952
20.463	490.727	296.631	245.974
20.473	490.302	296.648	246.286
20.483	491.578	297.077	246.600
20.493	295.690	493.627	246.856
20.503	296.580	492.004	246.942
20.513	296.923	246.942	492.317
20.523	296.254	247.227	492.573
20.533	297.077	247.141	496.371
20.543	297.077	247.156	495.827	419.233
20.553	296.665	247.627	492.459	209.605
20.563	296.546	246.942	492.146	210.065
20.573	296.700	249.134	208.566	493.826
20.583	296.528	247.270	209.375	488.211
20.593	296.237	246.942	210.065	488.211
20.603	296.118	244.613	209.157	491.322
20.613	295.827	247.156	209.774	491.493
20.623	295.878	246.942	207.652	488.211
20.633	295.861	244.458	208.674	491.976
20.643	295.895	246.942	210.065	492.032
20.653	295.895	246.771	208.891	492.857
20.663	295.878	246.942	208.169	493.342
20.673	295.895	246.942	206.206	494.540
20.683	295.776	246.742	207.964	495.483
20.693	295.571	246.942	207.209	496.171
20.703	295.468	247.270	207.652	496.687
20.713	295.417	247.241	207.652	494.169
20.723	295.588	246.942	207.652	493.997
20.733	295.673	246.942	207.916	493.712
20.743	295.690	246.942	207.652	493.456
20.753	295.588	248.114	208.686	492.345
20.763	295.759	244.105	210.065	491.578
20.773	295.554	244.105	207.233	491.322
20.783	244.105	295.673	208.025	493.883
20.793	295.485	244.105	207.508	492.971
20.803	295.776	247.842	208.470	492.260
20.813	295.776	246.671	207.652	492.914
20.823	295.981	246.942	207.652	493.342
20.833	295.776	245.321	207.868	493.883
20.843	295.690	207.652	246.942	494.768
20.853	295.520	208.397	246.942	494.826
20.863	295.571	207.652	247.399	493.912
20.873	295.451	207.652	246.942	493.969
20.883	295.468	207.652	247.413	493.997
20.893	295.502	207.652	493.883	247.742
20.903	295.315	207.652	493.883	83.364
20.913	207.652	295.588	493.883	83.364
20.923	207.652	295.076	83.196	493.883
20.933	207.652	295.656	83.364	249.249
20.943	207.652	293.665	255.650	83.239
20.953	207.652	295.827	255.650	249.926
20.963	207.652	295.485	255.650	1027.752
20.973	207.652	296.374	255.916	1027.811
20.983	207.652	255.650	295.793	1028.762
20.993	207.652	255.650	297.506	1027.574
21.003	207.652	255.650	1027.336	513.787
21.013	255.650	208.049	1027.158	514.143
21.023	255.650	212.506	514.440	1027.336
21.033	258.068	513.935	210.758	1027.871
21.043	258.621	514.559	209.193
21.053	258.621	514.529	209.338
21.063	515.720	260.299	327.332
21.073	515.690	264.666	327.464
21.083	515.332	258.621	325.898
21.093	515.690	264.666	327.388
21.103	515.630	262.959	327.105
21.113	515.928	264.666	326.935
21.123	515.898	328.165	265.262
21.133	515.839	329.266	264.543
21.143	516.137	329.152	264.666
21.153	329.190	515.958	264.666
21.163	329.019	515.481	265.033	442.523
21.173	328.867	262.610	514.589	442.396
21.183	328.620	264.009	513.609	442.319
21.193	328.411	258.621	515.809	442.447
21.203	328.886	264.329	515.690	442.702
21.213	329.266	258.621	519.397
21.223	329.342	258.621	441.834
21.233	329.513	258.621	441.604
21.243	329.685	258.621	441.477
21.253	329.894	258.621	441.298
21.263	330.295	264.666	441.375
21.273	330.944	262.231	441.273
21.283	331.595	265.462	441.145
21.293	332.246	263.065	441.043
21.303	332.823	263.567	440.102
21.313	333.458	264.818	440.534
21.323	264.666	333.458	440.916
21.333	264.620	333.458	440.000
21.343	264.880	329.628	441.375
21.353	264.742	441.553	587.262
21.363	265.002	587.330	442.779	332.266
21.373	264.757	587.330	441.910	220.000
21.383	264.666	587.330	442.881	220.000
21.393	587.330	264.666	442.063	358.694
21.403	587.330	264.666	442.984	359.088
21.413	587.330	265.262	358.466	442.038
21.423	587.296	358.715	264.834	442.523
21.433	587.330	358.798	441.630	264.757
21.443	587.330	358.818	441.375	662.806
21.453	587.330	358.508	441.859	662.615
21.463	587.330	356.813	440.941	662.041
21.473	587.092	357.391	440.000	264.742
21.483	587.330	357.391	440.000	264.727
21.493	587.296	355.456	440.738	264.696
21.503	587.330	353.286	439.568	264.666
21.513	587.703	353.286	439.873	264.666
21.523	353.286	588.042	440.458	264.666
21.533	352.980	587.805	441.579	264.666
21.543	353.062	588.858	441.451	264.666
21.553	353.388	587.330	441.961	264.818
21.563	353.919	590.254	442.728	651.683
21.573	354.554	442.881	587.771	651.683
21.583	355.723	444.188	651.683	586.685
21.593	659.255	444.445	357.391	264.987
21.603	659.255	444.445	357.391	265.170
21.613	659.255	265.600	445.035	357.391
21.623	666.915	264.666	443.931	355.990
21.633	666.915	265.523	443.983	397.812
21.643	666.915	264.666	401.158	443.496
21.653	666.492	266.645	397.353	444.137
21.663	664.838	267.077	397.238	199.055
21.673	662.883	265.646	397.445	199.735
21.683	663.112	265.769	391.995	198.791
21.693	661.659	265.569	198.837	397.697
21.703	661.964	266.660	200.579	397.261
21.713	661.582	264.666	197.978	398.479
21.723	659.636	264.666	198.275	399.032
21.733	660.208	198.275	264.666	398.963
21.743	660.170	198.275	263.598	396.688
21.753	659.674	198.275	267.741	396.459
21.763	198.275	660.284	267.741	396.275
21.773	198.275	660.818	262.883	396.207
21.783	198.275	661.467	264.177	391.995
21.793	198.275	662.156	264.666	391.995
21.803	198.275	397.559	264.666	663.611
21.813	193.746	397.973	265.002	659.255
21.823	196.168	398.272	265.109	666.915
21.833	200.579	398.341	265.308	682.425
21.843	200.579	391.995	687.847	265.339
21.853	198.275	397.559	690.434	265.324
21.863	198.275	686.854	401.158	265.600
21.873	198.275	682.110	261.626	394.084
21.883	195.998	698.456	266.537	387.493
21.893	697.529	198.275	267.741	392.766
21.903	697.771	198.275	267.741	387.493
21.913	697.247	198.275	268.019	391.181
21.923	696.764	263.933	195.998	386.911
21.933	696.442	263.476	195.998	176.368
21.943	696.563	258.621	195.998	176.215
21.953	697.046	261.626	178.016	196.906
21.963	697.126	261.626	178.696	196.815
21.973	696.603	175.910	261.626	443.444
21.983	696.080	174.614	261.626	443.496
21.993	696.241	174.614	261.626	443.573
22.003	174.614	696.402	261.626	443.009
22.013	174.614	697.126	443.496	261.474
22.023	174.614	696.482	443.624	261.535
22.033	174.614	694.955	443.752	261.595
22.043	176.868	695.196	443.470	261.671
22.053	174.614	696.040	443.547	261.626
22.063	174.614	696.643	444.111	261.626
22.073	174.614	444.573	697.126	261.626
22.083	174.614	444.804	696.925	261.626
22.093	174.614	444.701	697.086	261.626
22.103	174.614	445.113	696.040	261.550
22.113	174.614	444.701	262.110	695.558
22.123	174.614	444.676	261.626	694.474
22.133	174.614	444.316	263.917	693.712
22.143	264.589	444.137	174.614	693.552
22.153	263.020	443.778	176.643	693.512
22.163	261.626	443.983	176.572	690.434
22.173	261.626	444.060	176.633	693.632
22.183	263.841	444.342	176.745	693.392
22.193	263.080	444.470	176.827
22.203	262.595	444.470	175.991
22.213	263.719	440.000	172.609
22.223	264.360	445.010	172.609
22.233	264.666	446.065	174.988
22.243	264.666	444.291	174.877
22.253	264.666	445.113	196.962
22.263	263.978	444.393	197.247
22.273	263.994	197.532	444.445
22.283	263.963	197.783	527.987
22.293	264.666	195.998	527.896
22.303	262.276	195.998	528.079
22.313	263.613	200.579	527.713
22.323	263.050	197.498	527.530
22.333	196.928	264.666	527.652
22.343	200.579	264.666	527.469	594.154
22.353	200.579	264.666	527.622	593.537
22.363	200.579	263.232	526.860	594.154
22.373	200.579	262.716	526.678	398.847
22.383	200.579	263.035	526.526	398.594
22.393	196.655	261.626	401.112	526.373
22.403	196.315	263.096	399.447	525.493
22.413	196.360	261.777	397.651	525.007
22.423	196.372	263.384	397.330	526.100
22.433	195.998	263.172	396.825	526.070
22.443	195.941	261.716	396.573	525.766
22.453	195.805	264.666	396.550	525.796
22.463	195.421	264.666	395.566	527.104
22.473	195.252	262.306	396.550	526.039
22.483	195.274	263.628	396.550	526.039
22.493	194.981	264.467	395.932	526.708
22.503	195.998	261.867	526.617	397.192
22.513	195.998	261.958	525.614	396.550
22.523	198.275	262.564	525.948	396.481
22.533	198.275	262.064	525.766	396.481
22.543	198.275	261.626	525.007	590.425
22.553	198.275	264.666	525.068	589.437
22.563	198.275	262.807	525.948	589.335
22.573	198.275	261.626	526.221	591.312
22.583	198.275	263.126	526.130	590.186
22.593	196.043	263.172	526.221	588.280
22.603	195.998	264.666	527.073	396.344
22.613	196.519	262.428	526.373	396.367
22.623	198.275	263.750	396.092	526.434
22.633	193.746	264.666	395.772	526.952
22.643	193.746	262.064	395.612	526.738
22.653	193.746	262.837	395.452	526.526
22.663	198.275	264.666	526.404	396.161
22.673	198.275	261.913	526.769	396.253
22.683	195.873	264.666	525.766	396.550
22.693	195.998	264.039	525.948	396.550
22.703	198.275	263.567	396.711
22.713	195.083	263.172	396.894
22.723	198.275	262.519	396.986	526.404
22.733	198.275	262.837	397.009	526.404
22.743	198.275	264.666	398.548	589.028
22.753	198.275	262.761	396.711	592.749
22.763	197.190	262.670	396.550	589.335
22.773	195.998	264.666	396.001	590.084
22.783	198.080	264.666	401.158	587.330
22.793	198.275	264.497	395.818	588.994
22.803	193.746	395.155	264.666	589.096
22.813	393.743	193.746	264.666	589.232
22.823	393.334	196.179	586.855	1169.581
22.833	393.720	195.998	586.787	1173.981
22.843	393.902	589.845	195.998	1175.134
22.853	394.676	588.212	196.202	1180.986
22.863	395.361	589.062	196.326	1177.104
22.873	396.047	594.154	196.485	1183.103
22.883	396.550	594.154	195.998	98.686
22.893	398.318	591.073	99.138	195.998
22.903	400.556	594.154	247.785	98.510
22.913	396.779	589.914	248.358	99.006
22.923	397.766	248.544	98.339	589.266
22.933	396.550	249.811	97.999	589.675
22.943	249.811	395.909	97.999	589.335
22.953	249.811	97.999	396.550	588.960
22.963	249.811	97.999	396.550	580.583
22.973	249.811	97.999	396.550	588.552
22.983	249.811	97.999	396.550	588.790
22.993	250.071	97.999	394.243	586.550
23.003	249.811	97.999	394.243	589.743
23.013	249.811	97.999	395.544	590.357
23.023	98.424	249.811	395.612	594.154
23.033	99.138	249.811	590.732	395.726
23.043	99.138	249.681	592.098	395.886
23.053	99.138	249.811	396.047	591.381
23.063	249.278	99.138	387.493	593.160
23.073	249.811	97.999	399.193	593.023
23.083	249.019	97.999	399.285	592.612
23.093	249.696	97.999	399.124	590.459
23.103	249.177	97.999	398.479	590.016
23.113	249.234	99.138	397.973	587.330
23.123	249.638	97.999	397.399	589.266
23.133	248.832	100.289	396.550	587.330
23.143	249.811	97.999	396.069	587.330
23.153	248.875	98.396	587.330	395.338
23.163	249.811	97.999	588.858	394.084
23.173	248.789	97.999	589.232	395.909
23.183	249.667	97.999	589.845	394.061
23.193	248.731	99.453	589.335	196.894
23.203	249.019	97.999	590.391	196.928
23.213	248.745	97.999	590.595	197.031
23.223	249.134	97.999	590.493	197.145
23.233	249.062	98.061	590.220	197.509
23.243	249.047	97.999	590.357	351.637
23.253	249.162	97.999	590.664	351.251
23.263	248.415	97.999	351.475	590.834
23.273	248.860	97.999	351.718	590.971
23.283	247.842	97.999	352.186	590.664
23.293	248.458	97.999	351.860	590.800
23.303	247.441	96.873	351.515	591.312
23.313	248.128	97.999	351.820	591.381
23.323	247.227	97.999	351.535	591.791
23.333	99.138	247.284	351.942	591.962
23.343	247.570	351.840	97.999	591.551
23.353	247.256	351.739	99.138	591.483
23.363	247.727	351.759	99.138	590.084
23.373	247.470	351.637	97.999
23.383	248.085	351.170	99.138
23.393	351.414	247.985	97.999
23.403	350.907	248.645	99.138
23.413	351.535	248.846	99.138
23.423	351.211	249.191	99.413
23.433	351.353	249.580	99.092
23.443	351.921	249.811	99.989
23.453	351.718	249.811	99.212
23.463	351.678	249.811	99.269
23.473	351.434	252.714
23.483	357.391	250.577
23.493	352.715	252.714
23.503	357.391	250.983
23.513	353.837	251.171
23.523	354.062
23.533	354.308
23.543	130.843
23.553	130.775
23.563	130.692	196.815
23.573	130.609	196.871
23.583	130.813	198.275
23.593	130.813	195.998
23.603	130.813	195.998
23.613	195.998	332.093	131.328
23.623	195.998	331.882	130.813
23.633	198.275	331.537	129.977
23.643	197.110	329.628	129.310
23.653	198.275	329.628	129.310
23.663	197.886	331.250	129.310
23.673	197.829	331.250	129.310
23.683	198.275	331.537	129.310
23.693	197.920	331.556	129.310
23.703	197.658	331.346	129.977
23.713	197.646	331.709	130.059
23.723	198.275	331.709	131.578
23.733	197.772	331.422	130.187
23.743	198.275	331.767	130.217
23.753	198.275	331.671	130.783
23.763	198.252	331.480	130.813
23.773	198.275	331.729	130.654
23.783	198.275	331.518	130.813
23.793	198.275	331.403	129.310
23.803	198.275	331.709	129.310
23.813	198.275	331.460	129.310
23.823	198.275	331.614	129.310
23.833	198.275	331.959	129.310
23.843	198.275	331.652	129.310
23.853	198.195	331.863	129.310
23.863	198.161	331.959	129.310
23.873	198.275	331.595	129.310
23.883	198.275	331.748	129.310
23.893	198.275	331.901	130.044
23.903	198.275	331.844	130.813
23.913	198.275	332.246	130.813
23.923	197.966	332.342	130.813
23.933	198.172	332.285	130.813
23.943	198.126	130.813	332.823
23.953	198.275	130.813	332.496
23.963	198.275	130.813	332.227	522.013
23.973	197.989	130.813	332.400	520.418
23.983	198.275	129.310	332.650	518.617
23.993	129.310	198.275	332.285	519.997
24.003	129.310	198.275	332.477	519.967
24.013	129.310	198.367	337.332	520.057
24.023	129.310	198.275	331.939	520.237
24.033	129.310	198.275	332.055	515.213
24.043	129.310	198.126	331.786	520.779
24.053	129.310	198.275	331.537	519.067
24.063	130.813	198.275	332.150	520.658
24.073	130.813	198.275	331.575	522.466
24.083	131.009	198.275	331.844	523.251
24.093	130.851	198.275	331.959	524.643
24.103	131.563	198.275	331.824	524.522
24.113	130.813	198.275	331.863	523.947
24.123	130.813	197.543	331.767	522.617
24.133	130.496	198.184	331.480	520.809
24.143	129.310	198.275	331.748	519.277
24.153	129.310	197.122	332.131	521.381
24.163	129.310	198.275	332.150	521.230
24.173	129.310	198.275	332.611	521.170
24.183	129.310	198.298	332.189	521.170
24.193	129.310	198.642	329.628	517.959
24.203	129.819	198.275	333.034	518.797
24.213	130.813	198.275	332.534	519.937
24.223	130.813	198.470	333.169	521.350
24.233	130.813	198.275	333.188	521.983
24.243	130.813	197.475	333.496	525.098
24.253	132.195	198.000	526.130	333.458
24.263	131.707	197.943	525.948	333.438
24.273	130.881	198.000	525.037	332.419
24.283	130.813	198.275	521.712	333.169
24.293	130.790	197.680	519.577	332.093
24.303	132.333	198.275	517.420	329.628
24.313	131.388	198.275	517.929	333.458
24.323	129.902	198.355	518.857	329.628
24.333	129.310	198.275	520.989
24.343	129.310	198.665	521.170
24.353	131.745	198.332	520.779
24.363	131.495	198.275	522.134
24.373	130.813	198.275	522.104
24.383	130.813	198.275	522.466
24.393	130.813	198.275	522.828
24.403	130.813	198.275	524.916
24.413	129.579	198.516	525.766
24.423	129.310	198.447	525.705
24.433	130.941	199.147	525.310
24.443	130.813	198.814	522.738
24.453	130.684	198.470	517.241
24.463	130.813	198.367	521.441
24.473	129.310	198.275	520.147
24.483	129.310	198.275	335.409
24.493	129.310	198.275	335.331
24.503	129.310	198.413	334.538
24.513	129.310	198.826	334.789
24.523	130.813	198.722	334.770
24.533	130.813	198.895	334.364
24.543	130.813	199.101	334.171
24.553	130.813	198.630
24.563	130.813	198.803
24.573	130.496	198.757
24.583	130.594	198.768
24.593	130.692
24.603	130.767
24.613	130.813
24.623	130.813
24.633	130.813
24.643	130.813
24.653	130.813
24.663	130.813
24.673	130.813
24.683	130.813
24.693	130.813
24.703	130.813
24.713	130.813
24.723	130.813
24.733	130.813
24.743
24.753
24.763
24.773
24.783
24.793
24.803
24.813
24.823
24.833
24.843
24.853
24.863
24.873
24.883
24.893
24.903
24.913
24.923
24.933
24.943
24.953
24.963
24.973
24.983
24.993
25.003
25.013
25.023
25.033
25.043
25.053
25.063
25.073
25.083
25.093
25.103
25.113
25.123
25.133
25.143
25.153
25.163
25.173
25.183
25.193
25.203
