0.023
0.033
0.043
0.053
0.063
0.073
0.083
0.093	116.332
0.103	116.440
0.113	116.548
0.123	115.202
0.133	116.541
0.143	116.541
0.153	116.541	291.670
0.163	116.541	293.580
0.173	117.895	293.665
0.183	117.460	295.588
0.193	117.895	297.008
0.203	118.243	297.077
0.213	116.541	297.060	391.995
0.223	116.541	296.631	392.607
0.233	296.083	116.541	392.630
0.243	297.077	116.811	392.653
0.253	297.077	116.541	393.129
0.263	297.077	116.838	393.515
0.273	294.106	117.895	391.995
0.283	295.878	117.895	392.970
0.293	293.665	117.895	391.995
0.303	293.665	393.675	117.895
0.313	293.665	394.016	117.494
0.323	293.665	394.312	786.213
0.333	293.665	394.517	787.440
0.343	293.665	394.882	786.713
0.353	297.077	395.429	786.940
0.363	297.077	395.361	787.167
0.373	297.764	396.550	111.516
0.383	297.919	396.069	111.561
0.393	298.487	395.521	111.278
0.403	298.315	395.818	112.571
0.413	392.789	298.091	111.278
0.423	392.449	297.077	111.278
0.433	111.832	391.995	297.077
0.443	111.884	392.063	297.077
0.453	111.381	293.665	391.995
0.463	111.278	296.854	391.995
0.473	111.852	296.785	392.721
0.483	111.278	296.751	392.630
0.493	111.278	296.734	523.251	392.585
0.503	111.278	525.128	297.334	392.585
0.513	111.278	524.765	297.077	392.653
0.523	111.278	524.522	392.698	296.854
0.533	111.278	526.738	392.743	296.905
0.543	111.278	527.012	393.152	296.871
0.553	111.278	525.766	393.675	297.060
0.563	111.278	527.256	393.606	296.974
0.573	111.278	523.251	391.995	297.077
0.583	111.233	524.189	392.426	297.060
0.593	523.251	111.278	391.995	297.077
0.603	523.251	111.278	391.995
0.613	523.674	111.278	391.995
0.623	524.068	111.278	392.267
0.633	525.766	111.278	392.267
0.643	525.978	110.887	392.199
0.653	526.373	110.765	293.665
0.663	527.713	296.803	108.737
0.673	528.323	99.138	296.289
0.683	527.530	99.138	296.289
0.693	528.109	99.138	296.374
0.703	99.138	528.476	296.460
0.713	99.138	528.140	300.529
0.723	99.138	529.331	293.665
0.733	99.138	529.331	460.809
0.743	99.120	466.164	528.567
0.753	99.138	466.164	528.628
0.763	99.138	465.491	235.804
0.773	99.138	465.626	235.804
0.783	98.237	466.164	235.790
0.793	98.481	235.790	466.164
0.803	98.367	235.790	466.164
0.813	97.999	235.790	466.164
0.823	98.698	235.790	466.164
0.833	98.641	235.790	466.164
0.843	99.138	235.940
0.853	98.305	235.790
0.863	99.138	235.790
0.873	235.790	99.138
0.883	235.518	99.138
0.893	235.205	99.138
0.903	235.790	98.532
0.913	234.134	99.138
0.923	235.314	99.138
0.933	235.042	99.138
0.943	233.365	99.138
0.953	233.082	99.138
0.963	234.812	99.086
0.973	233.918	296.768
0.983	234.500	296.597
0.993	230.405	296.614
1.003	234.188	296.717	461.795
1.013	234.554	296.254	463.399
1.023	233.082	296.546	462.516
1.033	235.355	296.631	110.784
1.043	233.082	297.077	110.823
1.053	235.246	297.077	110.855
1.063	233.513	296.974	110.471
1.073	233.082	110.000	296.528
1.083	233.082	111.278	296.768
1.093	234.459	111.278	466.164
1.103	235.790	111.278	464.283
1.113	235.790	111.278	460.809
1.123	230.405	110.976	462.409
1.133	235.790	111.278	461.742
1.143	235.790	460.809	110.944
1.153	235.790	461.529	111.278
1.163	235.790	464.578	110.325
1.173	235.164	460.809	110.938
1.183	235.314	462.810	110.932
1.193	235.790	110.395	460.809
1.203	235.790	110.452	460.809
1.213	235.790	111.002	460.091
1.223	230.405	111.079	296.391
1.233	235.790	112.571	296.391
1.243	110.044	238.062	296.306
1.253	111.169	235.790	296.186
1.263	111.278	238.268	296.648
1.273	111.278	296.186	238.530
1.283	111.278	295.981	236.322
1.293	296.135	236.254	111.278
1.303	296.443	236.104	111.278
1.313	238.489	388.187	296.820
1.323	387.493	235.817	297.077
1.333	388.255	235.572	296.528
1.343	388.367	233.082	296.580
1.353	389.828	233.082	117.020
1.363	391.995	235.219	116.541
1.373	391.995	235.069	117.895
1.383	233.082	391.995	117.895
1.393	236.117	392.381	116.541
1.403	237.033	116.541	391.995
1.413	237.403	116.541	391.995
1.423	116.541	235.790	390.346	297.060
1.433	116.541	237.293	390.076	297.077
1.443	117.895	233.082	389.783	296.871
1.453	117.895	233.082	296.820	389.805
1.463	117.895	296.700	235.300	387.493
1.473	116.541	296.614	235.790	387.493
1.483	116.541	296.477	387.493	235.586
1.493	116.541	296.340	387.493	235.736
1.503	117.589	296.118	388.704	235.029
1.513	295.930	116.541	389.738	235.314
1.523	295.776	390.076	116.541	235.083
1.533	295.588	391.995	116.541	235.015
1.543	295.605	391.995	116.541	234.473
1.553	295.588	391.995	116.554	234.608
1.563	295.656	391.995	116.716	234.527
1.573	295.468	391.995	116.541	234.256
1.583	295.605	390.820	116.541	234.351
1.593	390.842	295.588	234.608	117.067
1.603	390.076	295.502	234.920	117.169
1.613	390.910	296.443	234.825
1.623	389.378	296.289	234.920
1.633	389.423	295.349	235.029
1.643	388.210	296.049	235.137	117.895
1.653	389.040	296.700	235.246	780.467
1.663	296.186	389.490	234.527	781.143
1.673	235.790	297.077	389.760	780.872
1.683	235.790	296.186	390.910	130.851
1.693	235.790	296.220	389.648	130.813
1.703	235.790	296.237	130.813	389.490
1.713	234.934	294.157	130.813	389.288
1.723	235.790	130.813	297.077	391.995
1.733	235.232	130.813	295.485	388.771
1.743	235.790	130.813	297.077	388.389
1.753	235.790	131.434	297.077	387.941
1.763	235.790	130.813	296.032	387.493
1.773	235.790	130.813	297.077	387.493
1.783	235.790	130.813	297.077
1.793	235.790	130.813	296.426
1.803	293.919	130.813	235.736
1.813	297.077	130.813	235.790
1.823	296.220	130.979	235.790
1.833	130.813	295.878	235.790
1.843	130.813	297.077	235.790
1.853	296.203	131.578	235.790
1.863	293.241	130.813	235.790
1.873	293.665	130.813	235.790
1.883	296.426	131.184	235.790
1.893	293.665	132.333	235.790
1.903	297.077	130.813	348.523
1.913	297.077	132.333	348.382
1.923	297.077	132.333	348.261
1.933	297.077	349.228	131.662
1.943	297.077	349.228	218.973
1.953	349.228	297.077	219.125
1.963	349.228	217.473	296.751
1.973	346.596	217.473	148.016
1.983	345.217	220.000	148.538
1.993	345.297	220.000	148.538
2.003	349.047	219.644	148.538
2.013	347.638	220.000	146.832
2.023	349.228	220.534	147.274
2.033	349.168	221.249	148.538
2.043	348.201	221.607	147.905
2.053	221.761	349.228	146.832
2.063	221.748	347.819	146.832
2.073	146.832	221.505	349.107
2.083	146.832	221.108	350.724
2.093	146.832	220.955	349.228
2.103	146.832	221.556	350.400
2.113	146.832	221.658	347.980
2.123	146.832	220.675	346.516
2.133	146.832	221.211	345.217
2.143	222.351	344.182	146.832
2.153	221.902	345.217	146.832
2.163	220.471	345.217	146.832
2.173	220.777	345.217	146.832
2.183	221.684	345.257	147.002
2.193	221.991	346.375	148.538
2.203	222.030	345.916	147.717
2.213	222.145	347.097	148.538
2.223	222.197	347.217	148.538
2.233	221.786	348.322	147.965
2.243	221.364	349.228	295.895
2.253	222.145	349.228	295.827
2.263	222.556	348.322	295.724
2.273	222.094	348.322	295.468
2.283	222.556	347.217	296.426
2.293	222.492	347.879	131.928
2.303	222.556	346.636	132.333
2.313	222.556	347.719	132.333
2.323	222.556	347.658	132.333
2.333	221.070	347.759	132.333
2.343	222.402	347.859	130.813
2.353	221.966	348.644	131.730
2.363	222.556	349.228	130.813
2.373	222.556	130.813	349.228
2.383	222.556	131.791	349.228
2.393	130.813	221.313	349.107
2.403	130.813	221.134	349.228
2.413	131.745	220.942	349.571
2.423	130.813	224.610	350.501
2.433	130.941	219.873	350.522
2.443	132.333	222.556	352.980
2.453	132.333	220.254	350.441
2.463	130.813	220.000	295.468
2.473	131.700	222.556	293.665
2.483	130.813	220.038	295.468
2.493	130.813	222.556	297.077
2.503	131.928	220.000	295.451
2.513	130.813	222.556	295.093
2.523	132.211	222.556	295.417
2.533	132.233	222.145	295.349
2.543	130.813	222.004	296.169
2.553	130.813	225.142	237.225
2.563	132.333	238.530	397.238
2.573	237.952	396.550	131.533
2.583	236.404	396.550	131.563
2.593	235.790	401.158	131.586
2.603	237.129	396.550	116.527
2.613	237.526	396.550	116.554
2.623	237.033	396.550	116.602
2.633	399.470	236.158	116.541
2.643	399.516	236.254	116.541
2.653	398.157	236.131	116.541
2.663	397.192	236.090	116.541
2.673	396.550	116.541	235.899
2.683	396.550	116.541	235.790
2.693	396.550	116.084	235.940
2.703	396.550	117.895	296.118
2.713	396.550	117.895	296.015
2.723	117.895	396.550	295.981
2.733	117.895	395.818	296.015	236.841
2.743	116.541	396.253	295.947	236.172
2.753	116.541	396.550	296.066	236.513
2.763	116.541	296.049	396.550	237.321
2.773	116.541	296.203	396.550	237.348
2.783	116.541	297.077	238.117	396.550
2.793	116.541	296.015	238.310	396.550
2.803	116.541	297.077	238.461	396.550
2.813	116.541	295.742	238.461	396.550
2.823	116.541	296.066	237.554	396.527
2.833	116.541	296.135	236.609	396.550
2.843	116.541	296.066	236.308	525.553
2.853	116.541	297.077	236.349	525.796
2.863	116.541	293.665	235.790	526.009
2.873	113.649	294.974	523.251	236.855
2.883	113.879	525.675	296.546	441.630
2.893	525.371	117.203	295.861	111.265
2.903	525.827	111.278	443.112	296.477
2.913	527.317	111.278	442.958	791.636
2.923	529.331	111.278	444.496	793.100
2.933	528.048	111.278	443.214	793.100
2.943	528.140	111.278	443.188	793.100
2.953	111.278	529.331	443.163	791.956
2.963	111.278	529.331	443.137	792.276
2.973	111.278	526.313	220.981	443.137
2.983	110.644	524.855	220.000	442.907
2.993	111.214	527.165	220.229	442.932
3.003	110.983	527.195	221.223	442.830
3.013	110.420	523.584	222.556	442.728
3.023	110.013	524.461	221.198	442.677
3.033	110.000	528.170	442.421	220.432
3.043	110.612	528.262	442.728	220.229
3.053	110.356	529.331	442.498	217.473
3.063	111.278	529.331	442.523	373.279
3.073	111.278	529.331	442.830	374.077
3.083	110.344	529.331	442.166	373.689
3.093	111.278	529.331	442.600	373.797
3.103	110.407	529.331	373.905	442.907
3.113	110.000	378.643	531.261	443.496
3.123	110.509	369.994	530.525	444.933
3.133	111.278	373.257	534.956	443.291
3.143	111.278	373.538	220.598
3.153	373.538	110.624	220.522
3.163	373.840	109.683	465.652
3.173	373.236	111.278	466.164
3.183	373.710	111.009	466.164
3.193	373.646	466.164	112.571
3.203	466.325	374.142	293.665
3.213	465.222	293.665	375.203
3.223	464.336	295.588	376.375
3.233	464.229	296.546	374.596
3.243	460.809	297.077	374.726
3.253	460.809	297.077	98.311
3.263	461.635	297.077	98.282
3.273	463.747	297.077	99.138
3.283	463.934	296.700	98.243
3.293	466.164	295.964	97.999
3.303	467.971	295.930	97.999
3.313	468.296	97.999	295.144
3.323	466.164	97.999	294.548	396.550
3.333	467.215	97.999	294.667	396.298
3.343	98.027	471.580	295.025	396.504
3.353	98.322	471.580	295.810	396.550
3.363	98.350	465.169	295.554	396.550
3.373	99.138	466.164	296.237	395.795
3.383	99.138	460.809	296.426	395.612
3.393	99.138	297.077	460.809	395.407
3.403	99.138	459.613	296.683	395.041
3.413	99.138	460.809	296.426	394.813
3.423	99.138	460.809	296.374	394.768
3.433	97.999	460.809	296.306	394.562
3.443	99.138	460.809	296.066	394.312
3.453	97.999	462.383	296.083	394.130
3.463	97.999	463.077	296.528	393.879
3.473	99.138	466.164	296.888	393.902
3.483	99.138	466.164	297.008	393.834
3.493	99.138	393.697	297.111	467.620
3.503	298.384	393.675	99.138	463.077
3.513	393.334	298.401	462.703	99.166
3.523	392.993	297.077	466.164	100.289
3.533	393.016	297.317	461.209	99.246
3.543	393.766	297.163	461.315	115.202
3.553	394.585	297.077	460.091	116.373
3.563	393.834	297.283	457.494	117.589
3.573	297.077	393.584	456.570	116.541
3.583	297.077	393.948	116.541	457.204
3.593	297.317	393.197	116.541	460.277
3.603	297.523	393.243	116.433	460.809
3.613	297.163	393.538	115.109	461.289
3.623	297.197	393.538	116.541	462.623
3.633	297.816	393.288	116.534	462.222
3.643	297.919	393.720	116.541	464.202
3.653	116.541	297.988	393.925	464.310
3.663	116.427	298.401	393.425	464.873
3.673	116.541	298.108	393.629	465.195
3.683	116.185	298.177	393.538	464.256
3.693	116.541	298.643	393.629	464.336
3.703	116.326	298.315	393.152	464.524
3.713	116.541	298.384	393.629
3.723	116.272	298.625	393.743
3.733	116.541	298.194	393.857
3.743	298.126	394.107	116.541
3.753	298.591	394.289	116.541
3.763	395.133	298.246	116.817
3.773	394.699	298.367	116.541
3.783	395.544	298.608	116.541
3.793	395.978	298.643	116.541
3.803	395.475	298.591	116.541
3.813	395.521	299.074	116.541
3.823	395.133	298.781	117.895
3.833	396.115	298.384	116.831
3.843	395.955	297.077	131.555
3.853	395.338	130.813	298.694
3.863	395.155	132.333	440.585
3.873	394.813	129.310	442.600
3.883	132.333	440.000	395.475
3.893	132.333	441.987	395.338
3.903	132.333	440.305	308.924
3.913	132.333	450.285	304.021
3.923	132.333	444.162	311.127
3.933	132.333	445.113	311.127
3.943	132.333	445.113	311.127
3.953	131.396	445.113	311.883
3.963	130.941	445.113	313.943
3.973	130.896	445.113	315.015	262.792
3.983	130.813	445.113	314.742	262.868
3.993	132.333	445.113	314.833	262.928
4.003	131.312	314.651	445.113	262.989
4.013	130.813	313.581	443.060	262.807
4.023	130.813	313.092	441.528	263.065
4.033	132.333	312.821	440.229
4.043	132.333	312.478	440.000
4.053	132.333	312.406	440.000
4.063	132.333	312.911	440.000
4.073	313.327	440.000	132.333
4.083	313.490	441.477	132.333
4.093	313.327	441.604	132.333
4.103	313.689	443.752	132.333
4.113	313.708	445.113	131.411
4.123	314.615	445.113	131.078
4.133	314.760	445.113	131.388
4.143	314.742	445.164	132.333
4.153	314.742	445.113	132.333
4.163	314.742	442.498	148.538
4.173	307.553	146.832	396.550
4.183	147.257	396.550	311.127
4.193	146.832	396.550	312.658
4.203	146.832	396.550	442.856
4.213	146.832	396.550	298.660
4.223	146.832	290.829	396.550
4.233	146.832	378.643	286.957
4.243	147.453	374.834	293.665
4.253	146.832	374.488	293.970
4.263	146.832	373.948	294.106
4.273	148.538	373.646	295.673	443.547
4.283	148.538	373.322	295.656	441.375
4.293	147.189	372.783	296.665	441.222
4.303	148.538	372.611	444.368	295.588
4.313	147.632	373.128	434.946	294.225
4.323	147.547	373.042	441.783	294.208
4.333	146.832	372.912	441.477	295.707
4.343	146.832	373.343	439.898	294.531
4.353	146.705	373.257	439.543	286.957
4.363	146.832	372.891	440.000	293.326
4.373	146.832	373.408	439.746	293.055
4.383	146.714	373.516	439.314	267.741
4.393	146.832	373.149	438.680	264.666
4.403	147.657	373.581	437.314	264.666
4.413	147.589	373.667	434.946	264.666
4.423	145.146	369.994	438.073	264.666
4.433	147.692	374.294	434.946	264.116
4.443	147.837	374.250	440.000	263.765
4.453	148.393	373.279	440.000	263.415
4.463	148.007	372.009	439.949	263.035
4.473	147.640	434.946	374.294	261.626
4.483	148.247	439.873	374.921	391.995
4.493	146.832	391.995	437.997	524.734
4.503	146.832	391.995	438.022	524.098
4.513	146.832	391.995	438.022	525.159
4.523	146.832	391.633	437.264	524.946
4.533	390.594	146.832	437.921	524.734
4.543	391.995	146.832	437.820
4.553	391.588	437.415	524.946
4.563	390.233	96.873	437.997
4.573	95.761	391.995	438.680
4.583	97.513	391.611	435.826
4.593	97.999	235.790	391.633
4.603	96.873	235.790	391.995
4.613	96.873	235.790	391.995
4.623	96.873	235.790	391.995
4.633	97.999	235.300	391.837
4.643	97.999	235.790	391.860
4.653	97.999	235.790	391.905
4.663	97.999	235.613
4.673	98.038	235.790
4.683	97.999	235.069
4.693	97.999	235.790
4.703	97.153	234.473
4.713	97.226	235.314
4.723	97.389	235.029
4.733	96.873	234.270
4.743	96.873	235.260	294.463
4.753	96.873	234.040	294.480
4.763	97.999	234.852	294.480
4.773	97.999	234.595	294.463
4.783	97.999	233.392	294.463
4.793	96.873	234.893	294.531
4.803	96.873	233.217	294.514
4.813	96.873	234.622	396.550
4.823	96.873	234.107	396.550
4.833	96.873	233.419	396.550
4.843	96.873	234.784	396.550
4.853	96.873	233.338	392.063
4.863	96.812	234.825	394.722
4.873	96.873	234.243	394.289
4.883	97.999	234.134	393.788
4.893	97.999	235.083	393.175
4.903	97.999	233.432	392.426
4.913	97.914	235.015	391.611
4.923	97.457	233.986
4.933	97.857	233.905
4.943	97.999	235.042	389.940
4.953	97.999	233.284	389.130
4.963	97.999	234.730	390.707
4.973	97.999	234.419	390.323
4.983	97.999	233.365	390.414
4.993	98.112	233.082	391.475
5.003	97.999	233.082	196.338
5.013	97.711	234.635	198.275
5.023	97.999	234.812	198.275
5.033	97.665	233.082	196.815
5.043	97.795	233.082	196.871
5.053	97.761	233.473	788.806
5.063	97.999	233.891
5.073	97.451	234.635
5.083	97.024	233.082
5.093	96.873	233.082
5.103	96.873	233.540
5.113	96.873	233.243
5.123	96.873	234.432
5.133	96.873	233.082
5.143	96.873	233.082
5.153	96.873	233.567
5.163	97.999	233.432
5.173	97.999	234.554
5.183	97.999	233.082
5.193	97.999	233.082
5.203	97.999	233.891
5.213	98.152	233.082
5.223	97.999	233.082
5.233	98.237	233.082
5.243	97.999	233.675
5.253	97.999	234.744
5.263	97.999	233.082
5.273	97.999	234.662
5.283	97.694	233.891
5.293	97.976	233.297
5.303	97.699	233.082
5.313	97.451	233.082
5.323	97.840	234.351
5.333	97.615	234.297
5.343	97.999	233.459
5.353	97.999	234.852
5.363	97.999	233.675
5.373	97.999	234.175
5.383	97.999	234.473
5.393	98.163	233.486
5.403	97.999	234.988
5.413	98.515	233.878
5.423	98.022	234.337
5.433	98.419	235.300	392.018
5.443	98.135	235.790	391.837
5.453	98.311	235.559	392.290
5.463	97.999	234.513	391.498
5.473	98.413	233.797	391.995
5.483	98.652	233.082	391.611
5.493	98.589	233.473	387.493
5.503	97.999	233.082	777.721
5.513	98.106	233.082	778.575
5.523	97.999	233.082	779.070
5.533	97.699	233.082	779.791
5.543	97.434	233.082	780.602
5.553	97.999	231.124	781.459
5.563	97.999	233.082
5.573	97.999	231.914
5.583	97.999	233.082
5.593	97.999	233.082
5.603	98.755	233.082
5.613	98.174	233.082	787.395
5.623	98.350	232.396	783.583
5.633	98.481	230.405	785.986
5.643	97.999	233.378	782.227
5.653	97.880	781.640	232.034
5.663	97.999	781.143	231.418
5.673	97.587	779.475	389.468
5.683	98.095	778.171	387.493
5.693	99.138	778.216	387.493
5.703	99.138	778.710	391.136
5.713	97.999	391.362
5.723	97.999	390.910
5.733	97.999	390.278
5.743	97.999	389.490
5.753	98.214
5.763	98.214
5.773	98.203
5.783	98.163
5.793
5.803
5.813
5.823
5.833
5.843
5.853
5.863
5.873
5.883
5.893
5.903
5.913
5.923
5.933
5.943
5.953
5.963
5.973
5.983
5.993
6.003
6.013
6.023
6.033
6.043
6.053
6.063
6.073
6.083
6.093
6.103
6.113
6.123
6.133
6.143
6.153
6.163
6.173
6.183
6.193
6.203
6.213
6.223
6.233
6.243
6.253
6.263
6.273
6.283
6.293
6.303
6.313
6.323
6.333
6.343
6.353
6.363
6.373
6.383
6.393
6.403
6.413	199.044
6.423	198.929
6.433	198.849
6.443	198.780
6.453	198.711	469.949
6.463	200.579	468.052
6.473	198.275	469.515
6.483	198.275	471.172	286.957
6.493	198.275	471.580	291.064
6.503	198.275	471.308	292.835
6.513	198.275	470.356	293.665
6.523	198.275	469.705	296.049
6.533	197.966	468.512	296.528
6.543	198.058	467.404	296.391
6.553	198.275	467.701	295.793
6.563	198.275	295.383	468.621
6.573	197.475	295.042	469.623
6.583	198.275	293.665	470.574
6.593	198.275	293.665	471.526
6.603	197.452	293.309	471.580
6.613	197.658	293.089	472.507
6.623	197.110	293.665	472.480
6.633	197.167	293.665	472.726
6.643	197.372	293.902	472.890
6.653	197.156	294.344	472.480
6.663	196.849	294.974	471.580
6.673	196.849	294.906	469.976
6.683	196.871	294.174	467.593
6.693	196.985	294.429	465.115
6.703	197.042	294.906	463.077
6.713	196.906	294.616	462.142
6.723	196.940	294.803	461.929
6.733	196.826	295.502	462.463
6.743	196.837	295.690	465.034
6.753	196.985	295.502	466.164
6.763	197.008	295.742	466.864
6.773	197.350	295.912	468.269
6.783	197.441	295.485	469.786
6.793	197.099	295.451	470.492
6.803	196.906	295.844	470.628
6.813	196.974	295.861	470.900
6.823	196.871	295.707	471.471
6.833	196.701	297.077	468.323
6.843	196.576	296.957	471.036
6.853	196.565	297.249	469.108
6.863	196.769	297.163	467.890
6.873	196.985	297.609	466.164
6.883	197.042	298.022	463.747
6.893	198.275	298.074	461.582
6.903	198.218	298.005	460.809
6.913	198.275	298.401	460.809
6.923	198.275	298.608	465.357
6.933	198.275	299.524	465.841
6.943	198.138	300.529	466.379
6.953	195.998	460.809	300.529
6.963	195.998	469.189	296.957
6.973	470.519	200.579	296.306
6.983	471.580	196.803	295.673
6.993	471.580	295.144	198.252
7.003	471.580	290.292	197.760
7.013	470.574	292.058	95.761
7.023	470.220	292.142	98.192
7.033	469.623	292.666	98.339
7.043	469.298	293.665	97.999
7.053	467.782	295.434	98.886
7.063	466.164	297.077	99.138
7.073	462.917	99.138	298.281
7.083	460.809	99.138	298.091
7.093	460.809	99.138	297.953
7.103	460.809	98.624	297.077
7.113	460.809	99.138	296.511
7.123	97.999	461.422	296.511
7.133	98.504	460.809	296.443
7.143	98.578	466.164	295.605	393.425
7.153	98.470	466.164	295.947	393.356
7.163	98.641	466.164	296.272	393.675
7.173	98.481	466.164	296.066	393.220
7.183	98.277	466.164	296.220	393.152
7.193	98.624	466.918	296.477	393.152
7.203	98.749	467.836	293.665	392.948
7.213	98.498	471.580	295.964	392.970
7.223	98.578	471.580	296.049	392.970
7.233	98.663	471.580	295.759	392.993
7.243	98.453	466.164	295.571	392.109
7.253	98.260	466.164	295.212	393.016
7.263	462.409	98.572	295.434	393.061
7.273	470.166	98.493	295.912	393.106
7.283	460.809	99.138	296.135	392.857
7.293	460.809	296.665	99.138	393.538
7.303	460.809	296.357	99.138	393.675
7.313	460.809	296.237	99.138	393.675
7.323	460.809	296.272	98.464	393.084
7.333	463.051	296.066	393.061	98.903
7.343	464.202	296.751	392.789	98.937
7.353	466.164	296.083	392.970	97.999
7.363	469.189	294.889	392.517	111.233
7.373	295.759	469.162	392.993	111.278
7.383	295.690	471.580	393.175	111.278
7.393	296.340	471.580	391.995	111.278
7.403	297.077	472.207	111.278	392.948
7.413	297.077	471.580	111.278	392.925
7.423	296.888	473.272	111.278	393.288
7.433	297.077	471.580	110.874	393.016
7.443	296.032	471.580	111.207	392.902
7.453	296.340	110.548	469.325	393.311
7.463	111.278	296.494	469.922	393.220
7.473	110.490	295.930	466.164	393.675
7.483	111.278	296.580	466.164	393.925
7.493	111.163	460.809	296.289	393.948
7.503	111.021	460.916	297.077	393.857
7.513	111.278	460.809	298.418	394.722
7.523	110.695	460.809	298.108	394.494
7.533	110.650	457.019	298.505	397.146
7.543	110.586	464.122	300.529	394.882
7.553	110.350	455.517	300.529
7.563	466.164	110.561	297.575
7.573	466.164	111.278	297.197
7.583	471.444	111.278	296.785
7.593	471.580	111.278	296.357
7.603	471.962	111.548	295.964
7.613	472.153	293.665	111.375
7.623	474.778	293.665	116.602
7.633	293.665	475.052	115.202
7.643	294.803	472.862	117.895
7.653	295.981	117.895	471.308
7.663	296.443	116.541	471.090
7.673	296.768	116.541	468.864
7.683	296.871	116.541	470.220
7.693	296.528	116.541	392.653
7.703	296.391	116.541	392.222
7.713	296.203	116.541	391.995
7.723	116.541	295.964	392.335
7.733	116.541	295.759	392.925
7.743	116.541	295.998	393.311
7.753	116.669	296.032	393.447	235.164
7.763	116.151	296.049	393.220	235.790
7.773	116.326	296.323	393.356	235.790
7.783	116.259	296.820	393.016	235.790
7.793	116.245	296.665	393.061	471.580
7.803	116.541	296.563	392.471	471.689
7.813	296.820	392.381	116.541	471.608
7.823	297.008	392.177	116.541	469.271
7.833	297.008	391.995	117.440	471.580
7.843	296.785	391.995	117.664	467.971
7.853	297.077	391.995	116.541	467.377
7.863	297.077	392.290	116.541	466.972
7.873	297.077	391.995	116.541	463.479
7.883	297.077	391.995	464.605
7.893	297.077	391.995	464.417
7.903	297.077	391.385	463.666
7.913	297.077	465.034	391.995
7.923	297.077	466.164	392.109
7.933	297.077	467.755	394.016
7.943	297.077	470.438	395.178
7.953	297.077	471.580	395.772
7.963	297.077	471.580	131.449
7.973	297.077	471.771	130.813
7.983	297.077	472.071	130.813
7.993	297.077	471.580	131.791
8.003	297.077	471.580	131.320
8.013	297.077	470.003	132.249
8.023	297.077	467.593	132.333
8.033	297.077	464.980	132.333
8.043	297.077	461.395	132.333
8.053	131.275	297.077	460.809
8.063	132.333	297.077	460.809
8.073	132.333	297.077	461.369
8.083	132.333	297.077	463.265
8.093	132.333	298.746	465.276
8.103	132.333	297.077	466.164
8.113	130.813	297.077	466.649
8.123	130.813	298.746	469.460
8.133	130.813	297.077	471.580
8.143	130.813	297.077	471.580
8.153	471.580	130.813	297.541
8.163	472.507	130.813	297.077
8.173	472.808	132.333	297.077
8.183	472.044	130.798	297.077
8.193	470.709	132.333	297.077
8.203	470.193	132.333	297.077
8.213	471.281	132.333	300.286
8.223	468.837	131.913	395.224
8.233	468.431	396.321	132.004
8.243	466.918	396.550	132.096
8.253	459.666	395.589	148.547
8.263	460.809	395.178	148.316
8.273	466.083	148.538	393.629
8.283	471.580	148.538	387.493	297.506
8.293	471.580	148.538	297.283	351.109
8.303	471.580	146.832	353.776	296.169
8.313	471.580	146.832	350.603	297.077
8.323	471.580	146.832	350.198	296.768
8.333	470.818	146.832	350.522	295.349
8.343	471.580	147.155	350.603	295.571
8.353	465.222	146.832	350.259	295.998
8.363	147.521	466.164	350.461	300.529
8.373	148.187	460.809	349.895	296.237
8.383	146.832	460.809	350.076	295.998
8.393	147.615	460.809	350.198	295.861
8.403	146.832	460.809	349.915	295.673
8.413	146.832	460.809	350.886	294.514
8.423	146.832	461.875	350.056	294.735
8.433	146.832	466.164	350.684	295.127
8.443	146.832	466.164	350.360
8.453	147.564	466.164	350.420
8.463	147.802	466.164	350.704
8.473	466.164	147.811	350.279
8.483	466.164	147.572	350.785
8.493	460.809	147.785	350.684
8.503	460.809	148.538	351.008
8.513	460.809	148.196	349.814
8.523	460.809	349.672	148.538
8.533	462.650	349.228	148.153
8.543	462.009	349.228	148.538
8.553	462.703	346.556	148.264
8.563	462.997	349.228	148.307
8.573	462.009	349.006	167.192
8.583	461.982	168.666	348.865
8.593	464.310	166.729	196.474
8.603	464.712	166.729	196.508
8.613	461.475	166.565	198.275
8.623	466.164	196.576	166.883
8.633	466.164	193.746	166.816
8.643	466.164	195.998	166.729	393.675
8.653	466.164	196.587	166.729	393.902
8.663	465.733	195.998	166.363	394.198
8.673	466.164	198.275	394.471	166.729
8.683	198.275	466.164	394.950	166.046
8.693	195.998	466.164	394.790	165.931
8.703	198.275	464.578	394.882	166.729
8.713	198.275	466.164	394.882	164.814
8.723	198.275	466.164	394.517	165.692
8.733	198.264	395.178	458.658	501.038
8.743	198.275	394.403	499.276	456.465
8.753	198.275	401.158	499.622	165.797
8.763	197.772	498.152	394.517	314.742
8.773	198.275	314.888	499.478	437.289
8.783	198.275	312.767	427.919	501.270
8.793	198.275	314.742	437.188	499.766
8.803	198.275	314.778	437.036
8.813	198.309	318.399	439.441
8.823	198.275	314.415	437.643
8.833	198.940	312.821
8.843	198.390	314.688
8.853	198.413	314.579
8.863	198.447	314.415
8.873	314.052
8.883	176.480
8.893	176.551
8.903	176.602	221.313
8.913	176.541	221.428
8.923	174.614	220.000
8.933	177.420	220.000
8.943	176.643	221.338	345.217
8.953	177.687	222.556	346.175
8.963	177.103	222.556	346.896
8.973	177.461	222.904	345.217
8.983	176.643	222.556	312.045
8.993	176.643	222.608	312.063	446.116
9.003	172.609	222.556	312.063	446.013
9.013	176.643	222.556	314.742	443.214
9.023	176.235	222.556	311.343
9.033	174.614	222.556	311.127
9.043	174.614	222.274	314.161
9.053	174.614	222.556	311.001
9.063	175.616	222.556	311.469
9.073	176.032	222.556	311.127
9.083	175.555	223.123	310.086
9.093	174.614	223.471	311.307
9.103	174.614	223.406	311.127
9.113	175.656	223.032	349.228
9.123	175.565	222.814	345.217
9.133	175.697	223.097	345.217
9.143	176.032	345.217	223.975
9.153	176.643	345.217	222.556
9.163	172.609	353.286	222.556
9.173	176.643	345.217	223.032
9.183	176.817	345.217	234.839
9.193	176.735	349.228	234.107
9.203	174.614	353.286	230.405
9.213	176.674	349.228	234.798
9.223	176.643	349.289	235.668
9.233	176.490	235.790	349.672
9.243	176.225	235.790	350.259
9.253	174.614	237.416	349.975
9.263	174.614	236.636	349.733
9.273	174.614	236.513	349.895
9.283	174.614	236.554	350.016
9.293	174.614	237.019	350.117
9.303	174.614	237.101	293.902
9.313	174.614	237.334	293.919
9.323	174.614	237.622	293.665
9.333	174.614	237.252	293.817
9.343	174.614	237.129	293.767
9.353	174.614	236.951	294.821
9.363	175.636	237.238	293.614
9.373	175.362	237.060	293.665
9.383	175.616	237.033	293.360
9.393	175.829	237.197	474.312
9.403	175.971	236.800	474.285
9.413	175.849	236.090	475.052
9.423	175.981	238.475	473.245
9.433	176.643	238.530	474.422
9.443	176.898	238.530	474.367
9.453	176.909	238.530	474.257
9.463	177.267	238.530	785.577
9.473	177.923	238.530	785.260
9.483	178.510	238.530	788.897
9.493	178.696	238.530	784.670
9.503	176.643	238.530
9.513	177.625	238.530
9.523	177.687	237.115
9.533	177.718	236.745
9.543	177.728	236.390
9.553	177.553	233.082
9.563	178.098	234.676	786.804
9.573	178.180	235.790	790.996
9.583	177.656	235.790	786.804
9.593	177.482	235.790	789.398
9.603	177.318	235.790	789.079
9.613	177.738	235.790	786.894
9.623	177.451	235.926	785.804
9.633	177.369	235.749	785.260
9.643	176.827	236.035	783.991
9.653	176.643	235.790	782.272
9.663	176.643	235.790	781.369
9.673	176.419	235.790	781.775
9.683	176.643	235.790	782.995
9.693	176.633	235.899	783.991
9.703	176.541	235.790	785.895
9.713	176.235	236.063	787.349
9.723	176.215	236.213	787.804
9.733	176.276	236.117	788.487
9.743	176.307	236.418	788.760
9.753	176.643	788.897	236.800
9.763	176.429	787.531	236.773
9.773	176.643	784.444	238.117
9.783	176.592	782.227	238.530
9.793	176.643	780.106	238.530
9.803	176.643	784.806	237.526
9.813	176.388	784.625	237.650
9.823	176.042	784.580	294.208
9.833	176.643	784.670	220.930
9.843	176.643	783.674	222.556
9.853	176.643	220.000	783.991
9.863	176.643	220.000	784.127
9.873	175.555	220.942	293.665
9.883	176.256	220.000	294.821	787.759
9.893	175.818	221.019	295.639	786.804
9.903	175.839	221.057	295.981	787.076
9.913	175.879	222.107	295.861	790.722
9.923	175.869	221.530	295.964	789.398
9.933	175.849	220.751	295.707	392.721
9.943	175.605	220.930	391.995	295.520
9.953	176.134	220.000	393.288	442.191
9.963	175.352	221.773	391.995	442.242
9.973	176.225	220.000	392.335	442.677
9.983	175.322	221.812	391.995	442.089
9.993	175.951	220.917	391.995	442.217
10.003	175.352	222.235	394.562
10.013	175.687	220.981	396.001
10.023	175.463	221.735	396.550
10.033	175.656	221.838	396.550
10.043	175.403	221.786	394.722
10.053	175.534	222.364	394.927
10.063	175.504	222.556	395.201
10.073	175.474	222.556	233.365
10.083	175.890	222.556	233.378
10.093	175.616	222.248	233.082
10.103	175.534	233.082	468.729
10.113	175.930	468.512	233.082
10.123	175.545	469.840	232.611
10.133	175.727	470.519	235.790
10.143	176.643	469.596	233.662
10.153	176.643	468.675	233.689
10.163	466.622	176.643	394.585
10.173	466.164	175.727	396.230
10.183	465.410	174.614	393.743
10.193	465.249	174.614	391.995	197.840
10.203	466.164	198.275	176.073	394.904
10.213	469.976	198.275	394.335	176.184
10.223	474.120	198.069	396.550	178.696
10.233	471.580	198.275	394.335	506.772
10.243	198.275	471.580	394.312	497.721
10.253	198.275	471.580	394.266	497.491
10.263	198.275	470.112	387.493	499.622
10.273	198.275	470.057	663.381	496.945
10.283	198.275	469.867	663.227	484.278
10.293	198.275	471.580	663.036	497.117
10.303	198.275	471.580	662.998	497.491
10.313	198.275	471.580	663.649	503.853
10.323	198.275	466.164	662.156	497.922
10.333	198.275	466.164	662.691	497.922
10.343	198.298	466.164	663.227	499.622
10.353	198.275	464.175	661.735	497.089
10.363	198.275	468.025	662.462	164.814
10.373	198.734	466.164	662.500	165.004
10.383	198.275	466.164	165.071	660.971
10.393	198.275	471.580	164.814	662.385
10.403	165.376	198.275	471.580	662.385
10.413	164.814	471.580	197.452	662.462
10.423	164.814	469.244	198.161	394.562
10.433	164.814	469.352	394.448	198.138
10.443	165.548	396.550	469.298	947.693
10.453	166.190	393.857	469.135	946.982
10.463	166.402	394.699	468.864	264.711
10.473	165.577	394.745	471.580	264.666
10.483	165.635	391.995	471.580	264.666
10.493	165.357	396.550	466.164	264.910
10.503	165.023	394.996	466.164	264.666
10.513	164.814	394.198	466.164	264.666
10.523	164.880	394.221	466.945	264.666
10.533	164.814	464.175	396.550	264.650
10.543	162.921	466.164	396.550	264.635
10.553	165.453	466.164	395.407	264.666
10.563	165.014	467.404	395.224	264.666
10.573	164.814	466.164	396.550	264.666
10.583	165.615	466.164	264.666	394.654
10.593	165.205	466.164	264.666	395.338
10.603	165.243	471.580	264.666	395.178
10.613	165.166	263.445	471.580	395.749
10.623	264.666	165.453	468.810	395.612
10.633	264.666	166.277	471.580	395.658
10.643	264.666	165.396	471.580	396.550
10.653	264.666	165.883	471.580	396.550
10.663	166.286	264.666	396.550	471.580
10.673	165.157	264.666	395.544	471.580
10.683	165.970	264.666	395.704	471.580
10.693	165.644	263.780	395.772	471.580
10.703	165.453	264.009	395.681	471.444
10.713	165.654	264.666	395.909
10.723	165.348	264.666	396.047
10.733	165.855	264.666	395.407
10.743	165.864	391.995	264.666
10.753	165.405	396.550	447.097
10.763	166.171	395.292	441.655
10.773	165.721	440.051	396.779
10.783	165.702	441.196	396.481
10.793	440.000	166.729	391.995
10.803	440.000	166.729	396.092
10.813	440.000	166.729	395.292
10.823	439.467	166.729	395.955
10.833	440.000	166.411	175.220
10.843	440.661	172.609	166.459
10.853	445.113	172.609	264.497
10.863	445.113	176.643	264.467
10.873	444.419	176.643	264.666
10.883	443.649	176.643	263.735
10.893	443.675	177.974	264.666
10.903	445.138	176.643	264.666
10.913	445.113	176.643	264.666
10.923	445.113	176.643	264.666
10.933	177.697	445.113	264.574
10.943	177.564	442.677	264.589
10.953	177.861	440.000	264.620
10.963	176.643	440.000	264.650
10.973	176.970	440.000	264.650
10.983	176.643	437.491	264.666
10.993	176.643	437.643	264.666
11.003	176.643	438.782	264.666
11.013	176.500	439.822	264.666
11.023	176.286	441.298	264.238
11.033	176.337	442.191	265.462
11.043	176.531	441.145	264.666
11.053	176.256	441.681	264.666
11.063	175.859	443.983	264.116
11.073	176.052	445.113	262.246
11.083	176.113	445.113	262.473
11.093	176.012	445.113	264.666
11.103	175.514	445.113	262.231
11.113	175.747	440.814	264.543
11.123	175.991	438.756	263.826
11.133	176.154	437.466	263.780
11.143	175.829	436.355	264.635
11.153	175.747	437.542	263.674
11.163	176.235	440.000	263.994
11.173	176.307	440.000	262.670
11.183	176.643	440.000	263.613
11.193	176.643	440.000	263.796
11.203	176.317	440.000	263.856
11.213	176.470	440.331	262.761
11.223	176.643	443.112	264.666
11.233	176.643	445.113	263.308
11.243	176.643	445.113	264.467
11.253	176.643	440.000	264.314
11.263	176.643	445.113	264.666
11.273	176.643	443.521	264.452
11.283	176.602	441.324	264.574
11.293	176.643	440.000	264.666
11.303	176.643	440.000	264.666
11.313	176.378	440.000	264.482
11.323	176.327	440.000	264.482
11.333	176.643	440.000	264.482
11.343	176.521	441.630	264.666
11.353	176.205	441.681	263.994
11.363	176.184	440.840	264.666
11.373	176.572	440.636	263.978
11.383	176.419	442.166	264.666
11.393	176.368	445.113	264.666
11.403	175.879	445.113	264.559
11.413	176.307	445.113	264.666
11.423	175.981	446.039	264.666
11.433	175.879	445.113	264.666
11.443	175.241	445.113	264.666
11.453	175.727	443.521	264.666
11.463	175.818	442.728	264.666
11.473	175.971	442.319	264.666
11.483	176.643	441.681	264.666
11.493	176.643	443.419	264.666
11.503	176.643	440.941	264.666
11.513	176.643	441.808	264.666
11.523	176.643	443.726	264.666
11.533	176.643	445.113	264.666
11.543	176.878	445.113	264.666
11.553	176.949	445.113	264.666
11.563	176.776	445.113	264.666
11.573	176.755	445.113	264.666
11.583	176.643	444.265	264.666
11.593	176.643	443.086	361.544
11.603	176.643	441.681	361.544
11.613	176.643	440.102	361.544
11.623	176.643	440.000	361.544
11.633	176.643	440.000	361.544
11.643	176.643	440.000	361.544
11.653	176.062	440.000	361.544
11.663	176.235	440.153	361.544
11.673	176.296	441.018	361.544
11.683	176.093	443.291	361.544
11.693	176.643	445.113	361.544
11.703	176.643	445.113	361.544
11.713	176.643	445.113	361.544
11.723	176.643	447.071	361.544
11.733	176.643	445.113	361.544
11.743	176.776	445.113
11.753	177.328	445.113
11.763	177.584	441.477
11.773	177.574	440.789
11.783	177.359	441.018
11.793	177.666	440.865
11.803	177.615	440.661
11.813	177.307	440.509
11.823	177.041	440.432
11.833	176.643	440.890
11.843	176.643	441.298
11.853	176.643	441.553
11.863	176.490	442.293
11.873	176.643	445.113
11.883	176.643	445.113
11.893	176.531	445.113
11.903	176.317	445.113
11.913	176.225	445.113
11.923	176.643	441.528
11.933	176.643	440.000
11.943	176.388	440.000
11.953	176.643	438.858
11.963	176.776	439.137
11.973	177.123	438.934
11.983	176.827	439.365
11.993	177.103	439.949
12.003	177.523	440.458
12.013	177.615	440.967
12.023	177.512	441.706
12.033	177.389	445.113
12.043	177.677	445.113
12.053	177.646	445.113
12.063	177.041	445.113
12.073	176.949	445.113
12.083	176.868	444.522
12.093	176.949	440.814
12.103	176.643	440.000
12.113	177.226	439.695
12.123	177.348
12.133	177.697
12.143	177.185
12.153	177.195
12.163	177.226
12.173
12.183
12.193
12.203
12.213
12.223
12.233
12.243
12.253
12.263
12.273
12.283
12.293
12.303
12.313
12.323
12.333
12.343
12.353
12.363
12.373
12.383
12.393
12.403
12.413
12.423
12.433
12.443
12.453
12.463
12.473
12.483
12.493
12.503
12.513
12.523
12.533
12.543
12.553
12.563
12.573
12.583
12.593
12.603
12.613
12.623
12.633
12.643
12.653
12.663
12.673
12.683
12.693
12.703
12.713
12.723
12.733
12.743
12.753
12.763
12.773
12.783
12.793
12.803
12.813
12.823
12.833
12.843	89.054
12.853	88.982
12.863	88.920
12.873	88.869
12.883	89.348	263.765
12.893	89.348	262.428
12.903	89.348	263.141
12.913	88.322	261.626
12.923	88.322	437.390	267.339
12.933	88.322	440.000	264.666
12.943	88.322	440.000	264.666
12.953	88.322	438.680	264.880
12.963	88.322	438.579	265.293
12.973	88.322	438.554	265.109
12.983	88.322	440.000	267.741
12.993	88.322	440.356	264.666
13.003	88.322	440.000	264.666
13.013	88.322	445.113	264.666
13.023	88.322	446.039	264.666
13.033	88.143	448.701	267.524
13.043	88.322	450.285	264.666
13.053	88.322	450.285	264.666
13.063	88.322	450.154	264.666
13.073	88.322	447.226	264.666
13.083	88.322	445.113	265.492
13.093	88.322	445.113	265.584
13.103	88.322	443.803	267.741
13.113	440.000	88.459	267.741
13.123	440.000	88.322	267.277
13.133	438.579	88.322	263.796
13.143	439.721	88.322	262.352
13.153	440.000	88.322	265.293
13.163	440.738	89.348	353.286
13.173	440.789	352.858	88.536
13.183	445.113	97.999	353.286
13.193	445.962	99.138	353.286
13.203	447.484	99.138	352.695
13.213	450.285	99.138	352.084
13.223	450.285	99.006	235.790	351.820
13.233	445.498	99.138	235.790	352.837
13.243	445.113	99.138	236.581	352.980
13.253	444.214	99.057	235.790	352.064
13.263	441.681	98.709	236.800	352.695
13.273	98.436	440.102	236.677	352.389
13.283	98.316	440.916	235.886	352.776
13.293	98.305	235.790	440.381	353.286
13.303	98.407	235.790	440.000	352.715
13.313	98.812	235.790	441.936	353.286
13.323	98.732	236.527	443.983	353.286
13.333	98.311	235.790	445.113	352.573
13.343	98.294	235.790	445.113	352.878
13.353	98.481	235.913	445.113	353.286
13.363	98.555	236.308	445.113	353.143
13.373	99.092	236.773	445.421	353.449
13.383	99.138	235.831	445.164	353.266
13.393	99.138	237.142	445.936
13.403	99.138	236.322	445.113
13.413	98.669	236.609	445.113
13.423	99.493	445.113	238.034
13.433	99.138	447.123	237.732
13.443	99.833	440.000
13.453	100.289	444.856
13.463	99.482	444.907
13.473	444.984	99.522
13.483	445.113	110.868
13.493	110.900	221.492
13.503	110.925	221.479
13.513	111.278	220.000
13.523	110.000	222.556
13.533	110.605	222.556	358.404
13.543	111.278	221.914	357.391
13.553	111.278	352.491	221.594
13.563	111.060	352.389	535.482
13.573	111.278	350.542	537.713
13.583	111.278	352.206	535.482
13.593	111.278	352.715	535.482
13.603	111.278	351.820	535.482
13.613	110.938	351.028	532.459
13.623	111.278	351.414	532.643
13.633	110.804	352.328	535.482
13.643	111.259	352.797	535.482
13.653	111.278	351.881	534.215
13.663	111.278	350.663	535.482
13.673	111.278	535.482	357.391
13.683	111.278	534.215	353.286
13.693	111.278	535.482	352.247
13.703	111.278	535.482	357.391
13.713	111.278	535.482	350.279
13.723	111.278	532.367	352.593
13.733	535.049	111.278	350.360
13.743	529.331	111.175	352.450
13.753	529.331	111.278	352.410
13.763	529.331	352.165	111.278
13.773	528.567	351.881	110.000
13.783	529.331	351.596	112.571
13.793	529.331	351.657	111.053
13.803	529.545	352.288	110.912
13.813	531.046	353.286	197.236
13.823	531.537	354.124	197.327
13.833	532.090	354.267	195.998
13.843	532.244	195.998	351.272
13.853	532.859	198.275	352.634
13.863	533.352	197.612	116.379
13.873	533.475	198.275	116.541
13.883	533.475	198.275	116.541
13.893	533.321	198.275	116.541
13.903	532.613	198.275	116.541
13.913	531.875	198.275	116.541
13.923	198.275	531.077	116.541
13.933	198.275	529.331	117.074
13.943	198.275	529.331	117.209
13.953	198.275	529.331	116.898
13.963	116.541	198.275	529.912
13.973	116.541	198.275	530.494
13.983	116.541	198.275	531.629
13.993	116.541	198.275	532.520
14.003	116.743	533.444	198.275
14.013	116.541	534.061	198.275
14.023	534.122	116.541	198.401
14.033	533.721	116.541	198.275
14.043	534.277	116.541	198.275
14.053	529.331	116.541	198.275
14.063	535.482	119.265	198.275
14.073	529.331	117.895	198.275
14.083	529.331	117.895	198.275
14.093	529.331	117.895	198.287
14.103	529.331	117.895	131.730
14.113	529.086	129.310	117.745
14.123	526.738	132.333	117.820
14.133	132.333	523.735	356.011
14.143	132.325	529.178	353.899
14.153	132.333	529.453	354.083
14.163	132.333	220.000	353.286
14.173	132.333	220.000	352.613
14.183	133.246	220.000	353.286
14.193	130.813	220.000	534.431
14.203	130.813	222.556	533.259
14.213	130.813	222.556	532.367
14.223	132.654	222.556	530.831
14.233	130.813	222.556	530.709
14.243	131.799	220.815	530.127
14.253	132.333	222.556	529.667
14.263	131.085	222.556	527.408
14.273	130.813	222.441	526.586
14.283	221.556	131.571	442.830
14.293	220.305	130.813	442.370
14.303	222.556	130.813	442.677	263.004
14.313	222.556	132.333	442.881	264.009
14.323	222.556	132.333	443.470
14.333	220.649	130.813	442.881
14.343	220.777	132.915	442.907
14.353	222.556	133.870	442.805
14.363	220.203	133.870	529.912
14.373	222.338	529.882	132.608
14.383	221.147	533.413	132.731
14.393	221.313	531.783	132.877
14.403	221.594	530.709	148.264
14.413	220.891	529.331	148.247
14.423	221.517	528.292	148.221
14.433	221.761	527.226	148.538
14.443	221.198	526.373	148.538
14.453	222.492	526.495	147.487
14.463	222.556	527.134	148.538
14.473	529.331	222.556	148.538
14.483	530.096	222.556	147.777
14.493	531.445	222.556	147.572
14.503	532.490	148.470	222.556
14.513	533.382	147.785	224.337
14.523	148.324	533.475	225.142
14.533	148.084	533.321	224.726	374.596
14.543	147.495	532.951	374.683	225.142
14.553	146.832	532.336	374.467	225.142
14.563	146.832	531.629	374.337	224.623
14.573	147.564	529.331	374.294	224.765
14.583	146.832	529.331	374.294
14.593	146.832	528.811	374.856
14.603	146.832	528.659	374.294
14.613	146.832	528.781	375.029
14.623	146.832	529.331	374.294
14.633	146.832	529.759	374.294
14.643	146.832	530.494	374.056
14.653	146.832	530.862	374.943	208.277
14.663	146.832	529.331	369.994	208.301
14.673	146.595	523.251	369.994	207.652
14.683	146.697	523.251	373.214	207.652
14.693	145.146	528.811	373.214
14.703	523.251	146.832	220.318
14.713	529.637	147.427	220.000
14.723	532.213	146.832	217.951
14.733	533.259	219.911	146.832
14.743	533.013	220.000	148.538
14.753	532.767	222.004	147.079
14.763	532.613	221.415	147.138
14.773	532.582	220.585	157.280
14.783	532.090	220.879	157.217
14.793	531.967	220.000	157.144
14.803	532.859	157.371	220.000
14.813	533.506	157.371	198.367
14.823	532.582	157.371	198.275
14.833	531.476	157.371	198.275
14.843	529.331	157.217	198.275
14.853	529.331	156.365	198.275
14.863	529.973	157.371	198.275
14.873	530.985	155.626	198.917
14.883	531.906	155.563	198.275
14.893	155.563	532.059	199.021
14.903	155.563	532.305	198.275
14.913	155.608	198.275	532.767
14.923	155.563	199.239	532.951
14.933	155.563	198.275	533.290
14.943	155.563	198.275	533.598
14.953	155.563	198.275	533.752
14.963	155.563	198.791	534.030
14.973	155.563	199.021	535.482
14.983	155.770	198.275	535.482
14.993	155.563	199.378	535.482
15.003	155.563	199.147	535.234
15.013	155.563	198.275	534.987
15.023	155.563	198.275	534.369
15.033	155.563	198.275	529.331
15.043	157.371	198.275	529.331	312.063
15.053	155.779	200.579	529.331	312.117
15.063	157.371	200.579	530.402	313.490
15.073	157.026	200.579	311.127	529.392
15.083	157.371	312.514	466.164	199.562
15.093	157.371	307.553	477.060	261.369
15.103	156.311	313.526	470.383	261.626
15.113	157.371	469.460	314.052	260.179
15.123	156.555	466.622	261.626	313.961
15.133	157.053	466.622	261.626	311.649
15.143	157.189	465.518	261.626	311.379
15.153	155.563	460.809	261.626	311.073
15.163	156.266	460.809	261.626	524.461
15.173	155.563	525.128	460.809	312.027
15.183	155.905	525.128	462.489	307.553
15.193	155.563	526.373	307.553	461.662
15.203	155.563	526.404	309.728	1313.417
15.213	153.777	526.100	309.621	378.643
15.223	153.777	524.977	374.250	310.194
15.233	525.432	153.777	373.775	442.753
15.243	524.977	152.010	445.113	374.510
15.253	525.159	154.811	444.933	374.358
15.263	525.280	153.777	441.579	374.488
15.273	525.644	154.936	440.814	374.077
15.283	525.553	154.802	442.779	374.467
15.293	155.860	526.952	443.368	374.294
15.303	156.818	440.000	527.835	369.994
15.313	157.726	440.000	529.331	374.294
15.323	157.090	434.946	529.606	373.624
15.333	157.371	434.946	530.739	373.667
15.343	157.854	434.946	529.698	374.294
15.353	158.146	434.519	531.752	391.000
15.363	158.392	435.877	383.042	535.111
15.373	157.954	450.285	391.995	531.138
15.383	157.589	434.946	391.995	234.717
15.393	157.371	391.995	437.896
15.403	156.972	396.550	230.405
15.413	156.492	395.224	235.790
15.423	155.770	392.857	235.790
15.433	155.563	235.790	391.995
15.443	155.563	236.677	394.289
15.453	157.371	235.790	394.813
15.463	155.563	236.131	395.338
15.473	155.402	236.581	396.253
15.483	155.869	236.691	396.550
15.493	155.563	236.445	396.550
15.503	157.362	236.595	396.986
15.513	156.781	236.609	396.550
15.523	157.371	236.390	396.550
15.533	157.371	236.267	396.550
15.543	236.349	157.371	396.550
15.553	236.281	396.550	157.908
15.563	236.267	396.550	157.799
15.573	236.267	396.321	156.212
15.583	236.458	396.115	157.480
15.593	236.677	396.390	158.109
15.603	236.540	396.069	157.826
15.613	236.937	395.909
15.623	237.129	395.224
15.633	394.540	237.801
15.643	396.550	238.420
15.653	396.550	238.530
15.663	396.550	238.971
15.673	395.886	237.938
15.683	395.818	222.197
15.693	222.209	395.749
15.703	222.556	92.152
15.713	222.556	92.264	434.946
15.723	222.556	90.386	442.498
15.733	220.000	92.520	448.908
15.743	222.556	90.815	441.757
15.753	222.556	93.573	441.655
15.763	222.556	92.499	441.783
15.773	222.556	92.697	442.038
15.783	222.556	93.325	442.293
15.793	222.556	93.573	442.574
15.803	94.126	222.556	443.060
15.813	93.573	222.556	443.368
15.823	93.573	222.556	443.291
15.833	92.804	222.556	437.289
15.843	93.530	222.235	443.419
15.853	93.223	222.556	448.053
15.863	92.499	222.556	443.906
15.873	93.573	222.556	443.701
15.883	93.428	221.799	443.726
15.893	92.911	222.556	447.303
15.903	93.573	222.556	444.034
15.913	93.573	222.556	444.162
15.923	93.573	222.556	440.559
15.933	92.499	222.556	440.000
15.943	92.943	222.364	445.113
15.953	93.131	221.581	445.138
15.963	92.408	445.524	222.556
15.973	92.499	445.113	222.338
15.983	92.788	450.285	97.699
15.993	93.573	97.790	450.285
16.003	93.692	97.999	466.541
16.013	92.499	97.999	466.487
16.023	97.982	92.499	471.117
16.033	99.138	462.757	92.889
16.043	98.050	466.164	92.889
16.053	97.999	466.164	92.889
16.063	97.999	466.164	197.521
16.073	97.999	466.164	197.578
16.083	97.999	466.164	197.635
16.093	97.999	464.551	197.133
16.103	97.999	466.191	197.760
16.113	97.999	197.247	466.325
16.123	97.999	197.031	466.164
16.133	97.999	198.275	466.164
16.143	97.999	198.275	466.164
16.153	97.999	198.275	467.269
16.163	97.728	198.275	467.458
16.173	97.688	198.275	466.164
16.183	97.942	198.275	471.580
16.193	97.982	198.275	471.580
16.203	97.903	198.275	467.755
16.213	97.999	198.241	93.573
16.223	97.999	198.275	93.573
16.233	97.999	198.275	93.110
16.243	97.999	198.275	93.013
16.253	97.999	198.172	92.916
16.263	97.999	198.138	92.499
16.273	97.999	198.275	92.499
16.283	98.169	198.069	92.499
16.293	98.464	198.035	295.964
16.303	99.080	296.015	197.031
16.313	295.298	99.138	116.662
16.323	296.118	116.541	466.918
16.333	296.443	116.541	467.485
16.343	296.409	116.541	467.998
16.353	296.135	116.541	469.352
16.363	295.844	116.541	469.244
16.373	297.077	117.895	468.837
16.383	296.237	116.541	471.580
16.393	296.391	116.541	471.580
16.403	296.734	116.541	468.864
16.413	116.259	293.665	466.245
16.423	116.521	290.292	230.405
16.433	116.541	293.292	231.887
16.443	116.494	293.665	231.699
16.453	116.406	295.315	231.793
16.463	116.541	297.077	464.202
16.473	116.460	297.730	467.404	232.437
16.483	116.541	297.833	467.404	231.806
16.493	116.541	297.077	467.350	349.874
16.503	116.541	297.077	468.188	398.686
16.513	115.863	297.077	467.728	398.640
16.523	116.238	296.511	468.350	401.158
16.533	116.986	295.793	467.755	396.550
16.543	116.191	295.571	468.810	398.963
16.553	116.541	294.940	467.998	398.824
16.563	116.541	294.259	467.566	398.410
16.573	294.889	116.541	467.755	397.881
16.583	295.622	116.413	467.431	397.582
16.593	295.195	116.541	467.242	397.559
16.603	297.077	116.541	467.485	397.697
16.613	297.077	116.541	467.566
16.623	297.077	116.541	467.188
16.633	297.077	119.265	466.164
16.643	297.094	119.265	466.164
16.653	298.315	116.541	131.533
16.663	297.077	130.813	117.440
16.673	299.957	130.813	444.162
16.683	132.333	297.077	450.285
16.693	132.333	298.315	450.285
16.703	132.333	442.421	300.529
16.713	130.813	441.375	262.640	302.549
16.723	132.333	440.178	310.176	262.716
16.733	131.040	439.010	308.407	263.096
16.743	130.813	437.769	311.703	262.731
16.753	130.813	440.000	312.622	262.473
16.763	130.813	438.503	312.550	262.397
16.773	131.040	312.532	440.000	262.701
16.783	132.333	313.020	439.695	262.913
16.793	132.333	313.255	441.273	263.278
16.803	132.333	313.563	444.727
16.813	131.822	313.508	441.783
16.823	131.146	313.436	442.012
16.833	132.004	313.020	442.140
16.843	313.110	131.624	445.113
16.853	312.821	130.813	445.113
16.863	312.821	130.813	445.113
16.873	313.581	131.943	441.120
16.883	313.907	440.000	132.333
16.893	313.219	440.000	131.259
16.903	440.000	313.128	130.813
16.913	438.123	312.839	130.813
16.923	438.706	312.207	132.333
16.933	440.000	313.708	131.464
16.943	438.883	314.125	395.224
16.953	440.000	312.442	396.550
16.963	440.000	312.207	396.413	157.371
16.973	440.051	394.631	311.919	157.371
16.983	445.113	396.550	308.889	157.371
16.993	444.291	394.927	311.127	148.693
17.003	445.113	394.745	148.633	311.127
17.013	445.113	150.264	394.403	311.109
17.023	434.946	148.538	390.820	297.026
17.033	443.906	148.538	300.529	375.745
17.043	441.910	148.538	296.374	375.723
17.053	440.000	148.153	376.614	296.511
17.063	440.000	146.832	375.788	296.665
17.073	440.000	147.956	375.485	296.272
17.083	148.307	441.196	375.463	293.665
17.093	148.196	440.763	375.311	293.665
17.103	148.538	441.145	375.138	296.768
17.113	147.657	375.788	440.687	297.077
17.123	147.393	375.333	440.814	297.060
17.133	146.994	375.181	441.910	296.700
17.143	148.102	375.463	442.166	296.426
17.153	146.832	375.463	441.706	296.066
17.163	146.934	375.615	442.089	297.077
17.173	146.832	375.919	441.171	296.391
17.183	146.832	375.615	441.171	297.077
17.193	146.832	374.294	429.950	295.878
17.203	146.832	374.575	440.000	297.077
17.213	146.561	374.337	438.959	295.127
17.223	146.604	374.661	438.402	297.077
17.233	147.436	375.463	440.000	294.276
17.243	146.832	375.138	434.946	293.851
17.253	146.832	374.294	438.326	290.292
17.263	146.697	369.994	438.351	290.292
17.273	146.832	374.964	528.934	438.452
17.283	146.832	369.994	529.056	438.554
17.293	148.538	528.048	440.000	378.643
17.303	528.079	148.538	440.000	97.988
17.313	527.286	146.832	438.528	97.999
17.323	528.079	97.999	440.000	148.102
17.333	527.957	97.999	438.326	147.572
17.343	528.018	97.999	435.877	147.623
17.353	527.835	97.999	438.731	386.532
17.363	525.523	97.891	437.491	195.636
17.373	97.999	529.331	437.289	193.612
17.383	97.999	438.225	523.251	194.711
17.393	97.999	437.213	523.251	195.681
17.403	97.999	439.264	523.251	200.579
17.413	97.999	437.137	523.251	237.266
17.423	97.999	440.000	238.048	531.107
17.433	97.999	434.946	236.035
17.443	97.999	238.530	434.946
17.453	97.999	237.458	437.137
17.463	97.999	237.430	437.112
17.473	97.999	236.527	434.921
17.483	97.999	235.790	440.000
17.493	97.999	237.389	437.112
17.503	97.999	236.581
17.513	97.249	235.790
17.523	97.519	236.226
17.533	97.778	235.790
17.543	97.637	235.790
17.553	97.705	235.790
17.563	97.491	235.790
17.573	97.541	235.790
17.583	97.993	235.872
17.593	97.999	235.790
17.603	97.999	235.790
17.613	97.999	235.790
17.623	97.999	235.790
17.633	98.260	236.158
17.643	98.362	236.404
17.653	98.174	235.790
17.663	98.436	235.790	193.389
17.673	98.635	235.858	195.207
17.683	97.999	236.090	196.474
17.693	97.999	236.951	195.060
17.703	98.282	235.790	391.068
17.713	97.999	235.790	390.752
17.723	98.061	235.790	390.594
17.733	97.988	236.581	390.504
17.743	97.999	236.896	389.490
17.753	97.999	235.790	389.715
17.763	97.999	235.790	389.265
17.773	97.999	235.790	391.136
17.783	97.999	236.677	392.086
17.793	97.999	236.513	392.494
17.803	98.209	235.804	392.902
17.813	98.123	235.790	393.993
17.823	98.214	235.790	394.882
17.833	97.999	236.513	395.133
17.843	97.999	236.677	395.932
17.853	97.384	235.995	394.357
17.863	97.999	237.019	393.970
17.873	97.999	235.954	393.379
17.883	97.999	237.170	392.948
17.893	97.999	236.704	392.517
17.903	97.999	236.377	392.154
17.913	97.999	237.348	390.436
17.923	97.999	236.008	391.701
17.933	97.999	237.197	389.783
17.943	97.999	236.185	389.220
17.953	97.999	236.431	391.249
17.963	97.603	235.790	391.091
17.973	97.999	235.790	392.403
17.983	98.084	237.129	393.538
17.993	98.101	236.104	394.904
18.003	98.157	236.814	394.927
18.013	98.169	236.896	395.658
18.023	98.453	235.831	393.811
18.033	99.138	237.567	394.107
18.043	99.138	235.804	394.448
18.053	98.567	236.745	394.722
18.063	98.407	236.691
18.073	98.140	235.790
18.083	97.999	235.790
18.093	98.140	235.790
18.103	97.999	236.855
18.113	97.999	236.718
18.123	97.886	236.076
18.133	97.999	237.115
18.143	97.999	235.845
18.153	97.999	236.704
18.163	97.999	236.240
18.173	98.288	235.790
18.183	98.567	235.790
18.193	98.515	235.790
18.203	98.316	235.790
18.213	99.138	236.090
18.223	99.138	235.790
18.233	99.138	235.790
18.243	99.138	235.790
18.253	99.138	236.814
18.263	99.138	236.117
18.273	98.436	235.858
18.283	98.835	236.923
18.293	98.983	235.790
18.303	98.698	235.790
18.313	97.999	235.790
18.323	97.999	235.314
18.333	97.999	235.790
18.343	97.999	235.790
18.353	98.050	235.804
18.363	98.061	236.404
18.373	97.999	235.790
18.383	97.999	235.790
18.393	99.138	235.790
18.403	99.138	235.450
18.413	99.138	235.763
18.423	99.138	394.403
18.433	99.138	393.766
18.443	99.138	401.158
18.453	97.999	396.550
18.463	97.999	396.390
18.473	98.010	401.158
18.483	97.999	390.346
18.493	97.999	396.550
18.503	97.846	396.550
18.513	98.350
18.523	98.783
18.533	99.138
18.543	99.138
18.553	98.846
18.563	99.138
18.573	98.812
18.583
18.593
18.603
18.613
18.623
18.633
18.643
18.653
18.663
18.673
18.683
18.693
18.703
18.713
18.723
18.733
18.743
18.753
18.763
18.773
18.783
18.793
18.803
18.813
18.823
18.833
18.843
18.853
18.863
18.873
18.883
18.893
18.903
18.913
18.923
18.933
18.943
18.953
18.963
18.973
18.983
18.993
19.003
19.013
19.023
19.033
19.043
19.053
19.063
19.073
19.083
19.093
19.103
19.113
19.123
19.133
19.143
19.153
19.163
19.173
19.183
19.193
19.203
19.213	149.416
19.223	149.270
19.233	149.123
19.243	148.977
19.253	150.264	434.946
19.263	149.140	438.706
19.273	149.701	441.783
19.283	148.538	443.316	294.531
19.293	148.538	440.000	290.292
19.303	148.951	440.000	293.665
19.313	146.832	448.027	295.485	357.391
19.323	146.832	446.400	295.400	352.980
19.333	146.832	444.547	294.923	353.286
19.343	146.832	442.396	295.229	352.960
19.353	146.832	440.000	297.077	352.654
19.363	146.832	440.000	357.391	297.077
19.373	146.832	352.389	438.680	293.309
19.383	146.832	352.532	437.314	294.395
19.393	146.832	352.695	435.751	294.616
19.403	146.832	352.125	435.675	295.930
19.413	146.832	352.349	439.492	295.690
19.423	148.316	352.308	440.000	295.485
19.433	148.538	352.267	440.000	296.032
19.443	147.931	352.634	434.946	295.502
19.453	148.538	352.450	441.426	296.546
19.463	148.136	352.450	445.113	295.468
19.473	148.538	352.491	446.709	296.648
19.483	148.538	352.186	441.859	296.203
19.493	148.256	352.064	441.859	290.292
19.503	148.538	352.389	450.128	296.135
19.513	148.538	351.678	442.574	296.751
19.523	148.401	352.288	440.000	296.494
19.533	148.538	351.657	440.000	296.683
19.543	148.538	351.921	440.000	296.871
19.553	148.538	351.942	437.238	297.094
19.563	148.538	351.840	436.129	300.529
19.573	148.538	352.532	436.381	300.529
19.583	148.538	352.288	437.946	297.317
19.593	148.538	352.634	439.975	297.231
19.603	147.973	352.288	441.171	297.111
19.613	148.538	352.267	442.319	296.734
19.623	148.538	352.043	443.291	290.292
19.633	148.538	352.410	440.916	297.249
19.643	148.538	352.227	440.000	296.700
19.653	148.538	352.369	440.000	297.472
19.663	148.538	352.450	440.000	296.974
19.673	352.186	148.538	445.113	298.108
19.683	352.797	148.538	444.188
19.693	352.410	148.667	442.421
19.703	353.286	148.538	441.145
19.713	352.573	146.832	441.069
19.723	352.756	146.832	297.988
19.733	352.491	146.832	299.212
19.743	352.369	146.832	299.403
19.753	353.286	150.264	298.746
19.763	353.204	148.384	300.529
19.773	352.858	150.821	297.077
19.783	353.286	297.713	148.581
19.793	353.286	297.060	93.094
19.803	352.389	466.164	92.499
19.813	464.149	92.499	349.228
19.823	466.164	99.138	93.573
19.833	99.138	468.756	93.573
19.843	100.289	466.757	93.573
19.853	97.999	469.216	290.292
19.863	97.999	466.541	292.564
19.873	97.999	468.783	294.701
19.883	98.635	293.665	466.164
19.893	98.356	296.631	466.164
19.903	99.138	297.043	468.918
19.913	99.138	297.077	460.809
19.923	99.138	297.077	460.809
19.933	99.138	296.888	465.437
19.943	99.138	296.991	465.491
19.953	99.138	296.614	466.164
19.963	99.138	296.888	466.164
19.973	99.138	296.905	466.164
19.983	98.373	296.391	466.164
19.993	98.254	466.164	296.323
20.003	99.138	466.164	296.511
20.013	98.926	466.164	296.923
20.023	98.692	466.164	296.477
20.033	99.138	463.506	297.077	196.360
20.043	98.846	460.809	297.111	196.928
20.053	99.138	460.809	297.506	395.635
20.063	99.138	460.809	297.730	395.841
20.073	460.809	99.138	300.529	395.384
20.083	460.809	98.920	297.146	395.224
20.093	460.809	99.149	298.091	395.201
20.103	460.809	99.138	394.198	298.126
20.113	460.809	395.292	298.177	99.138
20.123	466.164	393.925	298.522	99.138
20.133	462.169	395.224	298.143	99.109
20.143	462.089	395.452	298.401	99.115
20.153	464.793	396.986	298.453	110.996
20.163	463.640	395.978	297.902	111.015
20.173	462.703	395.704	297.300	110.000
20.183	462.356	396.321	297.077	111.278
20.193	464.631	395.292	297.747	111.278
20.203	460.809	395.018	297.541	111.278
20.213	462.009	395.452	298.229	111.278
20.223	395.155	297.799	460.809	111.278
20.233	395.247	297.713	111.278	460.809
20.243	395.521	297.077	111.278	462.463
20.253	395.315	111.073	297.300	466.164
20.263	111.246	297.077	395.338	466.164
20.273	111.278	297.077	395.635	466.164
20.283	111.272	297.077	395.612	466.164
20.293	110.855	298.350	396.550	464.658
20.303	111.278	298.418	395.749	466.164
20.313	111.278	297.644	396.184	464.658
20.323	111.143	299.212	395.841	466.164
20.333	111.278	299.593	466.164
20.343	111.060	464.658	299.662
20.353	110.650	460.809	300.529
20.363	111.278	460.809	298.971
20.373	111.278	463.051	298.884
20.383	112.571	298.677
20.393	112.571	298.350
20.403	111.671	297.988
20.413	297.644	390.256
20.423	297.317	389.940
20.433	298.367	389.805
20.443	296.323	387.493	116.541
20.453	297.077	389.445	117.528
20.463	296.768	113.879	390.188
20.473	296.374	117.895	237.088
20.483	296.614	119.265	237.581
20.493	296.409	119.265	233.082	391.995
20.503	296.563	119.265	235.790	391.995
20.513	296.409	119.265	235.790	785.078
20.523	297.077	119.265	235.790	786.667
20.533	296.546	117.054	238.530	790.083
20.543	296.443	119.265	236.540	790.767
20.553	119.265	296.374	235.790	788.396
20.563	118.695	296.357	237.773	789.262
20.573	118.681	296.186	237.883	788.578
20.583	119.265	296.083	235.790	785.759
20.593	119.265	293.665	783.991	235.790
20.603	117.895	295.895	785.487	238.530
20.613	118.448	293.665	785.078	237.293
20.623	117.657	297.077	779.611	238.530
20.633	119.265	293.665	784.263	237.403
20.643	119.265	296.049	782.091	235.790
20.653	117.895	297.077	782.769	238.530
20.663	119.265	295.400	237.760	783.991
20.673	119.265	295.793	237.911
20.683	293.665	119.265	238.048
20.693	295.485	119.265	238.213
20.703	295.622	237.842	119.265
20.713	238.282	296.768	119.265
20.723	238.530	130.813	393.857
20.733	238.530	130.813	393.175
20.743	238.530	130.813	394.243
20.753	238.530	130.813	397.215
20.763	238.530	130.813	396.550
20.773	238.530	130.813	394.540
20.783	238.530	130.722	295.025
20.793	238.227	130.813	297.077
20.803	130.813	238.530	294.735
20.813	130.813	238.530	294.633
20.823	130.813	238.530	294.718
20.833	130.813	238.530	293.597
20.843	132.333	238.530	294.480	527.286
20.853	130.813	237.238	293.665	527.226
20.863	130.813	238.530	294.480	526.708
20.873	130.813	238.530	294.480	526.586
20.883	130.813	238.530	293.665
20.893	130.813	238.530	294.514
20.903	238.530	130.813	297.077
20.913	238.530	132.333	293.665
20.923	238.530	132.333	294.769
20.933	235.790	130.813	294.906
20.943	235.790	132.333	295.076
20.953	238.530	132.333	295.195
20.963	238.530	132.333	295.127
20.973	238.530	132.333
20.983	237.142	294.752
20.993	238.530	294.021
21.003	296.665	235.790
21.013	295.707	236.267	390.797
21.023	295.195	391.995	235.858
21.033	297.077	388.434	148.179
21.043	293.665	148.538	388.479
21.053	290.292	147.854	390.594
21.063	290.292	147.802	391.023
21.073	290.292	148.538	391.995
21.083	147.948	290.292	222.569
21.093	148.538	298.953	222.556
21.103	147.674	299.195	222.556
21.113	148.538	222.556	290.292
21.123	148.538	222.556	345.058
21.133	148.358	222.556	345.217
21.143	148.538	222.659	345.317
21.153	148.341	222.556	346.476
21.163	148.538	222.556	347.879
21.173	148.538	222.556	347.137
21.183	147.266	222.685	348.181
21.193	148.324	222.556	347.036
21.203	148.538	222.492	348.523
21.213	148.538	222.556	349.107
21.223	222.556	349.289	148.538
21.233	222.556	350.542	148.538
21.243	222.556	350.704	148.538
21.253	222.608	352.084	148.538
21.263	223.729	351.698	148.538
21.273	223.148	351.312	148.538
21.283	222.556	350.744	148.538
21.293	223.148	349.895	150.264
21.303	223.510	348.402	149.477
21.313	223.187	348.040	149.028
21.323	222.556	347.638	149.080
21.333	224.014	348.906	132.180
21.343	222.556	349.228	132.333
21.353	222.556	349.571	132.188
21.363	350.400	222.556	132.333
21.373	350.744	222.775	132.333
21.383	351.921	222.556	131.328
21.393	351.312	222.556	132.333
21.403	352.837	222.556	132.333
21.413	352.003	132.096	222.556
21.423	352.573	132.333	222.556
21.433	352.858	132.333	223.045
21.443	132.333	352.471	225.702
21.453	132.333	352.430	223.007
21.463	132.333	352.369	222.968
21.473	132.333	352.410	222.556
21.483	132.333	222.556	350.988
21.493	132.134	223.032	351.251
21.503	131.343	222.556	350.238
21.513	132.333	222.556	349.996
21.523	132.088	222.556	349.228
21.533	222.556	132.333	350.684
21.543	223.161	132.333	350.542
21.553	222.788	132.333	295.417
21.563	222.556	130.813	297.403
21.573	222.556	131.335	294.923
21.583	222.556	131.495	296.923
21.593	222.556	294.463	132.333
21.603	222.556	294.412	131.814
21.613	222.556	295.793	131.784
21.623	290.292	222.556	779.881
21.633	290.292	225.142	782.182
21.643	296.254	223.213	779.160
21.653	293.665	115.249	784.534
21.663	293.665	113.879	783.131
21.673	293.665	115.202	783.357
21.683	115.202	293.512	783.991
21.693	115.202	293.580	235.790
21.703	117.895	290.292	236.104
21.713	116.541	237.869	293.665	784.217
21.723	116.541	237.636	295.417	785.850
21.733	116.541	237.074	295.332	784.625
21.743	116.541	237.334	294.344	391.995
21.753	116.541	237.622	294.906	391.995
21.763	116.541	237.828	294.548	391.995
21.773	116.541	237.746	294.684	391.995
21.783	116.541	237.225	391.995	294.906
21.793	116.716	237.279	391.633	294.633
21.803	118.270	236.869	389.963	294.718
21.813	116.541	237.019	391.181	294.531
21.823	116.932	236.663	391.113	294.667
21.833	116.898	390.076	236.622	294.616
21.843	116.541	390.166	236.855	294.633
21.853	116.541	389.940	236.704	297.077
21.863	116.541	391.995	236.732	294.769
21.873	116.676	391.995	236.609	294.616
21.883	116.541	391.995	295.212	236.951
21.893	117.358	391.995	295.195	236.745
21.903	117.446	391.995	295.383	238.530
21.913	119.265	387.247	293.665	236.882
21.923	119.265	389.490	296.477	235.790
21.933	118.736	391.046	290.292	236.855
21.943	117.895	290.292	390.639	110.996
21.953	116.541	290.292	390.594	110.861
21.963	111.278	117.895	217.473	292.530
21.973	111.278	217.473	117.950	395.544
21.983	111.278	217.473	429.950	117.970
21.993	111.278	220.000	429.950	530.035
22.003	111.278	219.328	429.950	530.004
22.013	110.458	222.556	434.946	529.331
22.023	108.737	220.000	429.950	530.647	788.988
22.033	108.737	220.000	433.441	529.331	791.864
22.043	108.737	220.000	531.414	434.093	374.294
22.053	111.207	217.473	530.065	369.994	434.720
22.063	110.000	219.911	530.157	365.745	792.780
22.073	109.892	221.134	529.331	795.211	377.594
22.083	110.000	214.975	529.331	799.494	377.006
22.093	110.000	222.556	797.603	529.943	372.826
22.103	110.000	220.496	792.093	529.973	372.783
22.113	110.000	222.556	792.093	532.028	372.740
22.123	110.503	220.815	794.981	529.331	374.294
22.133	108.737	222.556	795.256	376.331	529.331
22.143	108.737	220.904	794.614	374.294	529.331
22.153	108.737	221.121	790.996	365.745	529.331
22.163	108.737	220.127	794.338	365.745	529.331
22.173	108.737	220.598	799.586	372.654	530.586
22.183	108.737	221.274	799.263	373.300	531.844
22.193	108.737	221.121	794.660	374.294	530.985
22.203	108.737	222.043	796.222	376.962
22.213	108.737	221.364	802.316	377.245
22.223	108.737	222.081	802.316	378.315
22.233	108.737	221.402	798.571	375.008
22.243	107.488	98.010	221.453	798.894
22.253	107.488	98.010	432.766	221.517
22.263	97.999	108.737	460.171	432.566
22.273	97.999	108.317	459.932
22.283	97.999	459.666	108.285
22.293	97.999	459.719	296.169
22.303	97.999	460.809	296.186
22.313	97.999	460.809	394.768
22.323	98.192	460.809	396.550
22.333	97.999	460.809	394.540	296.854
22.343	97.999	458.341	394.403	296.357
22.353	97.999	455.517	394.198	296.528
22.363	97.999	455.517	394.243	296.289
22.373	97.999	455.517	394.175	296.083
22.383	97.999	457.441	394.084	295.776
22.393	97.999	394.130	455.517	295.588
22.403	98.316	394.426	455.517	295.759
22.413	98.356	394.198	455.517	295.707
22.423	98.135	394.335	460.809	294.889
22.433	98.129	455.517	394.266	295.195
22.443	98.305	460.809	295.144	394.699
22.453	98.226	295.502	460.809	394.676
22.463	98.277	295.742	458.632	394.722
22.473	98.316	295.861	460.809	395.292
22.483	98.078	296.340	460.809	394.927
22.493	98.197	296.237	460.809	395.270
22.503	97.999	296.528	457.283	394.996
22.513	99.138	296.340	455.517
22.523	296.443	99.138	455.517
22.533	296.546	98.373	457.177
22.543	296.648	99.138	456.860
22.553	296.374	455.254	99.138
22.563	297.077	395.635	456.570
22.573	297.077	395.658	452.945
22.583	297.077	395.247	456.544
22.593	297.077	395.224	115.136	456.280
22.603	297.077	395.315	115.202	457.653
22.613	297.077	395.452	115.202	459.879
22.623	297.249	395.909	114.996	457.124
22.633	297.352	395.589	115.202	457.230
22.643	297.575	395.429	116.541	459.215
22.653	297.317	395.886	116.541	457.864
22.663	297.128	395.726	116.541	456.148
22.673	297.266	395.201	116.541	455.517
22.683	297.077	394.973	116.541	455.517
22.693	116.790	297.197	394.448	457.891
22.703	116.541	297.403	394.175	457.441
22.713	116.541	297.489	393.993	458.976
22.723	116.541	297.885	393.356	459.773
22.733	116.541	297.833	394.221	460.038
22.743	115.202	393.811	297.867	460.277
22.753	115.202	393.857	297.816	458.923
22.763	115.202	394.175	298.418	459.162
22.773	394.585	115.202	298.315	234.256
22.783	396.550	115.202	298.470	233.217
22.793	395.452	115.202	298.505	233.338
22.803	395.864	116.541	298.591	233.284
22.813	396.550	116.716	299.230	233.243
22.823	397.490	116.541	297.077	233.675
22.833	397.330	116.541	298.126	230.405
22.843	399.885	116.541	298.074	438.604
22.853	396.825	116.541	440.000
22.863	397.651	438.022	116.379
22.873	403.156	438.022	116.447
22.883	437.567	396.550	132.172
22.893	435.022	398.134	132.333
22.903	435.600	132.333	398.134
22.913	437.339	132.119	310.858
22.923	440.000	132.333	311.127
22.933	440.000	131.343	311.127
22.943	440.000	132.333	311.127
22.953	440.000	132.333	311.127
22.963	440.000	131.806	311.649
22.973	436.607	132.333	312.803
22.983	440.000	132.333	313.363
22.993	440.000	131.017	313.599
23.003	441.630	132.333	313.219
23.013	131.905	312.749	440.967
23.023	132.333	312.496	440.000
23.033	131.040	312.424	440.000
23.043	131.974	312.568	434.946
23.053	131.586	312.568	434.946
23.063	131.403	434.946	312.586
23.073	132.333	434.946	313.074
23.083	131.055	435.424	313.309
23.093	132.333	436.255	313.581
23.103	131.913	438.528	314.161
23.113	132.333	440.000	314.488
23.123	130.813	440.789	314.742
23.133	441.757	131.639	314.742
23.143	443.547	132.333	314.742
23.153	442.012	130.828	314.324
23.163	440.356	130.813	263.080
23.173	440.000	132.333	262.519
23.183	439.187	132.333	262.428
23.193	440.000	132.333	145.566
23.203	437.289	133.870	145.146
23.213	440.000	145.146	133.870
23.223	434.946	145.146	293.665
23.233	434.319	145.146	293.665
23.243	436.532	146.316	293.665
23.253	437.264	146.832	297.077
23.263	440.000	146.832	297.077
23.273	146.832	435.323	295.110
23.283	146.832	429.950	297.077
23.293	148.538	440.000	294.548
23.303	146.832	437.896	295.588
23.313	146.832	438.250	374.661
23.323	148.221	374.943	440.178
23.333	147.820	375.203	440.000
23.343	148.496	375.441	440.000
23.353	148.127	374.921	440.000
23.363	148.144	374.640	439.822
23.373	147.555	374.791	439.873
23.383	146.832	374.661	439.492
23.393	146.790	375.788	439.517	295.912
23.403	147.487	437.971	374.294	295.468
23.413	147.053	437.794	374.294	295.008
23.423	147.087	374.964	436.910	264.666
23.433	145.146	374.856	436.103	294.072
23.443	145.146	375.159	436.708	294.480
23.453	145.146	375.311	440.000	526.313
23.463	146.832	375.419	434.946	527.469
23.473	146.832	374.791	431.518	526.617
23.483	146.832	374.488	526.070	429.950
23.493	146.832	525.705	375.962	436.003
23.503	146.832	526.039	376.331	438.123
23.513	146.519	525.766	437.011	374.294
23.523	147.155	525.705	437.617	387.493
23.533	146.832	525.219	438.225	387.493
23.543	149.996	525.675	387.493	439.517
23.553	148.538	524.613	387.918	439.264
23.563	524.583	148.538	387.493	440.000
23.573	387.941	440.000	525.250	148.822
23.583	387.493	445.113	526.039	146.832
23.593	388.793	438.174	526.070	148.033
23.603	440.000	388.793	526.252	95.761
23.613	438.579	389.175	97.609	528.048
23.623	97.999	440.000	388.659	528.262
23.633	97.999	440.000	388.479	193.959
23.643	97.999	439.975	192.664	249.566
23.653	97.999	249.623	193.746	439.898
23.663	97.999	249.811	194.049	439.797
23.673	97.999	249.811	194.846	439.644
23.683	97.999	249.508	194.858	294.531
23.693	97.999	249.811	194.655
23.703	97.305	248.990	194.318
23.713	96.873	249.306	294.701
23.723	96.873	248.875	294.361
23.733	96.873	249.091	294.514
23.743	96.873	249.811	294.310
23.753	96.873	248.372	294.531
23.763	96.873	246.942	293.817
23.773	96.907	247.770	294.242	194.464
23.783	96.873	249.119	293.665	194.509
23.793	97.999	247.513	294.361	194.038
23.803	97.999	248.387	194.060	294.412
23.813	97.999	247.613	194.228	294.480
23.823	97.999	248.631	193.746	294.565
23.833	97.120	247.971	195.998	294.889
23.843	97.266	248.473	195.998	294.855
23.853	97.474	248.530	194.936	294.974
23.863	97.999	247.985	195.207	294.838
23.873	97.999	248.688	195.049
23.883	97.294	247.656	194.981
23.893	97.999	247.985	194.273
23.903	97.131	247.313	195.218
23.913	97.999	248.028	195.083
23.923	97.999	247.441	195.432
23.933	97.999	248.573	194.891
23.943	97.592	247.799	195.998
23.953	97.440	249.004	195.998
23.963	97.367	247.699	295.264
23.973	97.502	248.645	295.025
23.983	97.846	247.670	295.212
23.993	97.778	246.942	295.195
24.003	97.553	246.942	295.110
24.013	97.948	246.642	295.076
24.023	98.186	246.942	295.059
24.033	97.999	246.942	294.889
24.043	97.508	247.427	294.974
24.053	97.367	247.570	194.891
24.063	97.999	247.828	194.363
24.073	97.513	247.570	195.998
24.083	97.824	247.985	194.475
24.093	97.999	247.127	194.948
24.103	97.931	246.942	194.442
24.113	97.846	246.799	194.655
24.123	97.999	246.714	194.240
24.133	97.328	246.386	195.998
24.143	97.086	246.343	294.821
24.153	97.086	246.229	294.718
24.163	96.873	245.931	294.769
24.173	96.873	246.358	294.735
24.183	96.873	245.803	294.786
24.193	96.873	246.471	294.991
24.203	96.873	245.732	295.195
24.213	97.198	246.471	295.349
24.223	97.013	246.414	295.349
24.233	97.041	246.942	295.520
24.243	97.999	247.099	295.315
24.253	97.999	247.184	295.383
24.263	97.999	246.942	295.468
24.273	97.999	246.885	194.139
24.283	97.999	247.184	194.543
24.293	97.999	246.984	194.116
24.303	97.999	246.942	194.835
24.313	97.999	247.056	295.810
24.323	97.999	246.942	295.844
24.333	97.999	246.813	295.707
24.343	97.999	245.860	295.673
24.353	97.999	246.244	295.656
24.363	97.999	245.519	295.639
24.373	97.711	245.562	295.793	393.447
24.383	97.463	246.016	295.742	393.084
24.393	97.999	246.942	295.571	396.550
24.403	97.238	246.913	295.434	392.426
24.413	97.125	245.803	194.105	295.366
24.423	96.873	246.571	195.998	295.417
24.433	97.999	245.761	193.746	294.735
24.443	97.999	245.732	193.076	294.582
24.453	97.999	245.619	193.400	294.463
24.463	97.999	245.378	192.998	290.292
24.473	96.873	246.272	195.998	294.429
24.483	97.999	247.113	193.746	294.633
24.493	97.908	246.942	194.251
24.503	97.999	248.300	194.745
24.513	97.999	248.645	194.925
24.523	97.999	249.062	296.152
24.533	97.999	249.724	295.981
24.543	97.999	249.811	296.306
24.553	97.999	250.273	295.981
24.563	98.243	249.811	296.357
24.573	97.999	249.811	295.742
24.583	98.316	249.768	296.100
24.593	98.641	249.350	296.015
24.603	98.180	248.961	295.912
24.613	97.999	248.674	295.810
24.623	97.999	246.942	295.656
24.633	97.643	246.942	295.485
24.643	97.716	246.016	295.315
24.653	97.463	246.059	295.195
24.663	97.198	245.945	194.858
24.673	97.395	245.903	194.565
24.683	97.137	246.557	194.543
24.693	97.637	245.803	194.094
24.703	97.999	246.685	194.588
24.713	97.976	246.372	393.288
24.723	97.999	246.657	393.288
24.733	98.373	246.628	391.995
24.743	97.999	247.170	394.973
24.753	98.157	247.556	395.886
24.763	97.999	248.329	396.047
24.773	98.738	248.975	392.245
24.783	98.595	249.811	387.493
24.793	98.612	249.811	391.565
24.803	98.118	251.244	391.905
24.813	97.999	250.809	390.752
24.823	97.999	252.714	390.933
24.833	97.999	250.215	389.490
24.843	97.999	252.714	389.805
24.853	97.999	389.693	249.638
24.863	97.999	390.030	249.177
24.873	97.999	250.925	390.662
24.883	97.999	249.811	392.313
24.893	97.999	246.942	392.698
24.903	97.999	246.942	393.561
24.913	97.999	246.942	394.107
24.923	97.999	244.105	396.092
24.933	99.138	244.105	395.704
24.943	97.479	244.458	396.115
24.953	97.999	245.335	393.675
24.963	97.999	392.585	245.463
24.973	97.999	396.550	246.942
24.983	97.999	389.423	246.942
24.993	97.999	396.550	248.688
25.003	97.999	388.883	247.985
25.013	97.389	391.995	248.918
25.023	97.999	390.617	249.811
25.033	97.999	391.656	248.904
25.043	97.999	392.970	249.306
25.053	99.138	393.515	249.623
25.063	98.470	387.493	251.854
25.073	99.138	395.133	249.999
25.083	99.138	401.158	252.714
25.093	100.289	395.544	249.840
25.103	98.840	395.133
25.113	393.879	99.138
25.123	393.061	98.817
25.133	97.999	394.904
25.143	97.999
25.153	98.692
25.163	98.641
25.173	98.555
25.183	98.430
25.193
25.203
25.213
25.223
25.233
25.243
25.253
25.263
25.273
25.283
25.293
25.303
25.313
25.323
25.333
