0.023
0.033
0.043
0.053
0.063
0.073
0.083
0.093
0.103
0.113	237.019
0.123	237.088
0.133	237.115
0.143	237.129
0.153	235.790	466.164
0.163	237.088	471.580
0.173	236.951	478.219
0.183	238.530	474.038
0.193	238.530	475.492
0.203	236.937	474.641
0.213	237.033	298.660	473.272
0.223	237.033	298.436	473.163
0.233	236.841	298.298	473.026
0.243	236.691	298.022	478.080
0.253	236.896	297.472	98.914
0.263	236.828	297.678	98.932
0.273	236.076	99.138	297.523
0.283	237.005	99.138	297.334
0.293	237.156	96.873	296.169
0.303	235.954	100.289	296.289
0.313	237.471	99.138	296.785
0.323	237.471	99.138	296.631
0.333	236.691	99.138	193.982
0.343	237.746	99.138	194.318
0.353	236.581	99.138	193.970
0.363	237.170	99.063	194.004
0.373	237.293	99.138	193.746
0.383	235.981	99.138	194.071
0.393	237.471	99.138	194.105
0.403	236.773	99.138	194.161
0.413	236.513	97.999	194.206
0.423	237.911	99.138	193.746
0.433	236.581	99.138	194.318
0.443	237.828	100.289	780.331
0.453	237.760	97.999	779.430
0.463	236.499	97.999	779.385
0.473	237.924	97.999	779.520
0.483	238.076	97.671	391.362
0.493	236.445	97.999	390.955
0.503	236.882	98.231	389.400
0.513	237.266	388.591	294.395
0.523	236.759	390.459	294.293
0.533	237.211	390.211	294.480
0.543	237.334	390.752	295.434
0.553	237.156	389.963	111.278
0.563	236.527	111.278	389.850
0.573	236.732	111.858	389.850
0.583	236.896	111.278	389.850
0.593	237.019	111.278	389.715
0.603	237.513	111.278	389.783
0.613	111.652	237.677	389.490
0.623	111.278	237.471	390.030
0.633	111.278	389.108	237.567
0.643	111.278	390.684	236.992
0.653	111.278	389.873	237.307
0.663	111.278	390.662	238.530
0.673	389.355	111.278	238.530
0.683	389.423	111.278	237.801
0.693	388.704	111.278	294.140
0.703	388.277	111.278	293.682
0.713	388.053	111.278	294.480
0.723	388.008	111.278	294.157
0.733	387.986	112.227	294.940
0.743	388.120	111.278	294.429
0.753	387.493	112.571	294.616
0.763	387.493	111.832	232.517
0.773	383.042	112.571	232.544
0.783	383.042	227.758	116.104
0.793	233.082	117.108	385.996
0.803	233.082	117.236	385.796
0.813	234.879	119.265	296.494
0.823	234.649	115.556	296.546
0.833	233.082	117.895	297.300
0.843	117.895	234.216	297.077	349.188
0.853	117.895	235.654	296.186	349.228
0.863	117.895	235.532	296.460	349.228
0.873	117.895	235.382	296.460	345.217
0.883	117.895	234.988	296.152
0.893	116.541	234.717	295.998
0.903	116.541	295.759	234.540
0.913	116.541	295.639	234.500
0.923	117.895	295.332	234.216
0.933	115.202	295.485	234.351
0.943	115.202	234.527	295.178
0.953	117.297	234.297	295.042
0.963	234.256	294.906	116.541
0.973	234.310	294.906	116.541
0.983	234.040	294.803	116.541
0.993	234.134	294.718	116.541
1.003	234.310	294.838	116.541
1.013	234.202	294.667	116.541
1.023	234.216	294.684	116.541
1.033	234.216	294.480	116.541
1.043	233.837	294.786	116.541
1.053	233.783	294.701	349.228
1.063	234.446	294.752	349.228
1.073	235.219	294.667	346.056
1.083	235.205	294.378	346.636
1.093	235.124	294.191	346.956
1.103	235.790	294.548	348.322
1.113	235.790	293.665	348.201
1.123	235.681	294.548	348.563
1.133	235.790	294.633	349.228
1.143	235.790	295.315	349.228
1.153	235.790	294.412	349.228
1.163	235.790	294.123	351.515
1.173	235.790	295.178	350.684
1.183	235.790	294.803	351.576
1.193	235.790	293.902	351.556
1.203	235.790	294.991	350.542
1.213	235.790	295.076	350.076
1.223	235.790	294.004	349.228
1.233	235.790	294.565	347.839
1.243	235.790	295.229	345.936
1.253	235.790	293.936	346.816
1.263	346.036	235.790	294.276
1.273	345.217	235.790	295.212
1.283	346.275	235.790	294.565
1.293	347.217	235.790	294.191
1.303	346.556	236.745	296.015
1.313	348.563	237.801	296.049
1.323	347.960	237.389
1.333	349.228	297.077
1.343	349.228	297.077
1.353	349.228	296.340
1.363	350.178	296.494
1.373	348.885	296.648
1.383	349.047	296.820
1.393	695.678	149.641
1.403	695.839	149.537
1.413	694.875	150.264
1.423	695.759	150.264
1.433	695.518	150.264	220.127
1.443	695.759	148.538	217.473
1.453	695.638	148.839	220.000
1.463	695.156	148.538	220.000
1.473	220.000	698.456	148.822
1.483	221.428	148.538	698.456
1.493	222.055	147.768	698.456
1.503	222.453	148.213	698.618
1.513	221.594	150.264	701.084
1.523	222.556	148.513	295.298
1.533	221.902	146.832	295.229
1.543	222.274	148.444	350.339
1.553	221.121	352.613	146.832
1.563	220.726	352.003	294.957
1.573	220.866	350.643	295.025
1.583	221.108	349.228	294.514
1.593	220.726	350.420	295.042
1.603	220.471	351.048	294.531
1.613	220.611	349.935	294.752
1.623	350.420	220.611	294.650
1.633	349.693	221.249	294.684
1.643	349.632	221.402	294.769
1.653	350.623	220.331	147.811
1.663	349.874	221.262	150.264
1.673	350.846	146.832	220.000
1.683	350.501	148.239	220.000
1.693	351.231	146.832	220.585
1.703	350.299	147.427	294.838
1.713	350.744	147.274	294.838
1.723	350.319	146.832	294.855
1.733	350.603	148.538	233.851
1.743	350.582	147.368	233.986
1.753	350.481	150.943	234.094
1.763	350.846	146.832	233.082
1.773	350.441	148.538	233.082
1.783	351.008	146.832	233.082
1.793	350.785	146.832	234.581
1.803	351.454	235.790	146.832
1.813	351.657	235.790	146.832
1.823	351.739	235.110	147.257
1.833	235.232	352.227	146.832
1.843	234.961	351.739	147.257
1.853	234.839	351.962	147.342
1.863	234.798	351.556	146.832
1.873	234.703	352.064	147.726
1.883	234.744	353.286	146.832
1.893	234.690	148.153	353.286
1.903	234.513	148.538	352.410
1.913	234.581	148.538	295.520
1.923	234.595	148.538	295.673
1.933	234.391	148.538	391.837
1.943	234.500	150.264	391.860
1.953	234.730	150.264	391.995
1.963	235.069	391.995	149.166
1.973	235.790	390.865	149.244
1.983	235.790	391.995	167.879
1.993	391.995	235.790	167.879
2.003	391.995	235.368	168.666
2.013	392.086	167.501	235.790
2.023	393.356	167.772	296.066
2.033	168.666	392.131	295.964
2.043	166.729	392.131	297.077
2.053	166.883	295.298	391.995
2.063	297.077	167.666	391.995
2.073	294.684	168.666	391.995
2.083	295.998	167.559	392.086
2.093	295.827	167.462	392.109
2.103	294.310	168.666	391.995
2.113	296.665	166.729	392.267
2.123	294.242	391.995	166.729	198.275
2.133	294.957	391.995	166.893	197.475
2.143	295.690	391.995	166.729	198.275
2.153	293.665	392.562	166.642	198.275
2.163	296.015	391.995	166.517	197.635
2.173	294.004	391.995	166.729	198.275
2.183	293.767	395.110	166.729	198.275
2.193	293.665	166.277	395.292	197.555
2.203	293.665	165.491	391.995	198.035
2.213	297.077	163.534	392.653	195.998
2.223	294.599	166.729	391.995
2.233	166.729	293.767	391.995
2.243	166.729	297.077	392.403
2.253	166.729	294.855	391.995
2.263	166.729	391.995	296.940
2.273	166.729	392.109	300.529
2.283	166.729	391.995	296.580
2.293	166.729	391.995	196.043
2.303	164.814	391.950	195.998
2.313	166.729	391.950
2.323	166.729	391.860
2.333	166.729	391.724
2.343	166.729	391.950
2.353	166.584	391.928	265.815
2.363	166.729	391.995	264.666
2.373	166.729	391.995	265.339
2.383	166.296	392.267	265.002
2.393	166.729	264.238	391.995
2.403	166.729	264.666	391.928
2.413	166.729	265.508	391.905
2.423	166.729	265.431	391.995
2.433	166.729	264.849	391.995
2.443	166.729	264.666	391.769
2.453	166.729	264.773	392.177
2.463	166.729	264.788	391.995
2.473	166.729	263.994	391.475
2.483	166.729	264.834	196.974
2.493	168.666	264.452	197.167
2.503	167.559	264.666	198.275
2.513	168.530	264.666	178.561
2.523	265.278	167.540	178.551
2.533	265.431	178.541	435.877
2.543	178.696	267.679	434.946
2.553	178.696	434.946	264.666
2.563	178.696	434.946	265.584
2.573	178.696	434.946	265.615
2.583	178.005	434.946	265.584
2.593	177.841	440.000	267.741
2.603	178.696	439.695	266.183
2.613	178.696	437.542	265.033
2.623	178.696	437.390	264.666
2.633	177.944	438.630	264.666
2.643	178.314	438.174	263.994
2.653	178.067	437.870	264.666
2.663	177.985	437.087	264.910
2.673	177.759	437.112	264.666
2.683	177.605	437.314	264.666
2.693	177.872	437.163	264.666
2.703	177.400	437.516	266.306
2.713	177.430	436.986	264.666
2.723	177.677	436.860	264.666
2.733	177.841	436.935	264.666
2.743	177.995	436.557	264.666
2.753	177.697	436.633	264.727
2.763	177.954	436.003	264.666
2.773	435.952	178.242	264.666
2.783	436.103	178.242	264.666
2.793	435.600	176.643	266.583
2.803	436.204	178.696	265.125
2.813	436.204	176.960	264.956
2.823	436.179	176.898	264.773
2.833	436.406	176.643	264.666
2.843	437.188	178.696	264.666
2.853	440.000	178.696	217.473
2.863	438.225	176.745	220.000
2.873	438.376	174.614	220.000
2.883	438.402	176.378	220.000
2.893	438.452	220.700	174.614
2.903	220.000	434.946	176.643
2.913	220.777	174.614	436.835
2.923	221.274	176.755	434.946
2.933	220.432	176.643	436.406
2.943	217.473	176.643	436.078
2.953	220.458	175.859	434.946
2.963	220.000	176.205	435.474
2.973	217.473	174.614	435.223
2.983	217.473	176.195	435.072
2.993	220.292	175.717	434.946
3.003	217.473	175.849	436.935
3.013	217.473	175.038	434.695
3.023	220.000	176.643	434.946
3.033	220.942	174.614	429.950
3.043	221.390	175.991	429.950
3.053	176.510	220.000	350.947
3.063	176.317	220.000	350.907
3.073	350.501	176.062	220.000
3.083	345.217	176.123	220.013
3.093	350.299	178.696	788.123	429.950
3.103	350.846	176.643	783.991	433.942
3.113	352.084	175.808	782.543	391.995
3.123	357.391	782.227	174.614	236.431
3.133	350.643	781.865	236.390	172.609
3.143	351.820	780.467	238.530	391.995
3.153	351.657	235.790	780.151	391.995
3.163	351.272	235.790	780.467	391.995
3.173	352.532	235.790	780.782	391.995
3.183	350.704	235.790	780.647	391.995
3.193	350.988	235.790	779.430	195.715
3.203	352.328	235.790	780.692	195.715
3.213	350.461	237.074	780.196	194.891
3.223	352.064	235.790	780.151	195.760
3.233	235.790	351.211	195.998	780.151
3.243	235.790	350.704	195.998	780.061
3.253	235.790	352.165	195.738	779.746
3.263	235.790	350.137	195.998	779.836
3.273	235.613	351.901	195.636	778.620
3.283	235.790	351.718	195.534	780.647
3.293	235.790	350.522	195.998	779.475
3.303	235.790	352.980	195.320	782.001
3.313	235.790	350.259	195.998	779.115
3.323	235.790	351.251	194.700	778.890
3.333	235.790	352.511	194.723	776.824
3.343	235.790	349.874	193.746
3.353	234.771	352.899	194.385
3.363	234.703	352.593	194.228
3.373	235.790	353.286	193.746
3.383	235.790	390.256	194.004
3.393	235.708	389.738	193.746
3.403	235.790	388.883	193.746
3.413	235.790	387.493	193.769
3.423	235.790	390.076	193.746
3.433	235.790	387.493	193.746
3.443	235.232	387.493	193.746
3.453	235.790	389.175	314.742
3.463	235.790	387.493	314.742
3.473	235.790	313.128	388.053
3.483	235.640	313.599	387.918
3.493	235.790	313.635	387.493
3.503	235.790	312.785	193.746
3.513	235.790	312.857	193.657
3.523	235.260	313.255	193.746
3.533	235.790	313.382	193.746
3.543	235.790	312.984	193.411
3.553	235.790	312.550	193.556
3.563	234.812	312.821	193.679
3.573	234.717	313.092	193.959
3.583	235.790	313.255	193.199
3.593	235.790	313.599	194.633
3.603	235.790	191.521	313.508
3.613	235.790	191.521	313.418
3.623	236.199	195.794	314.742
3.633	195.998	235.790	389.828
3.643	200.359	233.082	395.521
3.653	201.159	233.082	346.096
3.663	198.275	347.719	234.798
3.673	198.275	345.416	234.717
3.683	345.536	198.275	244.939
3.693	346.135	197.658	245.094
3.703	345.996	244.105	197.920
3.713	345.536	244.105	198.103
3.723	345.217	244.105	198.138
3.733	346.255	244.486	210.065
3.743	246.942	345.536	210.065
3.753	246.942	348.020	210.065	296.032
3.763	246.942	347.036	296.015	210.065
3.773	246.942	348.342	296.374	210.065
3.783	246.942	347.097	296.083	210.065
3.793	246.942	349.228	296.049	210.065
3.803	246.942	295.964	347.036	210.065
3.813	244.105	295.588	346.936	210.065
3.823	246.429	295.707	346.796	210.065
3.833	245.477	295.742	346.696	210.065
3.843	244.105	295.793	347.417	210.017
3.853	244.105	295.485	345.556	210.065
3.863	244.105	295.332	346.416	209.810
3.873	244.105	295.247	345.217	209.653
3.883	244.105	295.400	345.217	210.065
3.893	244.105	295.264	345.476	209.447
3.903	244.825	295.247	346.916	209.314
3.913	244.105	295.212	345.976	210.065
3.923	244.105	347.458	295.195	209.060
3.933	245.647	347.638	295.127	207.652
3.943	348.463	244.882	295.008	207.652
3.953	349.228	244.105	294.752	209.036
3.963	349.632	244.105	294.957	207.652
3.973	349.390	294.838	244.105	212.592
3.983	349.531	295.349	244.105	209.254
3.993	349.228	294.940	242.952	207.652
4.003	348.281	295.349	241.301	209.242
4.013	348.362	295.076	241.301	209.242
4.023	347.157	295.178	242.307	210.065
4.033	347.438	295.093	240.828	211.050
4.043	345.656	295.178	241.301	208.976
4.053	346.836	295.264	241.301	210.065
4.063	345.976	295.571	241.301	207.652
4.073	346.796	295.434	241.301	208.301
4.083	346.375	295.349	244.105	207.652
4.093	348.201	295.195	244.105	206.552
4.103	347.779	295.400	244.105	207.892
4.113	295.281	349.228	243.669	207.652
4.123	295.434	349.430	246.229	207.652
4.133	295.349	350.056	246.073	207.652
4.143	295.485	350.360	244.091	207.652
4.153	295.468	350.259	207.736	244.105
4.163	295.468	350.461	207.652	244.105
4.173	295.571	349.672	207.652	241.553
4.183	295.144	350.218	208.325
4.193	295.520	349.087	208.614
4.203	295.656	349.228	208.928
4.213	295.912	348.624	87.307
4.223	295.571	348.141	234.432
4.233	296.066	349.228	234.121
4.243	295.844	346.096	233.729	439.340
4.253	296.152	229.846	343.546	432.591
4.263	295.998	233.311	347.056	440.661
4.273	294.974	230.405	447.795	346.816
4.283	297.077	235.790	442.166	1309.856
4.293	297.077	238.530	1310.916	447.846
4.303	295.400	233.082	1310.613	669.695
4.313	296.066	235.790	1310.992	443.470
4.323	297.077	230.405	1314.860	443.778
4.333	297.077	227.758	1308.873	444.060
4.343	295.093	164.814	444.085	1310.311
4.353	293.665	164.814	444.214
4.363	295.656	164.814	443.009
4.373	164.814	295.554	443.214
4.383	164.814	444.085	295.451
4.393	164.814	444.214	297.077
4.403	164.814	443.726	296.614
4.413	164.814	443.547	294.531
4.423	164.814	443.675	293.665	1313.569
4.433	164.814	443.675	296.118	333.689
4.443	164.814	450.285	294.310	336.787
4.453	164.814	444.727	293.665	332.419
4.463	164.376	446.013	294.940	332.227
4.473	164.643	446.348	295.212	333.978
4.483	164.814	445.113	294.940	330.505
4.493	165.912	445.113	293.733	325.841
4.503	164.985	434.946	294.923	331.556
4.513	166.267	442.038	297.077	328.677
4.523	166.229	441.987	293.207	325.841
4.533	165.568	444.445	1309.327	325.841
4.543	166.258	1309.024	448.001	327.351
4.553	166.681	1309.781	325.841	445.113
4.563	166.729	1310.083	329.323	444.111
4.573	166.729	1309.856	326.897	444.239
4.583	1308.873	325.841	166.729	445.524
4.593	325.841	1308.571	166.729	444.753
4.603	326.803	1308.571	162.921	109.436
4.613	325.841	1308.571	109.430	165.864
4.623	325.841	111.278	1308.949	165.816
4.633	327.653	108.737	1308.949	280.922
4.643	329.628	108.737	280.760	1308.949
4.653	329.628	108.737	280.646	220.866
4.663	325.841	108.737	283.498	220.000
4.673	108.737	325.841	280.403
4.683	110.000	325.841	279.983
4.693	111.278	280.403	325.841
4.703	108.385	278.788	327.994
4.713	108.737	280.403	329.628
4.723	110.032	280.160	325.841
4.733	110.000	278.338	336.632
4.743	110.000	279.320	329.076
4.753	110.000	278.627	329.323
4.763	110.000	279.465	196.985
4.773	110.000	279.127	196.928
4.783	110.000	278.370	198.585
4.793	110.000	279.320	195.998
4.803	110.000	279.853	195.998
4.813	111.265	279.821	198.069
4.823	111.278	279.223	196.621
4.833	196.168	111.278	279.627
4.843	195.998	111.278	280.403
4.853	195.998	111.278	280.403
4.863	197.190	112.571	280.403
4.873	196.496	293.665	111.362
4.883	195.998	293.665	393.038
4.893	195.998	293.665	393.311
4.903	196.758	293.665	393.243
4.913	293.665	195.998	393.311
4.923	295.110	195.998	222.646
4.933	294.769	195.998	222.672
4.943	297.077	220.840	196.179
4.953	296.409	221.517	177.800
4.963	296.734	225.142	178.696
4.973	296.443	222.556	177.697
4.983	296.237	222.556	178.510
4.993	296.374	224.389	177.164
5.003	296.648	223.716	176.898
5.013	296.340	223.497	177.420
5.023	296.306	221.147	177.974
5.033	222.556	297.077	176.643
5.043	222.556	297.077	177.389
5.053	178.458	222.556	297.077
5.063	177.072	222.556	297.077
5.073	177.348	222.556	297.077
5.083	178.139	222.556	297.060
5.093	178.046	222.556	296.905
5.103	176.643	222.556	296.974
5.113	176.643	222.556	293.665
5.123	177.594	222.556	293.665
5.133	177.133	222.556	293.665
5.143	177.523	222.556	294.906
5.153	177.861	222.646	293.665
5.163	176.868	222.556	294.786
5.173	177.001	223.097	296.203
5.183	178.696	222.556	296.460
5.193	177.246	222.556	297.077
5.203	177.154	222.556	297.077
5.213	178.170	222.556	297.077
5.223	178.252	221.748	297.077
5.233	176.960	222.556	298.246
5.243	178.489	222.556	298.074
5.253	177.851	222.556	297.077
5.263	176.643	222.556	297.077
5.273	178.407	222.556	297.077
5.283	178.046	222.556	295.298
5.293	178.696	222.556	294.752
5.303	177.185	222.556	293.817
5.313	178.696	222.556	293.631
5.323	177.779	223.071	292.835
5.333	177.236	222.556	293.478
5.343	222.556	293.122	178.293
5.353	222.479	293.902	178.016
5.363	222.556	294.174	178.696
5.373	222.556	295.349	178.005
5.383	222.556	295.878	178.696
5.393	222.556	296.785	178.696
5.403	222.556	297.077	178.345
5.413	222.556	297.077	178.696
5.423	222.556	297.077	177.636
5.433	222.556	296.511	178.139
5.443	222.415	295.981	178.077
5.453	222.556	294.940	178.057
5.463	222.556	293.665	176.766
5.473	222.556	293.512	179.005
5.483	222.556	293.241	177.985
5.493	222.556	292.818	177.471
5.503	222.556	293.275	178.088
5.513	222.556	293.665	178.696
5.523	222.556	294.293	176.857
5.533	222.556	294.940	177.287
5.543	178.696	222.556	295.947
5.553	177.430	222.556	297.077
5.563	177.072	222.556	297.094
5.573	178.149	222.556	297.077
5.583	178.696	222.556	297.077
5.593	176.643	222.556	297.077
5.603	177.769	222.556	296.426
5.613	178.396	222.556	296.083
5.623	176.868	221.991	295.537
5.633	177.389	221.991	294.463
5.643	178.201	222.556	293.699
5.653	177.800	222.556	293.410
5.663	176.827	222.556	293.139
5.673	178.696	222.556	293.139
5.683	177.533	222.556	293.665
5.693	176.970	222.556	294.123
5.703	177.144	222.556	294.497
5.713	177.841	222.235	295.554
5.723	177.277	222.556	296.118
5.733	177.103	222.556	297.077
5.743	178.211	222.556	297.300
5.753	176.970	222.556	298.057
5.763	177.246	222.556	297.764
5.773	177.707	222.556	297.816
5.783	178.005	221.556	297.077
5.793	176.643	222.556	296.683
5.803	177.564	222.556	295.878
5.813	176.643	222.325	295.127
5.823	176.643	222.556	293.665
5.833	176.909	221.556	293.665
5.843	177.584	222.556	293.360
5.853	177.482	222.556	293.224
5.863	176.459	222.556	293.597
5.873	176.643	220.687	293.987
5.883	177.256	222.556	294.616
5.893	176.766	221.287	295.383
5.903	177.379	222.518	296.340
5.913	178.211	222.364	297.077
5.923	176.776	222.556	297.833
5.933	222.556	297.627	176.643
5.943	221.979	298.453	176.643
5.953	222.556	297.644	177.093
5.963	222.556	298.074	176.643
5.973	222.556	297.300	176.643
5.983	222.556	296.991	176.643
5.993	222.556	295.895	176.643
6.003	222.556	295.349	176.643
6.013	223.161	293.665	177.892
6.023	222.672	293.665
6.033	222.556	293.478
6.043	222.556	293.665
6.053	222.556	293.665
6.063	222.556	293.902
6.073	222.441	294.650
6.083	222.556	297.077
6.093	222.878	297.077
6.103	222.543	297.575
6.113	222.197	297.592
6.123	222.441	297.506
6.133	222.749	297.317
6.143	222.556
6.153	222.556
6.163	220.000
6.173	222.043
6.183	221.979
6.193	221.902
6.203
6.213
6.223
6.233
6.243
6.253
6.263
6.273
6.283
6.293
6.303
6.313
6.323
6.333
6.343
6.353
6.363
6.373
6.383
6.393
6.403
6.413
6.423
6.433
6.443
6.453
6.463
6.473
6.483
6.493
6.503
6.513
6.523
6.533
6.543
6.553
6.563
6.573
6.583
6.593
6.603
6.613
6.623
6.633
6.643
6.653
6.663
6.673
6.683
6.693
6.703	148.659
6.713	148.513
6.723	148.410
6.733	148.908
6.743	148.538
6.753	148.538
6.763	145.146	217.473
6.773	148.538	217.473
6.783	148.538	220.000
6.793	148.538	220.165
6.803	147.837	220.305
6.813	221.300	148.538
6.823	221.466	148.538
6.833	220.917	147.777
6.843	220.942	146.832
6.853	220.687	148.538
6.863	220.687	148.538	294.855
6.873	220.025	293.665	345.217
6.883	220.000	294.582	345.217
6.893	220.140	295.537	348.080
6.903	220.496	295.383	349.208
6.913	220.420	295.554	348.442
6.923	220.000	295.485	348.583
6.933	220.000	295.144	347.137
6.943	220.000	294.038	349.228
6.953	220.000	294.429	348.000
6.963	220.000	294.633	348.825
6.973	220.000	293.919	347.377
6.983	220.000	294.650	348.483
6.993	220.000	294.957	348.664
7.003	220.000	294.089	348.040
7.013	220.000	293.902	349.168
7.023	220.000	295.161	348.221
7.033	220.000	294.310	349.127
7.043	220.000	294.140	347.919
7.053	220.662	294.872	349.127
7.063	221.390	295.008	347.839
7.073	221.032	294.004	348.322
7.083	220.942	294.940	348.100
7.093	220.280	295.281	348.926
7.103	220.751	294.327	349.228
7.113	221.377	294.855	348.603
7.123	220.636	348.926	295.588
7.133	220.930	349.188	294.701
7.143	220.216	349.309	294.395
7.153	220.624	349.289	295.878
7.163	220.000	349.228	294.616
7.173	220.598	349.228	294.821
7.183	220.000	349.693	296.391
7.193	220.585	350.380	296.015
7.203	221.773	350.198	296.357
7.213	221.364	349.531	296.785
7.223	220.993	349.228	297.283
7.233	221.722	353.286	117.922
7.243	220.802	117.922	350.461
7.253	221.697	117.895	297.850
7.263	222.556	119.265	297.764
7.273	117.895	220.000	388.344
7.283	117.895	387.493	297.369
7.293	117.895	387.493	297.077
7.303	117.895	387.493	297.283
7.313	117.121	297.043	391.362	778.800
7.323	117.148	296.374	385.350	775.210
7.333	115.957	296.648	391.543	775.882
7.343	116.541	296.803	389.445	776.599
7.353	296.460	116.541	387.493	233.729
7.363	296.580	116.541	391.430	233.716
7.373	296.683	116.541	389.198	233.230
7.383	296.237	117.263	389.918	233.594
7.393	296.186	116.541	388.748	234.026
7.403	296.118	116.541	389.085	234.148
7.413	295.964	116.541	390.301	234.134
7.423	116.541	295.861	387.874	233.554
7.433	116.541	295.639	389.625	233.405
7.443	116.541	295.605	389.085	233.311
7.453	116.541	295.400	387.493	232.826
7.463	116.541	295.229	387.493	233.149
7.473	115.990	295.247	388.098	232.517
7.483	116.541	295.383	387.851
7.493	116.541	295.315	390.166
7.503	116.541	295.571	387.493
7.513	116.541	295.605	388.187
7.523	116.541	295.622	388.546
7.533	117.216	295.724	387.493
7.543	116.541	295.537	387.493
7.553	116.905	295.468	388.143
7.563	116.541	296.066	387.493
7.573	117.895	295.964	387.493
7.583	116.541	295.400	388.973
7.593	116.561	295.759	387.851
7.603	116.541	295.434	391.249
7.613	116.541	295.400	390.211
7.623	295.571	116.541	194.531
7.633	295.588	116.487	193.746	389.288
7.643	295.656	115.642	193.746	389.535
7.653	295.759	116.541	193.746	389.828
7.663	295.947	116.541	198.275	389.085
7.673	295.690	193.746	116.541	777.901
7.683	295.605	193.746	116.541	777.856
7.693	295.639	198.275	116.959	390.662
7.703	193.746	295.571	116.541	390.842
7.713	195.534	295.605	117.189	391.000
7.723	197.601	295.673	117.352
7.733	197.452	295.895	117.101
7.743	196.701	296.032	117.861
7.753	198.275	296.323	119.265
7.763	196.894	296.785	118.332
7.773	197.464	297.420	118.832
7.783	198.035	296.494	391.498
7.793	196.974	391.565	296.580
7.803	197.829	391.995	433.441	297.077
7.813	197.978	391.995	434.670	296.768
7.823	198.275	391.995	434.946	869.591
7.833	198.275	434.946	392.290	869.641
7.843	198.275	434.770	387.493	315.634
7.853	198.275	434.795	391.701	315.598
7.863	195.783	434.821	313.635	390.481
7.873	434.946	195.523	314.742	396.550
7.883	434.946	314.742	195.218	187.147
7.893	434.946	318.399	184.997	191.521
7.903	434.946	318.399	187.147	261.626
7.913	434.569	318.399	186.758	264.666
7.923	434.946	313.110	263.263	186.801
7.933	434.946	315.070	264.666	186.855
7.943	434.946	311.829	263.902	186.898
7.953	434.921	318.399	263.856	187.147
7.963	434.946	314.415	263.811	186.995
7.973	434.996	263.750	310.373	187.147
7.983	434.946	264.666	313.744	187.147
7.993	434.946	264.666	312.315	93.573
8.003	434.946	264.666	93.573	313.146
8.013	434.946	264.666	93.573	87.600
8.023	434.946	261.626	93.573	87.539
8.033	434.946	261.626	93.573	87.464
8.043	434.946	261.716	93.573	87.393
8.053	434.946	262.761	93.573	87.307
8.063	434.946	262.974	93.573	87.307
8.073	434.946	261.626	93.573	87.307
8.083	435.952	262.944	93.573	87.307
8.093	439.111	264.666	93.617	87.307
8.103	434.996	93.660	264.666	87.307
8.113	435.499	93.573	790.356	87.307
8.123	439.771	93.736	790.037	87.307
8.133	436.381	93.573	789.353	87.307
8.143	436.860	93.573	789.125	87.307
8.153	436.885	93.833	789.262	87.307
8.163	438.022	93.573	789.034	527.957
8.173	434.946	94.661	523.342	787.941
8.183	436.885	93.974	527.896	787.577
8.193	439.619	94.661	526.191	788.851
8.203	435.348	93.573	523.251	87.267
8.213	435.273	93.573	525.857	87.307
8.223	438.655	526.738	94.137	87.307
8.233	435.776	526.070	87.307	94.197
8.243	434.946	526.252	87.307	94.251
8.253	434.946	526.921	95.132	87.156
8.263	434.168	523.705	93.573	87.151
8.273	429.950	526.952	94.290
8.283	429.950	527.165	94.661
8.293	527.652	295.571	433.266
8.303	529.331	293.885	94.262
8.313	528.231	295.468	94.213
8.323	529.331	294.991	94.143
8.333	529.331	297.077	94.056
8.343	528.811	295.690	264.666
8.353	528.995	264.528	295.742
8.363	529.331	264.497	387.493	295.827
8.373	529.117	264.666	387.493	97.176
8.383	264.452	97.271	529.331	391.995
8.393	95.761	264.421	528.964	193.154
8.403	99.138	264.268	193.746	528.842
8.413	96.873	193.400	263.476	528.689
8.423	96.873	193.478	264.666	528.567
8.433	98.005	193.746	264.666	528.476
8.443	96.907	193.590	527.439	263.658
8.453	98.373	193.746	529.331	263.461
8.463	99.138	193.746	527.896	264.666
8.473	99.138	193.746	527.439	295.400
8.483	99.138	193.746	529.331	296.665
8.493	99.138	527.073	193.746	390.076
8.503	100.289	526.586	389.738	193.746
8.513	99.138	530.341	389.513	295.998
8.523	99.138	388.771	525.978	295.742
8.533	99.138	389.310	523.251	294.276
8.543	98.726	389.130	523.251	295.639
8.553	99.138	388.367	524.704	295.639
8.563	99.138	389.130	523.251	295.622
8.573	97.999	388.838	296.272	523.251
8.583	96.873	388.838	297.077	524.007
8.593	96.873	389.265	294.208	523.251
8.603	97.694	296.272	388.906	524.189
8.613	99.138	295.417	388.726	261.626
8.623	96.873	294.123	388.322	523.251
8.633	96.873	296.032	261.626	525.128
8.643	96.873	295.981	525.523	261.626
8.653	96.873	293.851	525.189	260.766
8.663	96.873	295.673	526.465
8.673	96.873	296.186	526.617
8.683	96.873	294.327	528.842
8.693	96.873	294.378	528.689
8.703	96.873	295.759	527.347
8.713	96.873	297.077	386.710
8.723	96.868	296.460	386.643
8.733	97.999	295.588	386.822
8.743	97.999	295.571	386.777
8.753	97.999	295.315	386.800
8.763	96.873	295.810	386.264
8.773	96.873	386.554	295.383
8.783	96.360	386.309	295.076
8.793	97.999	386.599	237.293
8.803	235.954	386.264	97.423
8.813	236.418	386.219	97.999
8.823	236.226	385.350	295.042
8.833	236.554	384.217	294.769
8.843	236.732	294.838	385.840
8.853	236.295	294.906	387.493
8.863	235.790	294.752	97.750
8.873	235.954	294.974	96.873
8.883	235.790	98.022	295.127
8.893	235.790	97.999	295.144
8.903	235.409	98.243	296.152
8.913	235.790	97.999	295.400
8.923	235.790	98.760	295.605
8.933	236.117	99.138	367.800
8.943	236.418	99.138	367.885
8.953	235.790	369.994	99.138
8.963	237.375	365.745	98.789
8.973	365.745	238.186	98.863
8.983	367.460	237.554	297.197
8.993	369.610	236.910	297.077
9.003	368.246	298.177	221.428
9.013	368.629	221.441	297.146
9.023	369.994	220.000	297.060
9.033	369.226	222.120	296.768
9.043	369.994	222.556	296.871
9.053	368.629	221.185	296.597
9.063	369.994	221.838	296.614
9.073	367.502	221.709	296.477
9.083	369.589	220.942	296.340
9.093	369.034	221.287	296.169
9.103	221.543	367.120	296.100
9.113	221.773	366.146	297.077
9.123	220.738	366.908	295.707
9.133	220.432	365.745	295.554
9.143	220.649	366.866	295.554
9.153	220.624	366.210	295.554
9.163	221.377	366.358	295.485
9.173	220.509	368.800	295.605
9.183	220.700	369.418	295.571
9.193	220.471	368.757	295.502
9.203	221.351	369.994	295.332
9.213	220.522	370.144	295.554
9.223	221.096	369.994	295.281
9.233	220.662	369.994	295.690
9.243	222.299	369.994	295.349
9.253	220.866	369.994	295.707
9.263	221.147	369.589	295.366
9.273	221.274	369.439	295.690
9.283	222.556	368.161	295.485
9.293	221.863	367.587	295.622
9.303	221.645	367.078	295.366
9.313	220.904	367.587	295.520
9.323	221.185	367.863	295.264
9.333	221.453	368.012	295.434
9.343	221.262	368.416	295.315
9.353	221.979	368.629	295.417
9.363	221.185	369.717	295.520
9.373	221.326	369.994	295.434
9.383	221.134	369.717	295.485
9.393	222.235	369.994	295.332
9.403	221.070	370.401	295.622
9.413	370.551	221.889	295.315
9.423	369.994	221.057	295.485
9.433	369.994	222.338	295.417
9.443	369.994	221.249	295.656
9.453	369.930	221.722	295.451
9.463	369.994	222.402	295.332
9.473	369.994	222.556	148.538
9.483	378.643	225.142	148.538
9.493	148.538	378.643	225.142
9.503	148.538	378.643	223.523
9.513	148.538	225.142	233.689
9.523	148.538	234.121	766.084
9.533	233.082	148.538	774.225
9.543	235.790	150.264	772.349
9.553	235.790	781.233	148.882
9.563	235.790	776.106	148.916
9.573	235.790	776.554	391.995
9.583	235.790	777.003	97.931
9.593	235.790	781.008	97.999
9.603	236.104	97.829	778.755
9.613	236.527	96.873	778.306
9.623	235.790	99.138	296.032
9.633	235.790	97.716	296.426
9.643	235.790	97.999	296.289
9.653	234.825	97.999	295.998
9.663	235.777	97.999	295.930
9.673	235.504	96.873	295.964
9.683	234.974	96.873	295.810
9.693	235.736	96.873	295.707
9.703	235.029	96.873	295.690
9.713	235.572	97.999	295.742
9.723	235.273	97.999	295.690
9.733	235.192	97.999	295.639
9.743	235.708	96.873	295.537
9.753	234.839	96.873	295.537
9.763	235.423	96.873	295.502
9.773	235.382	97.999	295.451
9.783	234.920	97.999	295.451
9.793	235.436	97.999	390.459
9.803	234.907	97.999	389.130
9.813	234.988	97.999	295.366
9.823	235.178	97.558	295.264
9.833	234.608	97.999	295.332
9.843	235.464	96.338	295.400
9.853	234.568	96.873	295.349
9.863	234.852	96.873	295.400
9.873	235.382	97.649	295.315
9.883	234.013	295.178	97.671
9.893	235.219	295.161	99.138
9.903	234.757	295.144	97.682
9.913	234.879	97.999	295.349
9.923	235.341	97.999	295.383
9.933	234.879	99.138	295.417
9.943	235.314	96.873	295.383
9.953	235.273	96.873	295.485
9.963	234.622	96.873	295.588
9.973	235.504	96.873	295.639
9.983	234.500	97.271	295.605
9.993	235.069	96.873	295.622
10.003	235.559	96.722	295.639
10.013	235.790	97.193	295.537
10.023	235.777	97.999	295.622
10.033	234.961	97.999	295.639
10.043	235.232	96.873	295.622
10.053	235.518	96.873	295.656
10.063	234.662	96.873	295.707
10.073	235.627	96.873	295.724
10.083	234.757	96.873	295.656
10.093	234.974	97.999	295.759
10.103	235.695	97.999	389.850
10.113	97.999	234.744	390.775
10.123	97.999	235.436	390.143
10.133	97.999	235.314	391.136
10.143	97.999	234.879	390.256
10.153	97.999	235.640	390.594
10.163	97.999	234.947	389.243
10.173	97.999	235.368	389.130
10.183	96.873	235.640	389.783
10.193	235.790	96.873	391.995
10.203	235.790	96.873	389.445
10.213	234.961	96.873	389.265
10.223	235.015	96.873	296.254
10.233	235.708	96.873	295.844
10.243	235.790	98.527	295.827
10.253	235.790	99.138	295.742
10.263	235.232	97.999	295.656
10.273	235.790	97.999	295.281
10.283	235.790	97.931	295.229
10.293	235.069	97.999	295.451
10.303	235.382	98.027	295.264
10.313	235.668	98.033	295.315
10.323	235.790	97.999	295.349
10.333	235.790	97.993	295.298
10.343	235.368	97.999	295.383
10.353	235.124	98.169	295.417
10.363	235.790	97.790	295.400
10.373	235.790	98.755	295.520
10.383	235.790	96.873	295.520
10.393	235.545	97.999	295.622
10.403	235.790	96.873	295.690
10.413	235.790	97.999	295.690
10.423	235.790	97.999	295.707
10.433	235.926	96.661	295.844
10.443	236.063	96.873	295.947
10.453	235.790	96.873	295.912
10.463	235.790	97.999	389.918
10.473	235.790	97.999	390.346
10.483	235.790	97.999	390.030
10.493	236.076	97.637	391.995
10.503	235.790	97.999	390.369
10.513	235.790	96.873	391.995
10.523	235.790	97.999	390.391
10.533	235.790	97.999	390.188
10.543	235.926	97.999	390.098
10.553	236.090	97.587	389.828
10.563	236.622	97.581	389.468
10.573	235.790	97.468	388.412
10.583	235.790	96.873	389.625
10.593	236.308	96.873	389.670
10.603	235.845	97.451	387.493
10.613	237.047	295.298	389.873
10.623	235.790	295.247	389.918
10.633	235.790	295.195	389.918
10.643	235.790	295.298	390.143
10.653	235.151	295.485	391.995
10.663	235.790	295.298	98.419
10.673	234.961	295.315	97.999
10.683	235.137	295.451	97.976
10.693	235.396	295.383	97.999
10.703	234.812	97.999	295.298
10.713	235.287	98.033	295.178
10.723	234.893	97.999	295.281
10.733	234.961	98.016	295.144
10.743	235.287	97.999	295.247
10.753	233.999	97.999
10.763	235.368	97.999
10.773	234.513	97.999
10.783	234.432	97.999
10.793	235.477	97.999
10.803	235.790	97.999
10.813	97.999	235.545
10.823	97.999	235.477
10.833	97.999	235.790
10.843	97.999	235.790
10.853	97.999	236.336
10.863	97.999	237.074
10.873	97.999	236.035
10.883	97.999	236.117
10.893	97.999	236.172
10.903	97.999	195.320
10.913	97.137	195.015
10.923	97.999	194.498
10.933	97.999	195.534
10.943	96.873	195.998
10.953	97.999	195.715
10.963	98.061	195.998
10.973	98.186	195.998
10.983	97.999	195.930
10.993	98.447	195.998
11.003	99.138	195.998
11.013	97.999	196.179
11.023	99.138	196.270
11.033	99.138	196.803
11.043	99.138	196.372
11.053	99.138	196.417
11.063	99.138	196.621
11.073	99.138
11.083	97.999
11.093	97.999
11.103	98.271
11.113	98.493
11.123	98.050
11.133	97.999
11.143	98.271
11.153
11.163
11.173
11.183
11.193
11.203
11.213
11.223
11.233
11.243
11.253
11.263
11.273
11.283
11.293
11.303
11.313
11.323
11.333
11.343
11.353
11.363
11.373
11.383
11.393
11.403
11.413
11.423
11.433
11.443
11.453
11.463
11.473
11.483
11.493
11.503
11.513
11.523
11.533
11.543
11.553
11.563
11.573
11.583
11.593
11.603
11.613
11.623
11.633
11.643
11.653
11.663
11.673
11.683
11.693
11.703
11.713
11.723
11.733
11.743
11.753
11.763
11.773
11.783
11.793
11.803
11.813
11.823
11.833
11.843
11.853
11.863
11.873
11.883
11.893
11.903
11.913
11.923
11.933
11.943
11.953
11.963	261.067
11.973	261.173
11.983	261.158
11.993	261.173
12.003	259.653	517.689
12.013	261.626	518.857
12.023	261.626	520.749
12.033	261.626	525.037
12.043	261.626	526.221
12.053	261.626	525.766	396.230
12.063	262.731	517.241	396.207
12.073	258.621	525.462	396.550
12.083	261.626	511.300	396.550
12.093	261.626	396.550	511.300
12.103	261.203	395.224	517.241
12.113	261.626	395.772	517.241
12.123	261.565	396.550	517.510
12.133	260.826	396.115	159.200
12.143	261.626	395.749	159.965
12.153	261.429	395.978	158.182
12.163	261.626	395.749	157.371
12.173	261.626	395.247	157.662
12.183	261.626	395.589	157.662
12.193	261.626	395.589	157.371
12.203	261.626	395.110	157.371
12.213	260.660	394.950	157.108
12.223	157.371	260.992	395.407
12.233	156.618	261.626	395.635
12.243	157.371	260.660	395.407
12.253	156.953	260.931	395.338
12.263	157.498	261.626	396.092
12.273	261.626	157.171	396.367
12.283	261.626	157.371	396.024
12.293	261.656	157.371	395.978
12.303	261.626	157.371	396.413
12.313	261.626	157.371	395.795
12.323	261.626	157.371	396.550
12.333	261.626	157.371	389.063
12.343	261.626	155.563	522.858
12.353	261.626	155.563	522.345
12.363	261.626	517.241	156.528
12.373	258.621	529.331	156.419
12.383	261.626	517.719	156.293
12.393	261.626	517.241	148.487
12.403	259.069	523.251	148.538
12.413	261.626	148.538	521.742
12.423	261.203	148.538	352.349
12.433	148.538	261.626	351.759
12.443	148.478	351.962	261.626
12.453	148.538	352.756	261.429
12.463	148.119	352.858	261.626
12.473	148.538	352.023	261.626
12.483	147.905	352.410	261.626
12.493	148.538	352.613	262.413
12.503	148.538	352.186	261.626
12.513	148.538	351.942	261.746
12.523	148.367	352.471	261.626
12.533	148.538	352.634	261.626
12.543	145.146	351.678	523.251
12.553	148.538	352.186	524.007
12.563	148.538	352.736	524.038
12.573	146.832	352.084	523.251
12.583	146.832	351.800	523.251
12.593	147.538	352.450	523.251
12.603	146.832	353.286	523.251
12.613	147.649	349.228	530.096
12.623	148.538	356.875	525.189
12.633	148.538	352.776	525.462
12.643	148.538	262.974	525.735
12.653	146.832	262.564	525.978
12.663	263.156	147.896	526.191
12.673	261.626	387.493	148.538
12.683	262.807	387.493	526.556
12.693	261.762	387.493	528.201	129.407
12.703	264.666	387.493	129.310	314.742
12.713	264.666	387.493	129.310	314.742
12.723	264.666	387.493	129.310	314.742
12.733	264.666	129.310	315.161	387.493
12.743	129.310	314.742	387.493	264.039
12.753	129.310	315.124	387.493	261.626
12.763	129.310	314.742	387.314	262.246
12.773	130.813	314.324	387.493	262.777
12.783	130.813	314.742	387.493	262.564
12.793	130.813	314.433	387.493	262.322
12.803	130.813	313.834	387.269	261.127
12.813	130.813	314.669	387.135	261.580
12.823	130.813	314.088	386.777	261.505
12.833	130.813	314.415	386.442
12.843	130.813	314.506	385.573
12.853	130.813	314.742	384.994
12.863	130.813	314.070	384.794
12.873	130.813	314.215	386.264
12.883	130.813	314.052	261.550
12.893	130.813	314.270	255.650
12.903	130.813	313.653	260.209
12.913	130.813	313.925	260.796
12.923	130.813	313.744	439.822
12.933	130.813	313.943	440.000
12.943	130.813	313.671	440.000
12.953	130.813	314.070	440.000
12.963	130.813	314.470	439.238
12.973	130.813	314.470	439.543
12.983	130.813	313.853	440.000
12.993	130.813	313.798	439.797
13.003	130.813	314.724	439.898
13.013	130.541	314.016	439.340
13.023	130.813	439.568	313.762
13.033	130.624	439.771	314.742
13.043	130.813	439.721	314.942
13.053	130.813	439.924	314.506
13.063	130.473	439.721	313.816
13.073	130.813	440.000	313.436
13.083	130.813	440.000	315.015
13.093	130.813	439.746	314.506
13.103	130.813	440.000	314.324
13.113	130.813	440.000	314.179
13.123	130.813	439.898	314.869
13.133	130.813	439.670	314.597
13.143	130.813	439.975	313.092
13.153	130.813	439.975	314.560
13.163	130.813	439.898	314.270
13.173	131.487	440.000	314.270
13.183	131.002	440.000
13.193	132.333	440.000
13.203	132.333	440.000
13.213	131.123	439.975
13.223	131.078	290.443
13.233	131.025	290.476
13.243	290.292	1318.510	127.825
13.253	290.292	1318.510	131.032
13.263	290.292	1319.729	131.123
13.273	290.292	1319.501	924.658
13.283	290.292	1319.043	933.297
13.293	290.292	1319.043	933.082	198.309
13.303	290.292	1319.043	96.873	198.275
13.313	295.673	1320.339	96.873	198.275
13.323	1319.424	287.754	96.873	198.275
13.333	1316.760	96.873	292.547	198.275
13.343	96.873	1318.739	297.077	461.235
13.353	96.873	1320.263	466.164	297.077
13.363	96.873	1315.923	465.545	293.326
13.373	96.873	466.164	1318.510	293.410
13.383	96.873	466.164	1321.255	293.529
13.393	96.873	466.164	1317.292	297.077
13.403	96.873	466.164	1318.358	293.190
13.413	97.047	466.164	1318.282
13.423	466.164	96.873	293.665
13.433	466.164	96.873	292.514
13.443	466.164	96.873	292.311
13.453	466.164	96.873	292.260
13.463	466.164	96.873	292.311
13.473	466.164	96.873	297.077
13.483	466.164	99.138	290.292
13.493	466.164	97.739	290.292
13.503	466.164	292.159	97.846
13.513	466.164	291.569	99.138
13.523	291.737	466.164	97.999
13.533	293.072	97.999	466.164
13.543	293.360	97.999	466.164
13.553	293.072	97.999	466.164	928.887
13.563	97.999	293.224	466.164	928.834
13.573	97.999	293.326	465.088	929.048
13.583	97.999	293.665	466.164	929.209
13.593	97.999	293.665	464.283	928.995
13.603	97.999	293.580	463.747	928.673
13.613	97.999	290.292	459.056	928.673
13.623	97.999	463.907	293.106	928.351
13.633	97.999	462.623	197.726	927.815
13.643	97.999	197.840	462.864	928.136
13.653	97.999	198.401	460.809	395.247
13.663	99.138	197.555	395.224	462.089
13.673	97.999	197.338	395.178	462.062
13.683	97.999	395.155	197.019	460.809
13.693	97.999	395.064	197.122	460.809
13.703	97.999	395.338	196.428	462.409
13.713	97.999	395.315	196.974
13.723	99.138	394.904	196.156
13.733	97.999	196.860	395.133
13.743	97.999	196.928	395.110
13.753	98.328	197.088	395.224
13.763	99.138	197.236	395.247
13.773	99.138	197.110	395.247
13.783	99.138	196.826	395.292
13.793	99.138	197.076	395.772
13.803	99.138	197.350	294.667
13.813	99.138	197.532	294.803
13.823	99.138	197.498	293.665
13.833	97.999	290.292	198.149
13.843	97.999	294.429	198.275
13.853	297.077	97.999	197.715
13.863	297.077	100.289	394.790
13.873	297.077	98.835	394.790
13.883	297.077	394.813	148.538
13.893	297.077	391.091	148.538
13.903	295.861	396.550	148.538
13.913	295.827	396.138	148.538
13.923	296.152	395.018	148.538
13.933	395.384	296.083	148.538
13.943	395.521	148.538	295.110
13.953	395.270	148.538	294.991
13.963	395.475	148.538	294.310
13.973	394.950	148.487	294.889
13.983	395.498	148.538	294.889
13.993	148.538	394.562	295.810
14.003	148.538	395.133	295.554
14.013	148.538	394.882	296.254
14.023	148.538	394.973	295.690
14.033	148.538	395.041	296.203
14.043	148.538	394.859	296.118
14.053	148.538	395.178	295.759
14.063	148.298	394.950	295.878
14.073	148.538	395.201	296.100
14.083	148.538	395.041	296.083
14.093	148.538	395.566	296.220
14.103	148.538	395.407	296.152
14.113	148.538	396.367	296.083
14.123	148.538	396.550	296.015
14.133	148.538	296.580	402.481
14.143	148.538	296.665	443.137
14.153	148.538	296.563	445.113
14.163	148.538	296.546	443.598
14.173	148.538	445.113	295.554
14.183	148.538	445.113	295.400
14.193	148.538	445.113	290.292
14.203	148.538	296.100	445.113
14.213	148.538	374.294	296.083
14.223	148.538	374.294	296.340
14.233	148.538	374.294	444.393
14.243	148.538	374.294
14.253	148.538	373.667
14.263	148.538	374.294
14.273	148.538	373.991
14.283	148.538	373.279	442.421
14.293	148.538	373.667	441.910
14.303	148.538	373.646	445.113
14.313	148.538	373.106	445.113
14.323	148.538	373.818	440.814
14.333	148.538	374.164	440.000
14.343	146.832	373.516	440.153
14.353	149.736	373.905	440.000
14.363	148.538	374.272	436.809
14.373	148.538	374.294	434.946
14.383	148.538	374.294	440.000
14.393	148.538	374.294	294.633
14.403	148.538	290.292	374.294
14.413	148.538	290.292	374.142
14.423	148.538	290.292	383.042
14.433	148.538	298.022	391.995
14.443	148.538	391.995	298.677
14.453	148.538	391.995	290.292
14.463	148.538	391.995	294.667
14.473	391.995	148.538	294.991
14.483	391.995	148.538	295.451
14.493	393.788	148.538	295.964
14.503	395.155	148.538	297.077
14.513	396.550	148.538	788.396
14.523	396.550	148.538	788.532
14.533	396.550	148.538	788.578
14.543	396.550	148.538	788.806
14.553	396.550	148.538	788.760
14.563	396.184	148.538	788.350
14.573	395.818	148.538	788.259
14.583	391.995	148.538	787.076
14.593	391.995	148.538	788.032
14.603	391.995	148.538	787.986
14.613	391.995	148.538	787.941
14.623	391.995	148.521	787.986
14.633	391.995	148.538	788.032
14.643	391.995	148.538	788.123
14.653	391.995	148.538	788.168
14.663	391.995	148.538	785.941
14.673	391.995	148.538	787.759
14.683	396.550	148.538	788.988
14.693	396.550	148.538	789.535
14.703	396.550	148.538	789.216
14.713	396.550	146.832	789.170
14.723	396.550	146.832	789.079	288.037
14.733	401.158	146.832	788.851	298.263
14.743	394.540	147.308	293.665	788.214
14.753	391.995	146.832	300.529	787.031
14.763	391.995	146.832	293.275
14.773	391.995	286.957	146.832
14.783	391.995	292.970	156.356
14.793	392.562	155.429	292.970
14.803	392.902	155.563	293.665
14.813	392.721	155.563	293.665
14.823	391.995	157.371	293.665
14.833	157.371	392.811	264.681
14.843	157.371	396.779	267.741
14.853	157.371	391.995	264.666
14.863	155.563	392.698	264.666
14.873	153.777	392.471	264.666
14.883	155.537	264.666	392.834
14.893	155.438	262.534	391.995
14.903	153.777	261.626	392.743
14.913	154.694	261.626	391.995
14.923	156.564	261.626	392.018
14.933	154.846	261.626	197.350
14.943	261.626	155.519	197.395
14.953	261.626	155.563	198.275
14.963	260.615	154.972	197.680
14.973	261.626	156.772	197.635
14.983	260.751	155.563	198.275
14.993	260.119	153.777	196.531
15.003	260.419	156.004	198.275
15.013	259.969	155.563	198.275
15.023	259.863	157.371	198.275
15.033	260.826	156.374	197.943
15.043	260.961	159.200	197.966
15.053	261.626	445.113	156.700
15.063	261.626	448.571	148.393
15.073	261.626	449.245	148.290
15.083	261.626	447.071	148.221
15.093	148.538	446.323	261.263
15.103	148.538	446.116	293.817
15.113	148.538	290.292	445.910
15.123	290.292	148.538	445.113
15.133	294.752	148.538	445.550
15.143	294.497	444.265	146.832
15.153	297.077	444.239	146.832
15.163	297.077	444.316	146.832
15.173	294.514	444.496	147.854
15.183	294.718	445.010	147.862
15.193	294.395	450.285	184.997
15.203	293.868	444.470	184.997
15.213	294.259	187.147	444.573
15.223	293.851	186.801	445.035
15.233	186.435	297.077	445.113
15.243	187.147	293.665	444.830
15.253	187.147	294.497	445.113
15.263	186.370	293.902	443.829
15.273	187.147	294.446	443.701
15.283	187.147	294.106	444.034
15.293	186.445	294.378	444.188
15.303	186.101	294.463	444.188
15.313	187.147	294.786	443.444
15.323	186.985	294.514	444.291
15.333	187.147	294.735	443.240
15.343	186.402	294.395	445.113
15.353	186.952	294.667	444.573
15.363	186.607	294.361	445.113
15.373	187.147	294.633	444.650
15.383	187.147	294.106	445.113
15.393	186.219	295.076	445.113
15.403	186.780	294.582	445.113
15.413	185.618	295.025	445.113
15.423	185.994	294.446	444.137
15.433	186.338	294.514	443.855
15.443	187.147	443.880	294.531
15.453	187.147	442.984	294.463
15.463	185.639	442.549	294.140
15.473	186.941	442.856	146.832
15.483	187.147	442.728	294.446
15.493	186.327	440.000	294.429
15.503	187.147	442.881	294.480
15.513	187.147	441.630	293.665
15.523	187.147	441.987	294.582
15.533	186.855	442.498	294.667
15.543	187.147	443.137	294.821
15.553	187.147	445.113	294.769
15.563	187.147	445.113	294.991
15.573	186.015	446.142	294.889
15.583	186.607	446.580	295.161
15.593	186.510	446.271	294.940
15.603	186.920	444.265	295.059
15.613	187.147	445.113	294.838
15.623	187.277	443.240	295.076
15.633	187.147	443.137	295.093
15.643	187.190	442.702	295.315
15.653	186.693	442.907	295.195
15.663	187.050	442.753	295.247
15.673	187.147	440.000	295.212
15.683	187.039	440.000	295.366
15.693	187.147	442.012	295.298
15.703	186.284	441.528	295.605
15.713	187.147	443.291	295.502
15.723	187.147	445.113	295.656
15.733	187.147	440.000	295.554
15.743	187.147	448.493	295.724
15.753	187.341	448.519	295.434
15.763	187.147	443.649	295.759
15.773	187.147	445.859	295.502
15.783	186.402	443.188	295.690
15.793	187.147	442.779	295.690
15.803	187.147	440.967	295.707
15.813	187.060	442.191	295.707
15.823	186.963	440.000	295.554
15.833	187.147	440.000	297.077
15.843	187.147	440.000	295.742
15.853	187.104	440.000	295.229
15.863	187.147	442.140	295.195
15.873	186.952	442.217	295.349
15.883	187.147	445.113	295.093
15.893	187.147	440.000	295.622
15.903	187.147	445.113	297.077
15.913	186.607	440.000	295.485
15.923	187.147	447.795	295.349
15.933	186.585	449.427	297.077
15.943	187.190	443.598	294.821
15.953	187.147	445.293	294.855
15.963	187.147	444.034	294.480
15.973	187.147	442.651	294.599
15.983	187.147	440.000	293.699
15.993	187.147	440.000	294.497
16.003	187.147	440.000	293.665
16.013	187.147	440.000	294.038
16.023	187.147	442.574	294.361
16.033	187.147	440.000	294.514
16.043	185.650	443.368	294.395
16.053	186.844	440.000	294.480
16.063	187.147	445.885	294.718
16.073	187.147	446.916	148.538
16.083	186.769	448.545	148.110
16.093	186.489	448.493	148.102
16.103	187.147	448.545	148.538
16.113	186.015	446.658	148.033
16.123	186.801	445.370	148.538
16.133	186.683	444.188	148.538
16.143	187.147	444.624	296.169
16.153	186.521	444.137	296.237
16.163	187.147	443.649	296.409
16.173	187.147	441.324	297.077
16.183	187.147	442.830	297.077
16.193	186.435	440.000	293.665
16.203	186.564	440.000	297.575
16.213	184.997	442.600	297.902
16.223	184.997	444.676	298.694
16.233	440.000	185.607	297.438
16.243	446.271	185.725
16.253	446.091	184.997
16.263	440.000	186.015
16.273	445.576	185.607
16.283	440.000
16.293	440.000
16.303	442.344
16.313	442.242
16.323	442.089
16.333
16.343
16.353
16.363
16.373
16.383
16.393
16.403
16.413
16.423
16.433
16.443
16.453
16.463
16.473
16.483
16.493
16.503
16.513
16.523
16.533
16.543
16.553
16.563
16.573
16.583
16.593
16.603
16.613
16.623
16.633
16.643
16.653
16.663
16.673
16.683
16.693
16.703
16.713
16.723
16.733
16.743
16.753
16.763
16.773
16.783
16.793
16.803
16.813
16.823
16.833
16.843
16.853
16.863
16.873
16.883
16.893
16.903	99.746
16.913	99.672
16.923	100.289
16.933	99.138
16.943	99.138
16.953	100.289	230.405
16.963	100.289	230.405
16.973	100.289	232.410
16.983	99.138	233.082
16.993	97.999	235.790	296.220
17.003	97.999	235.790	296.032
17.013	97.999	236.308	295.844
17.023	97.999	235.790	295.810
17.033	99.138	235.981	295.622
17.043	99.138	236.308	295.571
17.053	99.138	235.790	295.434
17.063	99.138	235.790	295.417
17.073	99.138	235.790	295.383
17.083	99.138	235.886	295.366
17.093	97.176	236.828	295.315
17.103	235.981	99.138	391.339
17.113	236.787	99.138	391.928
17.123	237.047	99.138	390.369
17.133	236.240	98.869	391.023
17.143	237.293	99.138	388.771
17.153	235.995	99.138	389.243
17.163	236.622	99.138	387.493
17.173	236.855	99.138	389.265
17.183	235.899	99.138	387.493
17.193	236.486	98.892	389.175
17.203	236.663	99.138	387.650
17.213	235.817	99.138	389.873
17.223	236.855	99.138	389.963
17.233	236.308	99.138	390.166
17.243	236.336	96.873	390.098
17.253	237.238	99.138	389.715
17.263	235.790	97.525	389.828
17.273	235.790	96.873	389.648
17.283	235.899	98.863	390.549
17.293	235.995	97.688	389.918
17.303	235.790	97.999	390.414
17.313	235.790	97.999	390.143
17.323	235.790	97.790
17.333	97.801	235.845
17.343	97.999	236.295
17.353	98.863	236.787
17.363	99.138	235.790
17.373	99.138	236.896
17.383	98.538	235.790
17.393	99.138	235.790
17.403	97.999	236.117
17.413	99.138	236.131
17.423	99.138	280.403	222.197
17.433	99.138	222.197	280.403
17.443	99.138	222.197	444.188
17.453	97.999	223.471	444.393
17.463	220.000	98.311	434.946
17.473	222.556	443.368	98.271
17.483	222.556	448.364	98.231	387.023
17.493	222.556	449.869	148.830	391.995
17.503	222.017	446.426	148.770	703.884
17.513	222.556	148.727	450.285	701.043
17.523	222.030	148.538	446.632	706.572
17.533	221.953	148.667	704.046	446.839
17.543	221.902	150.377	706.572
17.553	221.671	148.538	350.178
17.563	221.147	150.264	350.380
17.573	221.441	145.146	349.228
17.583	221.786	148.538	349.228
17.593	221.377	148.538	349.228
17.603	221.505	148.538	349.794
17.613	221.761	148.538	351.840
17.623	221.326	148.538	352.227
17.633	221.134	148.538	353.286
17.643	221.262	352.960	148.538
17.653	220.981	353.286	148.538
17.663	220.675	353.204	148.538
17.673	220.483	351.982	148.453
17.683	220.598	352.695	148.538
17.693	220.789	351.678	148.538
17.703	221.172	352.369	147.470
17.713	221.338	351.820	148.538
17.723	220.496	353.000	148.538
17.733	220.636	352.736	148.538
17.743	221.313	352.206	148.538
17.753	220.789	353.123	148.538
17.763	220.356	352.593	148.538
17.773	148.538	220.675	353.286
17.783	148.538	220.598	353.286
17.793	220.687	352.186	148.538
17.803	220.955	352.817	148.538
17.813	220.305	353.266	147.948
17.823	220.687	352.797	148.538
17.833	221.786	352.695	148.196
17.843	221.019	353.286	148.538
17.853	220.534	353.286	148.376
17.863	222.171	353.286	148.538
17.873	221.338	353.286	148.599
17.883	353.286	220.000	147.657
17.893	353.286	221.083	148.204
17.903	353.286	221.159	147.291
17.913	353.306	220.509	147.999
17.923	353.286	222.312	145.146
17.933	353.286	143.902	222.017
17.943	353.286	147.045	222.556
17.953	353.286	144.594	222.556
17.963	357.391	147.555	711.363
17.973	357.391	148.538	711.898
17.983	357.391	147.922	711.610
17.993	357.391	148.538	711.898
18.003	357.391	149.261	711.610	445.113
18.013	357.391	148.538	711.857	440.483
18.023	355.353	148.538	714.782	261.671
18.033	353.286	148.538	261.762	712.391
18.043	351.982	148.444	261.852	770.567
18.053	351.576	261.626	766.084	148.556
18.063	353.286	261.626	766.084	148.599
18.073	261.626	357.391	774.986	525.068
18.083	261.626	357.391	777.093	525.705
18.093	261.626	354.349	524.886	387.493
18.103	261.626	525.675	354.001	130.813
18.113	262.883	130.813	524.977	387.493
18.123	263.994	130.813	524.886	395.064
18.133	263.415	130.813	391.995	523.795
18.143	130.813	267.741	352.634
18.153	130.813	263.384	352.817
18.163	130.813	353.286	261.263
18.173	130.813	350.380	264.666
18.183	130.813	351.454	263.293
18.193	130.813	351.312	262.928
18.203	130.813	351.515	262.276
18.213	130.813	352.308	261.414
18.223	130.813	350.663	260.495
18.233	130.813	351.800	259.758
18.243	130.813	351.596	258.621
18.253	130.813	350.967	258.964
18.263	130.813	351.800	263.765
18.273	130.813	350.967	261.218
18.283	130.813	351.718	255.650
18.293	130.813	351.008	255.650
18.303	130.813	350.744	255.650
18.313	130.813	352.125	255.650	782.498
18.323	130.813	350.582	259.428	782.046
18.333	130.813	351.170	259.848	783.176
18.343	130.813	351.657	260.796	783.629
18.353	130.813	351.048	261.913	784.081
18.363	130.813	263.202	349.228	784.534
18.373	130.813	263.735	351.962	391.995
18.383	130.813	261.746	350.907
18.393	130.813	265.630	350.805	393.697
18.403	130.813	262.322	402.388	350.582
18.413	130.813	258.621	393.606	350.339
18.423	130.813	261.913	387.493	350.137
18.433	130.813	259.923	393.265	349.935
18.443	130.813	262.853	396.550	350.744
18.453	130.813	261.943	392.834	351.008
18.463	130.813	262.064	392.539	349.289
18.473	130.813	267.741	391.995	349.672
18.483	130.813	267.555	391.973	524.522
18.493	130.813	263.704	390.549	524.371
18.503	130.813	263.750	391.995	333.458
18.513	130.813	333.419	263.780	391.995
18.523	130.813	332.611	263.735	524.007
18.533	130.813	332.400	263.217	524.916
18.543	130.813	332.150	262.959
18.553	130.813	331.824	262.413
18.563	130.813	331.460	263.308
18.573	331.403	130.813	263.963
18.583	331.307	130.813	262.519
18.593	331.346	131.047	262.807
18.603	331.135	130.813	262.655
18.613	330.848	132.333	262.488
18.623	331.135	132.333	262.306
18.633	331.135	132.333	262.155
18.643	331.633	262.049	429.950
18.653	440.789	261.626	331.020
18.663	444.214	262.155	330.944
18.673	444.958	261.626	174.614
18.683	444.393	261.626	176.042
18.693	444.650	261.626	176.419
18.703	444.342	261.626	177.636
18.713	444.445	261.626	177.841
18.723	443.880	262.777	178.696
18.733	443.444	263.628	177.185
18.743	261.626	443.060	179.078
18.753	261.626	442.881	177.267
18.763	261.626	442.702	177.594
18.773	261.626	442.089	176.643
18.783	260.735	441.502	176.612
18.793	260.886	441.094	176.643
18.803	261.610	441.528	176.643
18.813	261.777	441.961	176.643
18.823	263.035	442.293	176.643
18.833	263.263	442.319	177.072
18.843	263.035	441.961	176.419
18.853	263.856	441.579	176.643
18.863	262.731	441.400	177.430
18.873	262.367	441.375	176.643
18.883	261.807	441.273	177.082
18.893	261.792	441.426	175.687
18.903	261.626	441.630	176.643
18.913	262.125	441.936	174.614
18.923	261.626	442.140	176.215
18.933	261.626	442.319	176.154
18.943	261.626	441.757	350.907
18.953	261.626	441.502	166.844
18.963	262.716	441.477	166.844
18.973	261.837	440.941	166.729
18.983	262.837	441.145	166.729
18.993	261.626	441.451	166.729
19.003	261.626	441.171	167.366
19.013	261.626	441.171	166.999
19.023	261.626	441.120	166.729
19.033	261.626	440.941	166.729
19.043	261.626	440.814	166.729
19.053	440.687	166.729	261.731
19.063	166.248	440.585	263.826
19.073	166.729	440.000	262.428
19.083	166.729	439.949	263.582
19.093	164.814	439.949	261.626
19.103	165.769	439.771	263.582
19.113	166.729	261.626	439.695
19.123	166.306	264.009	439.213
19.133	168.666	264.666	438.579
19.143	165.941	262.670	437.617
19.153	166.729	261.626	434.946
19.163	166.200	264.666	434.946
19.173	166.085	261.626	341.666
19.183	166.729	343.209	258.621
19.193	166.729	350.441	770.344
19.203	166.729	235.790	349.571
19.213	235.790	166.729	774.360
19.223	235.790	773.734	348.845
19.233	235.913	773.599	349.854
19.243	235.790	387.247	772.394
19.253	235.790	387.493	148.538
19.263	235.790	387.068	148.538
19.273	235.790	387.493	148.538
19.283	235.790	387.493	148.538
19.293	235.790	387.448	148.538
19.303	235.450	385.840	148.538
19.313	235.260	387.090	148.538
19.323	235.029	387.247	148.538
19.333	235.137	384.994	148.538
19.343	234.757	386.465	148.538
19.353	234.920	385.128	148.538
19.363	234.771	386.822	148.358
19.373	234.622	384.750	148.538
19.383	234.324	386.487	148.478
19.393	234.568	384.683	148.538
19.403	234.513	386.175	148.538
19.413	234.757	384.261	146.680
19.423	234.717	384.950	147.351
19.433	234.784	383.928	150.264
19.443	234.635	385.016	150.264
19.453	234.717	384.928	148.538
19.463	234.649	385.974	148.538
19.473	234.608	385.194	149.209
19.483	234.635	385.484	148.702
19.493	235.110	387.493	147.905
19.503	234.852	385.729	329.628
19.513	234.554	387.493	328.715
19.523	234.947	387.493	329.057
19.533	235.192	387.493	329.456
19.543	234.825	387.493	329.551
19.553	235.151	387.493	329.647
19.563	235.042	387.493	329.761
19.573	234.920	777.183	329.818
19.583	235.042	778.351	416.795	329.685
19.593	234.622	778.800	420.130	329.894
19.603	234.988	779.611	421.638	330.047
19.613	234.405	780.557	418.677	329.628
19.623	235.110	780.647	331.001	413.199
19.633	234.473	780.918	330.944	418.991
19.643	234.920	780.872	330.466	417.928
19.653	234.649	780.692	329.628	417.807
19.663	235.029	780.918	329.589	415.257
19.673	235.137	779.746	330.485	417.590
19.683	235.015	330.047	778.486	417.928
19.693	235.654	331.020	776.465	420.130
19.703	235.790	330.734	777.452
19.713	235.790	329.628	771.146
19.723	235.790	331.307	774.002
19.733	235.790	329.628	417.662
19.743	234.134	333.458	140.202
19.753	138.591	337.332	235.341
19.763	138.591	332.496	343.983
19.773	138.591	343.824	332.669
19.783	345.217	140.202	220.229
19.793	345.217	140.202	220.242
19.803	345.217	220.242	139.459
19.813	345.217	220.000	139.467
19.823	341.252	220.000	139.483
19.833	340.602	220.000	148.221
19.843	339.777	221.159	148.273
19.853	220.547	341.252	148.316
19.863	220.000	345.217	148.538
19.873	220.000	345.217	148.290
19.883	220.534	349.228	148.538
19.893	220.191	344.023	148.538
19.903	220.038	148.410	345.217
19.913	220.000	148.538	344.162
19.923	220.000	147.444	344.241
19.933	220.000	148.538	341.252
19.943	219.962	148.538	341.252
19.953	220.000	146.832	345.217
19.963	220.000	147.521	345.217
19.973	148.033	220.000	345.217	328.203
19.983	148.538	220.000	345.217	327.124
19.993	146.832	220.013	345.217	1031.380
20.003	148.538	220.000	345.217	1034.303
20.013	146.688	220.420	344.978	1032.333
20.023	146.832	220.560	345.217	1035.020
20.033	146.832	220.560	345.217	1035.439
20.043	145.003	220.000	345.217	1041.738
20.053	146.832	220.764	345.217	1035.857
20.063	144.702	220.369	344.818	1035.917
20.073	146.832	220.471	345.217	327.729
20.083	148.221	220.496	344.480
20.093	147.019	220.828	345.217
20.103	146.832	220.828	345.217
20.113	148.538	220.662	345.217
20.123	220.751	148.805	342.338
20.133	220.789	148.538	341.252
20.143	220.777	148.538	342.852
20.153	220.751	342.259	148.538
20.163	221.159	344.978	148.538
20.173	221.530	343.546	148.538
20.183	221.556	345.217	150.264
20.193	220.930	345.217	148.538
20.203	220.445	345.536	151.004
20.213	221.300	345.896	148.951
20.223	221.645	345.816	296.049
20.233	221.172	345.916	295.707
20.243	220.382	345.257	295.707
20.253	220.254	344.420	295.520
20.263	221.236	343.011	295.571
20.273	220.000	343.546	294.923
20.283	221.159	344.162	295.451
20.293	220.573	344.122	294.906
20.303	220.968	344.261	295.468
20.313	221.991	344.400	294.821
20.323	221.799	345.217	295.554
20.333	221.159	345.476	295.417
20.343	221.825	346.456	295.502
20.353	222.556	346.676	297.077
20.363	221.326	347.759	295.417
20.373	221.262	347.016	296.152
20.383	221.927	296.100	347.036
20.393	221.300	295.485	346.596
20.403	221.620	295.076	346.736
20.413	221.863	294.684	346.876
20.423	221.773	290.292	981.851
20.433	222.120	982.077	294.242
20.443	222.466	980.151	651.683
20.453	222.556	982.191	652.097
20.463	222.556	981.397	651.683
20.473	224.402	982.475	652.700
20.483	224.156	982.815	653.039
20.493	222.556	984.349	653.341
20.503	983.156	225.142	651.683
20.513	981.964	224.402	654.059
20.523	982.248	223.161	654.474
20.533	983.610	222.646	110.458
20.543	985.146	222.556	110.000
20.553	985.829	222.145	111.278
20.563	984.975	110.057	222.556
20.573	983.383	111.278	221.108
20.583	110.000	982.418	220.509
20.593	110.000	982.248	218.746
20.603	108.737	983.042	222.556
20.613	108.737	219.214	983.099
20.623	108.737	215.186	983.156
20.633	108.737	215.796	441.298
20.643	108.737	218.998	445.113
20.653	108.737	219.138	446.787
20.663	108.737	218.089	442.523
20.673	108.737	219.492	441.349
20.683	108.737	220.445	982.645
20.693	108.737	221.019	980.887
20.703	110.000	221.351	982.815
20.713	111.278	981.227	221.045
20.723	109.493	982.588	220.356
20.733	111.182	983.781	1311.295
20.743	110.000	984.690	1311.674
20.753	110.000	984.918	1311.825
20.763	111.278	983.951	1310.916
20.773	111.278	982.304	1311.674	198.321
20.783	109.518	983.610	1310.765	198.860
20.793	111.278	983.099	1311.219	198.172
20.803	111.278	198.275	984.122	1310.538
20.813	108.737	198.275	327.937
20.823	109.183	198.539	324.002
20.833	109.265	197.384	327.615
20.843	108.737	198.275	328.146
20.853	108.737	197.749	329.628
20.863	108.737	197.772	328.392
20.873	108.737	196.462	328.222
20.883	108.737	198.275	327.407	280.403
20.893	108.737	198.275	325.841	280.274
20.903	108.737	198.275	325.841	280.533
20.913	108.737	198.275	280.403	325.841
20.923	108.737	198.275	280.403	325.841
20.933	108.737	198.126	279.966	329.361
20.943	108.737	198.275	279.530	328.392
20.953	110.299	197.110	278.515	329.399
20.963	196.247	110.000	279.675	333.227
20.973	198.275	280.403	111.278	332.131
20.983	198.952	279.111	111.278	337.332
20.993	197.555	279.320	111.278
21.003	196.508	279.304	111.278
21.013	197.863	279.127	111.697
21.023	198.275	280.225	111.278
21.033	197.429	280.403	110.000
21.043	196.258	280.403	110.000
21.053	195.998	279.272	110.823
21.063	198.275	280.403	110.804
21.073	195.998	279.918	393.311
21.083	195.998	148.538	393.606
21.093	196.213	148.538	391.995
21.103	196.009	148.538	391.995
21.113	195.998	147.147	394.494
21.123	146.832	296.974	195.489
21.133	293.665	146.731	394.768
21.143	293.733	146.510	223.910
21.153	293.665	223.703	145.146
21.163	293.665	223.342	145.146
21.173	293.665	223.936	145.146
21.183	293.801	223.239	145.784
21.193	293.665	224.234	145.667
21.203	293.326	222.556	176.868
21.213	293.614	222.171	176.878
21.223	293.326	222.633	176.663
21.233	293.665	222.556	176.643
21.243	293.665	222.338	177.256
21.253	294.123	222.556	176.643
21.263	294.140	176.643	222.556
21.273	294.650	176.643	222.659
21.283	178.696	294.633	222.556
21.293	176.653	295.161	222.659
21.303	176.643	294.821	223.587
21.313	176.643	295.366	222.505
21.323	176.643	295.008	222.646
21.333	176.643	293.665	222.556
21.343	177.882	293.665	222.608
21.353	176.643	293.665	222.698
21.363	176.643	290.292	222.556
21.373	176.643	290.292	222.081
21.383	176.643	292.530	222.556
21.393	177.441	292.125	222.543
21.403	176.643	290.292	222.556
21.413	177.933	293.665	222.556
21.423	176.643	285.354	222.595
21.433	176.643	290.292	222.608
21.443	176.643	294.361	222.556
21.453	176.643	295.434	222.556
21.463	176.643	296.528	223.174
21.473	176.643	296.477	222.351
21.483	176.643	293.597	222.685
21.493	176.643	223.045	293.597
21.503	176.643	222.659	293.563
21.513	176.643	222.556	293.665
21.523	178.613	222.749	293.665
21.533	176.643	222.556	294.276
21.543	174.614	222.556	293.665
21.553	174.614	222.556	290.292
21.563	176.582	222.556	292.311
21.573	176.868	222.556	290.846
21.583	222.556	176.643	290.292
21.593	221.569	176.643	292.277
21.603	222.441	178.036	290.292
21.613	222.299	175.656	293.665
21.623	222.120	178.201	293.665
21.633	222.556	178.696	292.615
21.643	222.556	176.643	293.665
21.653	222.556	176.643	293.665
21.663	176.643	223.755	292.514
21.673	176.643	223.523	293.919
21.683	222.981	176.643	293.665
21.693	223.497	178.788	293.665
21.703	224.558	178.696	290.292
21.713	223.316	176.643	290.292
21.723	222.839	290.292	176.643
21.733	222.556	290.292	178.696
21.743	222.556	290.292	178.696
21.753	223.290	289.906	176.643
21.763	222.556	290.292	178.696
21.773	223.226	290.292	177.594
21.783	222.556	290.292	178.696
21.793	223.484	290.292	174.967
21.803	222.556	293.665	177.328
21.813	222.094	292.649	177.287
21.823	223.123	293.122	177.215
21.833	222.917	294.838	74.269
21.843	222.968	295.247	73.624
21.853	222.556	295.742	73.578
21.863	223.678	295.656	73.531
21.873	222.222	293.817	588.926
21.883	223.471	297.077	585.027
21.893	223.884	293.665	584.689
21.903	222.556	293.665	584.487
21.913	223.110	290.292	583.610
21.923	223.187	290.292	582.565
21.933	223.484	290.292	582.027
21.943	222.814	292.784	583.205
21.953	223.781	291.316	584.757
21.963	222.556	293.665	585.365
21.973	223.406	293.665	585.365
21.983	222.556	293.665	176.429
21.993	293.665	223.432	176.643
22.003	293.665	222.351	174.614
22.013	294.174	223.161	176.246
22.023	295.008	222.788	176.643
22.033	295.520	223.342	174.463
22.043	295.520	223.110	176.337
22.053	293.665	222.556	176.643
22.063	293.665	223.846	176.643
22.073	293.665	223.678	176.378
22.083	294.259	223.264	176.653
22.093	293.665	222.556	177.810
22.103	290.292	223.846	176.868
22.113	290.292	222.556	177.841
22.123	290.292	223.277	176.939
22.133	292.226	224.467	175.575
22.143	291.872	175.484	222.968
22.153	291.333	178.696	223.445
22.163	293.665	178.376	224.130
22.173	293.665	176.643	223.716
22.183	293.665	176.643	221.697
22.193	293.665	176.643	224.701
22.203	293.665	176.980	223.523
22.213	293.665	176.643
22.223	293.665	178.458
22.233	293.665	178.479
22.243	293.224	177.502
22.253	292.446	582.902
22.263	291.603	583.508
22.273	291.165	583.508
22.283	290.728	583.475
22.293	290.493	583.475
22.303	290.443	583.441
22.313	290.409	582.128
22.323	290.560
22.333	290.862
22.343	293.665
22.353	293.665
22.363	293.665
22.373	293.665
22.383	293.665
22.393	293.665
22.403	290.862
22.413	292.902
22.423
22.433
22.443
22.453
22.463
22.473
22.483
22.493
22.503
22.513
22.523
22.533
22.543
22.553
22.563
22.573
22.583
22.593
22.603
22.613
22.623
22.633
22.643
22.653
22.663
22.673
22.683
22.693
22.703
22.713
22.723
22.733
22.743
22.753
22.763
22.773
22.783
22.793
22.803
22.813
22.823
22.833
22.843
22.853	219.201
22.863	219.429
22.873	219.619
22.883	217.473
22.893	219.949	148.538
22.903	217.473	149.675
22.913	220.000	148.788
22.923	221.006	150.048
22.933	221.761	148.393	351.292
22.943	221.876	148.538	351.475
22.953	222.184	148.538	345.217
22.963	222.197	149.926	352.410
22.973	222.389	353.286	145.146
22.983	221.761	353.286	295.810
22.993	220.942	353.143	295.042
23.003	221.326	353.531	295.264
23.013	222.389	353.286	295.656
23.023	221.889	352.532	295.622
23.033	221.045	353.286	295.161
23.043	221.262	353.286	295.895
23.053	221.428	353.286	296.494
23.063	221.121	352.369	296.426
23.073	221.761	352.674	295.554
23.083	222.556	351.881	295.076
23.093	221.364	353.286	294.599
23.103	220.178	353.286	294.923
23.113	221.850	352.471	294.872
23.123	222.389	352.593	293.801
23.133	220.356	352.858	294.735
23.143	221.505	353.286	294.582
23.153	221.287	353.143	294.327
23.163	220.815	353.286	293.665
23.173	221.262	352.349	294.463
23.183	220.815	352.573	294.480
23.193	221.262	352.939	294.276
23.203	221.697	352.288	295.042
23.213	222.222	352.593	294.310
23.223	220.828	352.104	294.667
23.233	221.313	352.776	295.195
23.243	222.556	352.186	294.786
23.253	220.942	352.206	294.191
23.263	221.812	352.206	295.042
23.273	222.043	353.286	294.957
23.283	221.185	350.947	294.872
23.293	220.522	353.286	295.093
23.303	220.738	348.221	294.991
23.313	222.556	349.228	295.042
23.323	220.981	349.228	294.957
23.333	221.300	349.228	295.161
23.343	222.556	295.247	130.813
23.353	220.853	295.349	130.692
23.363	222.184	295.093	130.639
23.373	222.556	294.957	130.813
23.383	296.272	222.556	390.008
23.393	295.998	389.535	222.017
23.403	297.077	390.143	117.419
23.413	293.665	390.166	117.250
23.423	117.277	391.995	296.597
23.433	117.895	297.077	391.995
23.443	116.541	296.974	390.865
23.453	117.474	297.128	382.512
23.463	117.820	300.529	391.995	780.241
23.473	117.895	298.108	782.860	390.684
23.483	117.895	297.214	783.131	235.246
23.493	117.895	296.871	783.991	235.083
23.503	117.895	296.751	783.991	234.934
23.513	117.555	296.854	783.674	234.920
23.523	116.541	296.648	782.046	235.178
23.533	116.541	296.409	784.489	234.730
23.543	116.541	296.289	785.623	234.812
23.553	117.060	296.100	785.169	234.568
23.563	116.541	295.861	785.895	234.337
23.573	116.541	295.639	783.312	234.351
23.583	295.742	116.541	780.872	234.148
23.593	295.520	117.000	780.106
23.603	295.400	116.541	779.701
23.613	295.468	116.541	779.746
23.623	295.468	116.541	779.115
23.633	295.366	116.541	778.081
23.643	295.264	116.541	779.160
23.653	295.417	116.541	779.791
23.663	295.417	116.541	780.602
23.673	295.434	116.554	781.640
23.683	295.434	116.548	782.407
23.693	295.229	234.337	116.541
23.703	294.906	234.595	116.541
23.713	295.964	233.999	116.541
23.723	295.195	233.959	116.541
23.733	294.821	233.689	112.571
23.743	295.742	233.324	111.278	392.018
23.753	295.093	233.878	110.000	392.086
23.763	295.042	233.270	112.571	392.381
23.773	295.981	233.621	111.278	392.607
23.783	294.616	234.013	111.207	391.995
23.793	295.656	234.107	391.995	111.278
23.803	295.229	234.419	391.995	110.823
23.813	234.378	294.906	391.995	110.000
23.823	233.905	295.724	110.000	391.995
23.833	233.783	112.272	294.786	391.995
23.843	233.405	112.298	294.855	392.154
23.853	233.905	110.000	295.537	391.995
23.863	234.216	111.278	295.212	392.970
23.873	111.278	234.798	295.502	392.675
23.883	111.278	234.961	295.229	393.948
23.893	111.021	235.396	294.769	392.766
23.903	112.571	235.722	295.212
23.913	112.571	235.790	295.502
23.923	111.278	236.923	787.304
23.933	111.278	238.530	437.087
23.943	111.278	236.226	437.794
23.953	111.137	429.950	115.202
23.963	429.950	110.000	115.202	261.626
23.973	436.179	110.000	261.626	115.202
23.983	443.752	261.626	110.868	115.469
23.993	445.113	261.626	110.765	115.455
24.003	445.113	261.626	522.406	110.612
24.013	445.190	261.626	522.556	98.675
24.023	445.344	261.626	522.677	98.658
24.033	445.910	261.626	99.017	522.798
24.043	444.291	261.626	99.138	522.466
24.053	444.856	261.626	98.555	523.433
24.063	446.039	261.626	97.999	523.009
24.073	445.370	261.626	98.470	523.251
24.083	446.426	98.123	261.626	523.251
24.093	446.709	97.999	261.626	311.127
24.103	446.942	99.138	261.626	311.073
24.113	445.138	98.367	261.626	311.127
24.123	434.946	98.328	261.626	311.091
24.133	446.580	97.999	261.626	311.109
24.143	447.769	99.138	261.626	311.127
24.153	446.477	97.999	261.626	311.127
24.163	446.839	97.999	261.626	311.127
24.173	446.245	261.626	98.157	311.127
24.183	445.164	261.626	311.127	97.999
24.193	444.984	311.127	261.626	97.999
24.203	442.805	311.127	261.626	97.999
24.213	442.319	261.626	311.127
24.223	441.579	261.626	311.127
24.233	440.712	261.626	311.145
24.243	441.808	261.626	311.145
24.253	442.805	261.626	311.127
24.263	443.752	261.626	311.127
24.273	445.807	261.626	311.217
24.283	261.626	447.123	311.163
24.293	261.626	445.113	311.163
24.303	261.626	444.060	311.127
24.313	261.626	443.906	311.307
24.323	261.626	443.726	311.127
24.333	261.626	448.131	311.127
24.343	261.626	445.113	94.661
24.353	442.728	261.626	93.573
24.363	440.000	261.626	94.633
24.373	440.000	261.626	93.741
24.383	440.000	262.019	93.573
24.393	440.000	93.573	262.140
24.403	440.000	93.514	262.261	311.127
24.413	93.573	441.834	261.626	310.965
24.423	93.573	441.834	262.686	310.947
24.433	93.347	261.626	442.344	311.127
24.443	93.573	264.666	445.113	311.127
24.453	90.386	264.666	445.113	311.127
24.463	93.573	262.837	441.375	309.943
24.473	93.573	261.626	441.808	88.322
24.483	93.573	262.382	441.681	88.322
24.493	261.626	94.661	440.000	87.853
24.503	262.716	93.573	440.000	87.307
24.513	264.666	93.487	440.000	187.147
24.523	262.504	93.525	186.392	440.967
24.533	262.322	93.573	187.233
24.543	263.065	187.147	93.644
24.553	261.626	389.918	188.351
24.563	261.762	389.940	98.646
24.573	385.952	261.626	97.999
24.583	391.995	98.641	261.414
24.593	391.995	98.635	258.621
24.603	391.995	96.873	261.173
24.613	99.138	389.603	523.765
24.623	100.289	387.493	523.705
24.633	100.289	391.407	523.765
24.643	98.510	389.940	523.251
24.653	97.999	523.584	389.895
24.663	97.999	524.128	389.805
24.673	97.999	523.251	389.715
24.683	97.999	523.523	389.153
24.693	97.999	523.251	388.951
24.703	97.999	523.251	389.873
24.713	97.999	523.765	389.333
24.723	97.999	523.433	389.310
24.733	97.999	523.251	389.243
24.743	97.999	523.251	389.805
24.753	97.954	524.280	388.636
24.763	97.564	524.522	389.513
24.773	97.999	526.708	388.838
24.783	97.999	524.734	389.873
24.793	97.999	527.104	193.032
24.803	97.999	523.402	192.686
24.813	97.999	192.998	525.007
24.823	97.999	192.675	292.869
24.833	95.761	293.665	192.931
24.843	95.761	235.722	293.665
24.853	97.999	235.695	290.292
24.863	97.999	235.790	293.122
24.873	97.999	235.790	293.275
24.883	97.999	235.790	293.427
24.893	235.790	97.999	293.580
24.903	235.790	97.767	294.395
24.913	235.518	97.829	294.497
24.923	235.572	97.999	293.936
24.933	234.378	97.942	294.089
24.943	235.790	97.999	393.129
24.953	235.164	97.999	392.993
24.963	234.866	97.897	293.970
24.973	235.368	97.999	294.208
24.983	234.568	97.999	294.208
24.993	235.002	97.660	294.344
25.003	234.839	97.999	294.344
25.013	234.608	97.508	294.344
25.023	234.974	96.873	294.548
25.033	234.635	97.479	294.055
25.043	235.232	97.491	294.140
25.053	235.790	96.873	294.872
25.063	235.790	95.761	295.008
25.073	235.749	97.999	295.127
25.083	235.790	97.999	297.077
25.093	96.873	236.828	295.264
25.103	99.138	235.790
25.113	99.138	237.705
25.123	98.515	235.790
25.133	97.999	236.254
25.143	98.874	236.295
25.153	99.138	221.645
25.163	98.601	221.658
25.173	221.671	369.930
25.183	220.000	369.909
25.193	222.556	369.994
25.203	222.556	369.994	295.793
25.213	221.006	369.994	297.077
25.223	222.556	369.994	295.383
25.233	222.556	369.994	295.759
25.243	369.354	221.121	295.400
25.253	369.695	221.351	295.673
25.263	369.888	221.838	295.451
25.273	369.994	221.966	295.605
25.283	368.885	221.786	295.571
25.293	369.695	221.671	295.537
25.303	368.800	221.645	295.588
25.313	368.544	221.620	295.434
25.323	369.119	221.786	295.417
25.333	369.994	222.004	295.434
25.343	369.653	222.158	295.383
25.353	369.994	221.773	147.768
25.363	369.994	221.390	147.982
25.373	369.952	221.825	147.283
25.383	369.994	222.107	147.606
25.393	369.994	222.556	147.598
25.403	369.994	221.889	148.007
25.413	369.994	147.828	221.453
25.423	369.994	147.760	221.966
25.433	369.845	146.832	222.376
25.443	369.994	146.832	522.677
25.453	369.994	148.247	525.068
25.463	369.994	146.071	523.251
25.473	369.994	148.538	523.251
25.483	369.994	148.538	525.948	789.353
25.493	369.994	149.961	526.373	790.722
25.503	369.994	150.264	527.652	786.486
25.513	369.994	150.264	528.537	789.079
25.523	370.144	146.832	528.079	792.276
25.533	369.994	145.146	528.201	789.718
25.543	369.994	149.408	527.286	790.448
25.553	369.994	148.538	526.617	790.905
25.563	369.994	525.644	791.179	148.538
25.573	370.337	525.189	788.715	148.538
25.583	369.994	524.613	788.760	148.538
25.593	370.101	524.189	789.216	148.538
25.603	370.016	524.098	784.399	148.221
25.613	370.872	524.280	787.213	148.418
25.623	370.444	523.251	784.806	147.905
25.633	371.129	523.251	785.487	148.538
25.643	370.379	523.342	784.444	148.538
25.653	523.251	371.258	786.894	149.433
25.663	523.402	365.745	786.985	148.616
25.673	523.251	371.472	148.538	785.850
25.683	523.553	370.444	148.538	785.714
25.693	523.493	148.538	785.441
25.703	524.189	148.659	783.991
25.713	524.855	148.538	784.942
25.723	526.191	148.538	784.444
25.733	527.134	149.356	787.713
25.743	528.354	148.839	789.125
25.753	148.839	783.719	529.331
25.763	783.221	147.598	526.647
25.773	778.036	149.028	74.269
25.783	777.946	149.158	74.269
25.793	779.971	150.264	74.643
25.803	392.041	782.182	74.721
25.813	391.995	244.232	786.531
25.823	391.995	244.105	781.775
25.833	391.995	244.105	781.369
25.843	391.995	244.105	781.053
25.853	392.607	244.105	780.963
25.863	391.995	244.105	780.918
25.873	244.105	391.995	780.827
25.883	244.557	391.995	781.820
25.893	245.179	391.068	99.040
25.903	246.144	387.493	98.983
25.913	245.264	387.493	99.138
25.923	244.105	390.436	99.138
25.933	244.105	99.138	391.995
25.943	243.598	99.138	390.933
25.953	242.279	99.138	390.414
25.963	242.139	99.138	389.423
25.973	242.994	97.999	390.391
25.983	244.105	97.999	296.254
25.993	244.105	97.999	296.460
26.003	97.999	244.529	296.409
26.013	97.999	245.789	296.597
26.023	97.999	245.264	296.391
26.033	97.999	245.448	296.357
26.043	97.999	244.712	296.323
26.053	98.197	244.105	296.306
26.063	97.999	244.105	296.272
26.073	97.999	244.741	296.443
26.083	97.999	244.105	296.203
26.093	97.682	245.151	296.152
26.103	95.761	244.105	296.049
26.113	97.999	245.548	196.508
26.123	96.873	244.529	195.998
26.133	97.999	245.803	196.542
26.143	97.999	245.009	196.440
26.153	97.999	245.732	196.769
26.163	97.999	245.193	196.837
26.173	97.999	245.619	196.803
26.183	97.999	244.854	196.610
26.193	97.999	245.675	196.531
26.203	97.999	244.910	196.462
26.213	97.999	245.718	196.553
26.223	97.999	244.825	196.565
26.233	245.448	97.999	196.156
26.243	244.712	97.999	195.998
26.253	245.236	97.999	195.839
26.263	244.995	97.999	195.681
26.273	245.548	96.873	195.998
26.283	245.505	97.999	193.746
26.293	245.945	97.999	195.444
26.303	245.519	97.999	295.349
26.313	246.244	97.999	295.247
26.323	245.307	98.038	295.247
26.333	246.002	97.999	295.383
26.343	245.208	99.138	295.349
26.353	245.803	97.999	295.400
26.363	245.123	97.999	295.502
26.373	245.633	97.999	295.417
26.383	245.534	97.999	295.588
26.393	245.846	97.999	295.520
26.403	245.675	98.050	295.400
26.413	246.144	97.999	295.400
26.423	246.158	97.999	295.366
26.433	246.258	96.873	295.366
26.443	245.038	97.654	295.281
26.453	245.803	96.873	295.383
26.463	244.840	96.873	295.264
26.473	245.732	98.470	295.400
26.483	245.846	97.142	295.315
26.493	246.173	97.999	295.298
26.503	246.585	97.999	295.537
26.513	246.685	97.999	295.554
26.523	246.514	97.999	295.485
26.533	246.315	97.999	295.537
26.543	97.999	245.661	295.588
26.553	97.999	245.874	295.537
26.563	97.999	244.910	295.707
26.573	97.999	245.534	788.532
26.583	97.999	245.024	787.122
26.593	97.999	245.619	784.444
26.603	97.999	245.604	783.674
26.613	97.999	245.860	780.692
26.623	246.059	98.453	779.205
26.633	246.002	97.008	782.001
26.643	245.661	97.999	777.497
26.653	245.718	97.999	778.755
26.663	245.137	97.999	780.422
26.673	245.505	97.999	295.690
26.683	244.783	97.999	295.690
26.693	245.732	97.999	295.707
26.703	245.193	99.138	295.776
26.713	246.002	98.322	295.571
26.723	245.746	295.742	98.345
26.733	246.215	295.588	98.379
26.743	245.860	295.742	99.138
26.753	246.059	99.138	295.520
26.763	245.038	97.999	295.673
26.773	245.746	97.999	295.554
26.783	244.684	97.999	295.400
26.793	245.562	97.999	295.298
26.803	245.165	97.999	295.417
26.813	245.661	97.999	295.485
26.823	245.590	98.589	295.485
26.833	97.999	245.789	295.468
26.843	97.999	245.817	390.978
26.853	97.999	245.775	390.730
26.863	97.999	245.363	391.181
26.873	97.999	245.690	391.385
26.883	97.999	245.363	391.588
26.893	98.174	245.832	295.451
26.903	97.999	245.123	295.434
26.913	98.823	245.832	295.434
26.923	99.138	245.193	295.366
26.933	99.138	245.746	295.247
26.943	99.138	245.193	295.537
26.953	98.464	245.846	295.417
26.963	97.999	245.448	196.701
26.973	97.999	245.704	196.587
26.983	97.999	245.420	196.815
26.993	97.999	245.888	196.735
27.003	97.999	245.108	778.261
27.013	97.412	245.903	778.575
27.023	97.999	245.732	392.517
27.033	97.999	246.030	392.585
27.043	97.999	245.931	391.204
27.053	97.999	245.903	392.766
27.063	97.999	245.832	392.879
27.073	97.999	245.789	393.129
27.083	97.999	245.732	392.970
27.093	99.138	245.817	394.335
27.103	99.138	245.959	393.061
27.113	99.138	245.832	392.925
27.123	99.138	245.775	392.653
27.133	99.138	246.201	392.335
27.143	99.138	246.286	391.860
27.153	246.543	98.294	391.339
27.163	246.244	97.999	197.031
27.173	246.528	98.214	390.278
27.183	246.087	97.999	389.918
27.193	246.258	97.999	389.108
27.203	245.988	97.530	389.783
27.213	246.130	97.999	390.121
27.223	245.562	97.999	389.850
27.233	245.945	97.999	390.188
27.243	245.066	98.005
27.253	246.045	97.999
27.263	245.250	97.999
27.273	245.746	97.999
27.283	246.372	97.999
27.293	245.832	97.999
27.303	245.974	97.999
27.313	245.931	98.106
27.323	246.229	99.138
27.333	246.045	97.999
27.343	97.999	245.675
27.353	97.999	246.030
27.363	97.999	245.576
27.373	97.999	246.557
27.383	96.873	245.903
27.393	97.999	246.557
27.403	96.873	246.258
27.413	97.999	246.414
27.423	97.999	246.614
27.433	99.138	246.628
27.443	97.999	246.942
27.453	246.942	97.999
27.463	247.541	97.999
27.473	247.670	97.999
27.483	247.370	97.999
27.493	246.942	99.138
27.503	246.813	99.138
27.513	246.942	98.567
27.523	246.642	97.999
27.533	246.942	97.999
27.543	246.500	98.197
27.553	246.942	98.157
27.563	247.227	98.112
27.573	246.999	97.999
27.583	247.570	97.999
27.593	247.127	97.615
27.603	247.427	97.999
27.613	247.084	97.999
27.623	246.885	97.999
27.633	246.386	97.999
27.643	246.343	97.999	196.826
27.653	246.315	97.999	196.917
27.663	246.343	97.999	196.928
27.673	246.942	98.288	196.349
27.683	246.942	99.138	197.008
27.693	246.942	99.138	197.053
27.703	247.527	99.138	197.452
27.713	247.871	97.999	197.213
27.723	247.914	97.999	196.883
27.733	247.928	97.999	196.849
27.743	248.257	97.999	196.792
27.753	247.914	98.038	195.941
27.763	248.343	96.873	196.746
27.773	248.171	97.999	196.803
27.783	247.942	97.999	196.883
27.793	248.832	97.999	196.985
27.803	247.871	97.999	197.088
27.813	249.076	97.999	197.179
27.823	247.885	97.999	197.247
27.833	248.961	97.999	196.871
27.843	248.171	97.999	197.361
27.853	97.999	249.364	197.486
27.863	97.999	248.659	197.863
27.873	99.138	248.832	197.464
27.883	99.138	248.573	197.543
27.893	97.999	248.645	197.099
27.903	97.999	246.942	197.418
27.913	97.999	247.999	197.418
27.923	97.999	248.128	197.429
27.933	97.999	247.899	781.414
27.943	99.138	246.942	779.160
27.953	96.873	246.942	780.602
27.963	99.138	248.157	780.286
27.973	99.138	247.942	778.306
27.983	99.138	247.928	779.611
27.993	97.999	247.441	779.746
28.003	97.999	247.570	394.152
28.013	97.999	247.227	394.152
28.023	97.999	247.627	394.175
28.033	97.999	247.284	393.152
28.043	97.999	246.942	394.699
28.053	247.642	98.549	394.266
28.063	247.684	99.138	395.224
28.073	248.157	97.999	394.289
28.083	248.186	97.999	195.805
28.093	248.702	97.999	195.636
28.103	248.559	97.999	196.792
28.113	248.487	97.999	195.353
28.123	246.942	99.138	195.998
28.133	248.100	96.873	195.207
28.143	246.942	98.350	193.746
28.153	246.942	99.138	193.746
28.163	246.942	99.138	193.746
28.173	246.942	98.044	195.523
28.183	246.942	97.999	195.760
28.193	247.427	97.999	195.998
28.203	247.813	99.138	196.633
28.213	248.171	99.138	197.578
28.223	248.487	99.138	196.428
28.233	248.401	97.999	197.532
28.243	97.999	248.315	196.917
28.253	99.138	248.286	197.167
28.263	99.138	248.057	196.383
28.273	97.999	247.885	197.418
28.283	99.138	247.513	197.167
28.293	97.999	246.942	197.361
28.303	97.999	247.856	197.145
28.313	97.999	247.842
28.323	97.999	248.688
28.333	96.873	248.229
28.343	96.873	248.789
28.353	97.999	248.128
28.363	97.999	248.358
28.373	97.999	247.856
28.383	97.999	247.570	197.475
28.393	99.138	247.470	197.361
28.403	99.138	247.470	788.851
28.413	99.138	247.985	788.806
28.423	99.138	248.028	789.718
28.433	99.138	248.530	789.581
28.443	99.138	248.430	789.307
28.453	99.138	248.932	787.986
28.463	99.138	248.387	787.850
28.473	99.138	248.444	786.622
28.483	247.885	97.999	786.122
28.493	247.999	97.999	785.532
28.503	246.942	99.138	784.852
28.513	248.071	99.138	779.430
28.523	248.214	99.138	780.106
28.533	248.128	99.138	783.493
28.543	248.057	97.999
28.553	247.727	97.999	784.217
28.563	247.756	97.999	295.383
28.573	247.570	98.544	296.511
28.583	247.742	97.999	295.212
28.593	248.071	98.572	296.563
28.603	248.071	98.595	296.580
28.613	246.942	99.138	788.077
28.623	248.143	99.138	788.943
28.633	246.942	99.138	787.122
28.643	247.813	99.138
28.653	248.014	97.999
28.663	247.899	97.999
28.673	247.914	97.999
28.683	247.928	99.138
28.693	248.057	99.138
28.703	248.014	99.138
28.713	248.186	99.138
28.723	248.171	99.269
28.733	248.100	98.498
28.743	247.942	97.999
28.753	247.871	97.999
28.763	248.071	97.999
28.773	247.942	97.999
28.783	247.942	97.999
28.793	247.756	97.999	197.145
28.803	247.799	97.999	196.837
28.813	246.942	99.138	196.837
28.823	247.413	98.470	198.711
28.833	247.670	98.515	195.998
28.843	247.384	98.549	195.998
28.853	247.727	99.138	195.998
28.863	247.785	99.138	196.587
28.873	247.742	99.138	780.331
28.883	247.627	97.999	781.730
28.893	247.584	99.138
28.903	247.484	97.999
28.913	247.456	97.801
28.923	247.113	97.999
28.933	246.942	97.999
28.943	97.999	246.942
28.953	247.341	98.698
28.963	246.942	99.138
28.973	246.942	99.138
28.983	247.227	99.040
28.993	247.985	99.138
29.003	247.885	99.138	395.064
29.013	248.171	99.138	394.859
29.023	246.942	97.999	393.720
29.033	247.928	99.138
29.043	247.756	391.995
29.053	247.914	297.094
29.063	247.956	297.077
29.073	248.071	297.077
29.083	248.100	297.077
29.093	248.214	297.008
29.103	248.659	297.077
29.113	248.702	297.060
29.123	249.134	296.991
29.133	248.846	297.077
29.143	248.961
29.153	248.717
29.163	248.645
29.173	248.631
29.183	248.559
29.193	248.932
29.203	249.119
29.213	248.817
29.223
29.233
29.243
29.253
29.263
29.273
29.283
29.293
29.303
29.313
29.323
